## Generated by ecm on 20-Apr-2014 00:23:51
%% stride=1 span=4096 scalemin=3 scalemax=8 nscales=6
0 0 11 5 0 
1 0 12 5 0 
2 0 13 5 0 1 
3 0 14 5 0 
4 0 15 5 0 3 
5 0 18 5 0 
6 1 13 5 0 
7 1 14 5 0 6 
8 1 15 5 0 7 
9 1 16 5 0 
10 1 17 5 0 9 
11 2 10 5 0 
12 2 11 5 0 11 
13 2 12 5 0 12 
14 3 16 5 0 
15 3 17 5 0 
16 3 18 5 0 15 
17 3 19 5 0 16 
18 4 10 5 0 
19 4 12 5 0 
20 5 11 5 0 
21 5 15 5 0 
22 5 16 5 0 21 
23 5 17 5 0 
24 6 11 5 0 
25 6 12 5 0 
26 6 13 5 0 25 
27 6 15 5 0 
28 6 18 5 0 
29 7 13 5 0 
30 7 14 5 0 29 
31 7 15 5 0 30 
32 7 16 5 0 
33 7 17 5 0 32 
34 8 10 5 0 
35 8 11 5 0 34 
36 8 12 5 0 35 
37 8 17 5 0 
38 8 18 5 0 37 
39 9 16 5 0 
40 9 17 5 0 
41 9 18 5 0 5 40 
42 9 19 5 0 41 
43 10 10 5 0 
44 10 12 5 0 
45 10 15 5 0 4 
46 10 16 5 0 45 
47 11 11 5 0 
48 11 12 5 0 
49 11 13 5 0 48 
50 11 15 5 0 4 
51 11 16 5 0 50 
52 11 17 5 0 10 
53 11 19 5 0 17 
54 12 12 5 0 
55 12 13 5 0 2 54 
56 12 14 5 0 7 
57 12 15 5 0 8 56 
58 12 18 5 0 16 
59 12 19 5 0 17 
60 13 13 5 0 2 6 
61 13 14 5 0 7 60 
62 13 16 5 0 14 
63 13 17 5 0 62 
64 14 10 5 0 
65 14 11 5 0 0 64 
66 14 12 5 0 65 
67 14 17 5 0 23 
68 14 18 5 0 28 67 
69 14 19 5 0 68 
70 15 10 5 0 
71 15 16 5 0 22 
72 15 18 5 0 28 
73 15 19 5 0 72 
74 16 10 5 0 
75 16 12 5 0 13 
76 16 15 5 0 27 
77 16 16 5 0 76 
78 16 17 5 0 33 
79 17 11 5 0 12 
80 17 12 5 0 19 
81 17 13 5 0 80 
82 17 15 5 0 31 
83 17 17 5 0 33 
84 17 18 5 0 38 41 
85 17 19 5 0 42 
86 18 13 5 0 26 29 
87 18 14 5 0 30 86 
88 18 15 5 0 87 
89 18 16 5 0 39 
90 18 17 5 0 89 
91 19 10 5 0 18 
92 19 11 5 0 20 24 91 
93 19 12 5 0 92 
94 19 16 5 0 39 
95 19 17 5 0 52 94 
96 19 18 5 0 95 
97 19 19 5 0 53 59 
98 19 20 5 0 97 
99 20 16 5 0 46 51 
100 20 17 5 0 52 
101 20 18 5 0 58 100 
102 20 19 5 0 101 
103 21 10 5 0 
104 21 12 5 0 36 
105 21 15 5 0 50 57 
106 21 16 5 0 105 
107 22 11 5 0 35 
108 22 12 5 0 44 
109 22 13 5 0 108 
110 22 15 5 0 57 
111 22 17 5 0 63 
112 22 18 5 0 68 
113 22 19 5 0 69 73 
114 23 13 5 0 49 55 
115 23 14 5 0 61 114 
116 23 15 5 0 115 
117 23 16 5 0 71 
118 23 17 5 0 117 
119 23 18 5 0 68 
120 24 10 5 0 43 
121 24 11 5 0 47 120 
122 24 12 5 0 121 
123 24 13 5 0 55 
124 24 14 5 0 61 123 
125 24 16 5 0 71 
126 24 17 5 0 125 
127 24 19 5 0 85 
128 24 20 5 0 127 
129 25 10 5 0 43 
130 25 11 5 0 47 129 
131 25 12 5 0 130 
132 25 16 5 0 77 
133 25 17 5 0 78 83 
134 25 18 5 0 84 133 
135 25 19 5 0 85 134 
136 25 20 5 0 135 
137 26 10 5 0 
138 26 12 5 0 66 
139 26 15 5 0 82 
140 26 16 5 0 139 
141 26 20 5 0 98 
142 27 11 5 0 65 
143 27 12 5 0 75 
144 27 13 5 0 143 
145 27 15 5 0 82 88 
146 27 16 5 0 145 
147 27 17 5 0 90 95 
148 27 18 5 0 96 101 
149 27 19 5 0 102 
150 27 20 5 0 98 
151 28 13 5 0 81 86 
152 28 14 5 0 87 151 
153 28 15 5 0 152 
154 28 16 5 0 99 
155 28 17 5 0 154 
156 28 18 5 0 101 
157 29 10 5 0 70 74 
158 29 11 5 0 79 157 
159 29 12 5 0 158 
160 29 16 5 0 99 
161 29 17 5 0 160 
162 29 19 5 0 113 
163 29 20 5 0 162 
164 30 16 5 0 106 
165 30 17 5 0 111 
166 30 18 5 0 112 119 165 
167 30 19 5 0 166 
168 31 10 5 0 
169 31 12 5 0 93 
170 31 15 5 0 110 
171 31 16 5 0 170 
172 31 17 5 0 118 126 
173 31 20 5 0 128 136 
174 32 11 5 0 92 
175 32 12 5 0 104 
176 32 13 5 0 175 
177 32 15 5 0 116 
178 32 17 5 0 126 
179 32 18 5 0 134 
180 32 19 5 0 135 
181 33 13 5 0 109 114 
182 33 14 5 0 115 124 181 
183 33 15 5 0 182 
184 33 16 5 0 132 
185 33 17 5 0 184 
186 33 20 5 0 141 150 
187 33 21 5 0 186 
188 34 10 5 0 103 
189 34 11 5 0 107 188 
190 34 12 5 0 189 
191 34 16 5 0 140 
192 34 17 5 0 147 
193 34 18 5 0 148 192 
194 34 19 5 0 149 193 
195 34 20 5 0 194 
196 35 10 5 0 
197 35 12 5 0 122 
198 35 16 5 0 140 146 
199 35 18 5 0 148 156 
200 35 19 5 0 199 
201 36 10 5 0 
202 36 11 5 0 121 
203 36 12 5 0 122 131 138 
204 36 13 5 0 203 
205 36 15 5 0 145 
206 36 16 5 0 205 
207 36 17 5 0 155 161 
208 36 19 5 0 167 
209 36 20 5 0 163 
210 37 11 5 0 121 130 
211 37 12 5 0 138 
212 37 13 5 0 144 151 211 
213 37 14 5 0 152 212 
214 37 15 5 0 153 213 
215 37 18 5 0 166 
216 37 19 5 0 167 
217 37 20 5 0 173 
218 37 21 5 0 217 
219 38 10 5 0 137 
220 38 11 5 0 142 219 
221 38 12 5 0 220 
222 38 13 5 0 151 
223 38 14 5 0 152 222 
224 38 16 5 0 164 
225 38 17 5 0 224 
226 38 19 5 0 180 
227 38 20 5 0 173 226 
228 38 21 5 0 227 
229 39 10 5 0 137 
230 39 11 5 0 142 229 
231 39 12 5 0 230 
232 39 16 5 0 171 
233 39 17 5 0 172 178 
234 39 18 5 0 179 233 
235 39 19 5 0 180 234 
236 39 20 5 0 235 
237 39 21 5 0 187 
238 40 10 5 0 
239 40 12 5 0 159 
240 40 15 5 0 177 
241 40 16 5 0 240 
242 40 17 5 0 185 
243 40 20 5 0 195 
244 41 11 5 0 158 
245 41 12 5 0 169 
246 41 13 5 0 176 245 
247 41 14 5 0 182 
248 41 15 5 0 183 247 
249 41 17 5 0 185 
250 41 18 5 0 193 
251 41 19 5 0 194 200 
252 42 13 5 0 176 181 
253 42 14 5 0 182 252 
254 42 15 5 0 253 
255 42 16 5 0 191 198 
256 42 17 5 0 255 
257 42 20 5 0 209 
258 42 21 5 0 257 
259 43 10 5 0 168 
260 43 11 5 0 174 259 
261 43 12 5 0 260 
262 43 16 5 0 206 
263 43 17 5 0 207 
264 43 18 5 0 215 263 
265 43 19 5 0 208 216 264 
266 43 20 5 0 265 
267 43 21 5 0 218 228 
268 44 10 5 0 
269 44 12 5 0 190 
270 44 15 5 0 214 
271 44 16 5 0 270 
272 44 17 5 0 225 
273 44 20 5 0 227 236 
274 44 21 5 0 237 
275 44 22 5 0 274 
276 45 11 5 0 189 
277 45 12 5 0 197 203 
278 45 13 5 0 277 
279 45 15 5 0 214 
280 45 17 5 0 225 
281 45 18 5 0 234 
282 45 19 5 0 235 
283 46 13 5 0 204 212 
284 46 14 5 0 213 223 283 
285 46 15 5 0 284 
286 46 16 5 0 232 
287 46 17 5 0 286 
288 46 20 5 0 243 
289 46 21 5 0 288 
290 47 10 5 0 196 201 
291 47 11 5 0 202 210 290 
292 47 12 5 0 291 
293 47 16 5 0 241 
294 47 17 5 0 242 249 
295 47 18 5 0 250 294 
296 47 19 5 0 251 295 
297 47 20 5 0 296 
298 47 21 5 0 258 
299 48 10 5 0 
300 48 12 5 0 221 231 
301 48 15 5 0 248 
302 48 16 5 0 301 
303 48 17 5 0 256 
304 48 20 5 0 266 
305 48 21 5 0 267 
306 48 22 5 0 305 
307 49 11 5 0 220 230 
308 49 12 5 0 239 
309 49 13 5 0 246 308 
310 49 14 5 0 253 
311 49 15 5 0 248 254 310 
312 49 17 5 0 256 
313 49 18 5 0 264 
314 49 19 5 0 265 
315 49 22 5 0 275 
316 50 10 5 0 238 
317 50 11 5 0 244 316 
318 50 12 5 0 317 
319 50 13 5 0 246 252 
320 50 14 5 0 253 319 
321 50 15 5 0 320 
322 50 16 5 0 262 
323 50 17 5 0 322 
324 50 19 5 0 282 
325 50 20 5 0 273 324 
326 50 21 5 0 325 
327 51 10 5 0 238 
328 51 11 5 0 244 327 
329 51 12 5 0 328 
330 51 16 5 0 271 
331 51 17 5 0 272 280 
332 51 18 5 0 281 331 
333 51 19 5 0 282 332 
334 51 20 5 0 333 
335 51 21 5 0 289 
336 52 10 5 0 
337 52 11 5 0 260 
338 52 12 5 0 261 
339 52 15 5 0 279 
340 52 16 5 0 339 
341 52 17 5 0 287 
342 52 20 5 0 297 
343 52 21 5 0 298 
344 52 22 5 0 343 
345 53 11 5 0 260 
346 53 12 5 0 269 
347 53 13 5 0 278 283 346 
348 53 14 5 0 284 347 
349 53 15 5 0 285 348 
350 53 16 5 0 293 
351 53 17 5 0 350 
352 53 18 5 0 295 
353 53 19 5 0 296 
354 53 20 5 0 304 
355 53 21 5 0 354 
356 53 22 5 0 306 
357 54 10 5 0 268 
358 54 11 5 0 276 357 
359 54 12 5 0 358 
360 54 13 5 0 283 
361 54 14 5 0 284 360 
362 54 16 5 0 293 
363 54 17 5 0 303 312 362 
364 54 18 5 0 363 
365 54 19 5 0 314 
366 54 20 5 0 365 
367 54 21 5 0 326 
368 54 22 5 0 315 
369 54 23 5 0 368 
370 55 10 5 0 
371 55 12 5 0 292 
372 55 15 5 0 311 
373 55 16 5 0 302 372 
374 55 17 5 0 312 
375 55 18 5 0 313 374 
376 55 19 5 0 375 
377 55 21 5 0 326 335 
378 55 22 5 0 377 
379 56 11 5 0 291 
380 56 12 5 0 292 300 
381 56 13 5 0 380 
382 56 15 5 0 311 321 
383 56 16 5 0 382 
384 56 17 5 0 323 
385 56 18 5 0 332 
386 56 19 5 0 333 
387 56 20 5 0 325 334 
388 56 21 5 0 335 
389 56 22 5 0 344 388 
390 57 13 5 0 309 319 
391 57 14 5 0 320 390 
392 57 15 5 0 391 
393 57 16 5 0 330 
394 57 17 5 0 393 
395 57 20 5 0 342 
396 57 21 5 0 395 
397 57 22 5 0 344 356 
398 57 23 5 0 397 
399 58 10 5 0 299 
400 58 11 5 0 307 399 
401 58 12 5 0 400 
402 58 16 5 0 340 
403 58 17 5 0 341 
404 58 18 5 0 352 403 
405 58 19 5 0 353 404 
406 58 20 5 0 405 
407 58 21 5 0 355 
408 58 23 5 0 369 
409 59 10 5 0 
410 59 11 5 0 317 
411 59 12 5 0 318 329 
412 59 15 5 0 349 
413 59 16 5 0 412 
414 59 17 5 0 351 363 
415 59 20 5 0 366 
416 59 21 5 0 367 377 
417 59 22 5 0 416 
418 60 11 5 0 317 328 
419 60 12 5 0 338 
420 60 13 5 0 347 419 
421 60 14 5 0 348 361 420 
422 60 15 5 0 349 421 
423 60 16 5 0 373 
424 60 17 5 0 423 
425 60 18 5 0 364 375 
426 60 19 5 0 376 
427 60 20 5 0 387 
428 60 21 5 0 427 
429 60 22 5 0 378 389 
430 60 23 5 0 429 
431 61 10 5 0 336 
432 61 11 5 0 337 345 431 
433 61 12 5 0 432 
434 61 13 5 0 347 
435 61 14 5 0 361 434 
436 61 16 5 0 373 383 
437 61 17 5 0 384 436 
438 61 18 5 0 385 437 
439 61 19 5 0 386 438 
440 61 20 5 0 439 
441 61 21 5 0 396 
442 61 22 5 0 389 397 
443 61 23 5 0 398 442 
444 62 10 5 0 
445 62 12 5 0 359 
446 62 15 5 0 382 
447 62 16 5 0 383 446 
448 62 17 5 0 394 
449 62 18 5 0 385 
450 62 19 5 0 449 
451 62 20 5 0 406 
452 62 21 5 0 407 
453 62 22 5 0 452 
454 62 23 5 0 408 
455 62 24 5 0 454 
456 63 11 5 0 358 
457 63 12 5 0 371 380 
458 63 13 5 0 381 390 457 
459 63 14 5 0 391 458 
460 63 15 5 0 392 459 
461 63 17 5 0 394 
462 63 18 5 0 404 
463 63 19 5 0 405 
464 63 20 5 0 415 
465 63 21 5 0 464 
466 63 22 5 0 417 
467 64 10 5 0 370 
468 64 11 5 0 379 467 
469 64 12 5 0 468 
470 64 13 5 0 390 
471 64 14 5 0 391 470 
472 64 16 5 0 402 413 
473 64 17 5 0 414 472 
474 64 18 5 0 425 473 
475 64 19 5 0 426 474 
476 64 20 5 0 415 475 
477 64 21 5 0 428 476 
478 64 22 5 0 429 
479 64 23 5 0 430 443 478 
480 65 10 5 0 
481 65 12 5 0 401 
482 65 15 5 0 422 
483 65 16 5 0 413 482 
484 65 17 5 0 414 
485 65 18 5 0 425 484 
486 65 19 5 0 485 
487 65 20 5 0 440 
488 65 21 5 0 428 441 
489 65 22 5 0 488 
490 65 23 5 0 443 
491 65 24 5 0 455 490 
492 66 11 5 0 400 
493 66 12 5 0 411 
494 66 13 5 0 420 493 
495 66 14 5 0 421 
496 66 15 5 0 422 495 
497 66 16 5 0 496 
498 66 17 5 0 424 437 
499 66 18 5 0 438 
500 66 19 5 0 439 450 
501 66 20 5 0 440 451 
502 66 21 5 0 501 
503 66 22 5 0 453 
504 66 24 5 0 455 
505 67 10 5 0 409 
506 67 11 5 0 410 418 505 
507 67 12 5 0 506 
508 67 13 5 0 420 
509 67 14 5 0 421 435 508 
510 67 15 5 0 509 
511 67 16 5 0 436 447 
512 67 17 5 0 448 461 511 
513 67 18 5 0 462 512 
514 67 19 5 0 463 513 
515 67 20 5 0 451 514 
516 67 21 5 0 465 515 
517 67 22 5 0 466 
518 67 23 5 0 479 517 
519 68 10 5 0 
520 68 12 5 0 433 
521 68 15 5 0 460 
522 68 16 5 0 447 521 
523 68 17 5 0 461 473 
524 68 18 5 0 462 523 
525 68 19 5 0 524 
526 68 20 5 0 476 
527 68 21 5 0 477 488 
528 68 22 5 0 527 
529 68 23 5 0 479 490 
530 68 24 5 0 491 529 
531 69 11 5 0 432 
532 69 12 5 0 445 
533 69 13 5 0 458 532 
534 69 14 5 0 459 471 533 
535 69 15 5 0 460 534 
536 69 16 5 0 472 
537 69 17 5 0 473 536 
538 69 18 5 0 474 485 
539 69 19 5 0 475 486 
540 69 20 5 0 476 487 501 
541 69 21 5 0 540 
542 69 22 5 0 489 
543 69 24 5 0 491 504 
544 69 25 5 0 543 
545 70 10 5 0 444 
546 70 11 5 0 456 545 
547 70 12 5 0 546 
548 70 13 5 0 458 
549 70 14 5 0 471 548 
550 70 16 5 0 483 
551 70 17 5 0 498 550 
552 70 18 5 0 499 551 
553 70 19 5 0 500 552 
554 70 20 5 0 501 553 
555 70 21 5 0 502 516 554 
556 70 22 5 0 503 
557 70 23 5 0 518 556 
558 71 10 5 0 
559 71 11 5 0 468 
560 71 12 5 0 469 
561 71 15 5 0 496 
562 71 16 5 0 483 497 561 
563 71 17 5 0 512 
564 71 18 5 0 499 
565 71 19 5 0 564 
566 71 20 5 0 515 
567 71 21 5 0 516 527 
568 71 22 5 0 567 
569 71 23 5 0 518 529 
570 71 24 5 0 530 569 
571 71 25 5 0 570 
572 72 11 5 0 468 
573 72 12 5 0 481 
574 72 13 5 0 494 508 573 
575 72 14 5 0 495 509 574 
576 72 15 5 0 496 510 575 
577 72 16 5 0 511 522 
578 72 17 5 0 512 577 
579 72 18 5 0 513 524 
580 72 19 5 0 514 525 
581 72 20 5 0 526 540 
582 72 21 5 0 581 
583 72 22 5 0 528 542 
584 72 23 5 0 583 
585 72 24 5 0 530 543 
586 72 25 5 0 544 585 
587 73 10 5 0 480 
588 73 11 5 0 492 587 
589 73 12 5 0 588 
590 73 16 5 0 522 
591 73 17 5 0 523 537 
592 73 18 5 0 538 591 
593 73 19 5 0 539 592 
594 73 20 5 0 593 
595 73 21 5 0 541 555 
596 73 22 5 0 542 
597 73 23 5 0 557 596 
598 73 24 5 0 597 
599 74 10 5 0 
600 74 11 5 0 506 
601 74 12 5 0 507 520 
602 74 13 5 0 601 
603 74 15 5 0 535 
604 74 16 5 0 603 
605 74 17 5 0 537 551 
606 74 18 5 0 552 
607 74 19 5 0 553 565 
608 74 20 5 0 554 
609 74 21 5 0 555 
610 74 22 5 0 568 609 
611 74 23 5 0 557 
612 74 24 5 0 570 611 
613 74 25 5 0 571 586 612 
614 75 10 5 0 519 
615 75 11 5 0 531 614 
616 75 12 5 0 615 
617 75 13 5 0 533 
618 75 14 5 0 534 549 617 
619 75 15 5 0 535 618 
620 75 16 5 0 550 562 
621 75 17 5 0 563 620 
622 75 18 5 0 552 621 
623 75 19 5 0 580 
624 75 20 5 0 566 623 
625 75 21 5 0 624 
626 75 22 5 0 568 583 
627 75 23 5 0 626 
628 75 25 5 0 586 
629 75 26 5 0 628 
630 76 10 5 0 519 
631 76 11 5 0 531 630 
632 76 12 5 0 547 631 
633 76 15 5 0 576 
634 76 16 5 0 562 633 
635 76 17 5 0 563 578 
636 76 18 5 0 579 635 
637 76 19 5 0 580 636 
638 76 20 5 0 594 637 
639 76 21 5 0 582 595 
640 76 22 5 0 639 
641 76 23 5 0 584 597 
642 76 24 5 0 598 612 641 
643 77 11 5 0 546 
644 77 12 5 0 560 
645 77 13 5 0 574 644 
646 77 14 5 0 575 645 
647 77 15 5 0 576 646 
648 77 16 5 0 590 647 
649 77 17 5 0 578 648 
650 77 18 5 0 592 
651 77 19 5 0 593 
652 77 20 5 0 594 608 
653 77 21 5 0 595 652 
654 77 22 5 0 610 653 
655 77 23 5 0 654 
656 77 24 5 0 612 
657 77 25 5 0 613 628 656 
658 77 26 5 0 629 657 
659 78 10 5 0 558 
660 78 11 5 0 559 572 659 
661 78 12 5 0 660 
662 78 13 5 0 574 
663 78 14 5 0 575 662 
664 78 16 5 0 590 604 
665 78 17 5 0 605 664 
666 78 18 5 0 606 622 665 
667 78 19 5 0 607 666 
668 78 20 5 0 667 
669 78 21 5 0 625 
670 78 22 5 0 610 626 
671 78 23 5 0 627 641 670 
672 78 24 5 0 671 
673 78 26 5 0 629 
674 79 10 5 0 
675 79 11 5 0 588 
676 79 12 5 0 589 601 
677 79 13 5 0 676 
678 79 15 5 0 603 619 
679 79 16 5 0 678 
680 79 17 5 0 621 
681 79 18 5 0 622 636 
682 79 19 5 0 637 
683 79 20 5 0 624 638 
684 79 21 5 0 639 
685 79 22 5 0 640 684 
686 79 23 5 0 641 
687 79 24 5 0 642 656 686 
688 79 25 5 0 657 687 
689 80 10 5 0 599 
690 80 11 5 0 600 689 
691 80 12 5 0 690 
692 80 13 5 0 602 617 
693 80 14 5 0 618 692 
694 80 15 5 0 693 
695 80 16 5 0 634 
696 80 17 5 0 635 649 695 
697 80 18 5 0 636 650 696 
698 80 19 5 0 651 697 
699 80 20 5 0 638 652 698 
700 80 21 5 0 653 699 
701 80 22 5 0 640 654 
702 80 23 5 0 655 671 701 
703 80 25 5 0 657 
704 80 26 5 0 658 673 703 
705 80 27 5 0 704 
706 81 10 5 0 
707 81 11 5 0 615 
708 81 12 5 0 616 632 
709 81 13 5 0 708 
710 81 15 5 0 647 
711 81 16 5 0 634 648 710 
712 81 17 5 0 649 665 
713 81 18 5 0 650 712 
714 81 19 5 0 667 713 
715 81 20 5 0 668 
716 81 21 5 0 653 669 
717 81 22 5 0 716 
718 81 23 5 0 671 
719 81 24 5 0 672 687 718 
720 81 25 5 0 719 
721 82 10 5 0 630 
722 82 11 5 0 615 631 643 721 
723 82 12 5 0 632 722 
724 82 13 5 0 645 723 
725 82 14 5 0 646 663 724 
726 82 15 5 0 647 725 
727 82 16 5 0 664 
728 82 17 5 0 727 
729 82 18 5 0 666 
730 82 19 5 0 667 682 
731 82 20 5 0 683 730 
732 82 21 5 0 731 
733 82 22 5 0 685 701 
734 82 23 5 0 733 
735 82 24 5 0 687 
736 82 25 5 0 688 703 735 
737 82 26 5 0 704 736 
738 82 27 5 0 705 737 
739 83 10 5 0 630 
740 83 11 5 0 643 739 
741 83 12 5 0 661 740 
742 83 15 5 0 678 
743 83 16 5 0 679 742 
744 83 17 5 0 680 696 
745 83 18 5 0 681 697 744 
746 83 19 5 0 682 745 
747 83 20 5 0 699 746 
748 83 21 5 0 700 716 
749 83 22 5 0 748 
750 83 23 5 0 702 718 
751 83 24 5 0 719 750 
752 84 11 5 0 660 
753 84 12 5 0 676 
754 84 13 5 0 677 692 753 
755 84 14 5 0 693 754 
756 84 15 5 0 678 694 755 
757 84 16 5 0 695 711 756 
758 84 17 5 0 696 757 
759 84 18 5 0 697 713 
760 84 19 5 0 698 714 
761 84 20 5 0 699 715 
762 84 21 5 0 761 
763 84 22 5 0 717 733 
764 84 23 5 0 763 
765 84 24 5 0 719 
766 84 25 5 0 720 736 765 
767 84 26 5 0 737 766 
768 84 27 5 0 738 767 
769 84 28 5 0 768 
770 85 10 5 0 674 
771 85 11 5 0 675 770 
772 85 12 5 0 691 771 
773 85 15 5 0 726 
774 85 16 5 0 711 773 
775 85 17 5 0 712 
776 85 18 5 0 729 775 
777 85 19 5 0 714 730 776 
778 85 20 5 0 731 747 777 
779 85 21 5 0 732 748 
780 85 22 5 0 733 779 
781 85 23 5 0 734 750 780 
782 85 24 5 0 751 781 
783 85 26 5 0 737 
784 85 27 5 0 738 783 
785 85 28 5 0 784 
786 86 11 5 0 690 
787 86 12 5 0 708 
788 86 13 5 0 709 724 787 
789 86 14 5 0 725 788 
790 86 15 5 0 726 789 
791 86 16 5 0 743 790 
792 86 17 5 0 728 791 
793 86 18 5 0 745 
794 86 19 5 0 746 
795 86 20 5 0 747 761 
796 86 21 5 0 748 795 
797 86 22 5 0 749 763 796 
798 86 23 5 0 797 
799 86 24 5 0 751 765 
800 86 25 5 0 766 799 
801 86 26 5 0 767 800 
802 86 27 5 0 768 801 
803 86 28 5 0 769 802 
804 87 10 5 0 706 
805 87 11 5 0 707 722 804 
806 87 12 5 0 723 741 805 
807 87 15 5 0 756 
808 87 16 5 0 743 757 807 
809 87 17 5 0 744 758 808 
810 87 18 5 0 759 809 
811 87 19 5 0 760 810 
812 87 20 5 0 778 811 
813 87 21 5 0 762 779 
814 87 22 5 0 763 813 
815 87 23 5 0 764 781 814 
816 87 24 5 0 782 815 
817 87 26 5 0 767 
818 87 27 5 0 768 784 817 
819 87 28 5 0 769 785 818 
820 88 11 5 0 722 740 
821 88 12 5 0 741 
822 88 13 5 0 754 821 
823 88 14 5 0 755 822 
824 88 15 5 0 756 823 
825 88 16 5 0 774 824 
826 88 17 5 0 758 825 
827 88 18 5 0 776 
828 88 19 5 0 777 
829 88 20 5 0 778 795 
830 88 21 5 0 779 829 
831 88 22 5 0 780 797 830 
832 88 23 5 0 831 
833 88 24 5 0 782 799 
834 88 25 5 0 800 833 
835 88 26 5 0 801 834 
836 88 27 5 0 802 818 835 
837 88 28 5 0 803 819 836 
838 88 29 5 0 837 
839 89 10 5 0 739 
840 89 11 5 0 752 839 
841 89 12 5 0 772 840 
842 89 15 5 0 790 
843 89 16 5 0 774 791 842 
844 89 17 5 0 792 
845 89 18 5 0 793 844 
846 89 19 5 0 794 845 
847 89 20 5 0 812 846 
848 89 21 5 0 796 813 
849 89 22 5 0 797 848 
850 89 23 5 0 798 815 849 
851 89 24 5 0 816 850 
852 89 26 5 0 801 
853 89 27 5 0 802 818 852 
854 89 28 5 0 819 853 
855 89 29 5 0 854 
856 90 10 5 0 770 
857 90 11 5 0 771 786 856 
858 90 12 5 0 772 857 
859 90 13 5 0 788 858 
860 90 14 5 0 789 859 
861 90 15 5 0 790 860 
862 90 16 5 0 808 861 
863 90 17 5 0 792 809 862 
864 90 18 5 0 810 
865 90 19 5 0 811 828 
866 90 20 5 0 812 829 865 
867 90 21 5 0 813 866 
868 90 22 5 0 814 831 867 
869 90 23 5 0 868 
870 90 24 5 0 816 833 
871 90 25 5 0 834 870 
872 90 26 5 0 835 871 
873 90 27 5 0 836 853 872 
874 90 28 5 0 837 854 873 
875 90 29 5 0 838 855 874 
876 91 10 5 0 770 
877 91 11 5 0 786 805 876 
878 91 12 5 0 806 877 
879 91 13 5 0 878 
880 91 15 5 0 824 
881 91 16 5 0 808 825 880 
882 91 17 5 0 826 
883 91 18 5 0 827 882 
884 91 19 5 0 828 846 883 
885 91 20 5 0 847 884 
886 91 21 5 0 830 848 
887 91 22 5 0 886 
888 91 23 5 0 832 850 
889 91 24 5 0 851 888 
890 91 25 5 0 889 
891 92 10 5 0 804 
892 92 11 5 0 805 820 891 
893 92 12 5 0 806 821 892 
894 92 13 5 0 822 893 
895 92 14 5 0 823 894 
896 92 15 5 0 824 895 
897 92 16 5 0 843 
898 92 17 5 0 826 844 863 897 
899 92 18 5 0 845 864 898 
900 92 19 5 0 846 865 899 
901 92 20 5 0 847 866 900 
902 92 21 5 0 867 901 
903 92 22 5 0 849 868 
904 92 23 5 0 869 903 
905 92 24 5 0 851 870 
906 92 25 5 0 871 905 
907 92 26 5 0 872 906 
908 92 27 5 0 873 907 
909 92 28 5 0 874 908 
910 92 29 5 0 875 909 
911 92 30 5 0 910 
912 93 10 5 0 
913 93 11 5 0 840 
914 93 12 5 0 841 
915 93 13 5 0 859 914 
916 93 14 5 0 860 
917 93 15 5 0 861 916 
918 93 16 5 0 843 862 917 
919 93 17 5 0 863 
920 93 18 5 0 864 883 919 
921 93 19 5 0 884 920 
922 93 20 5 0 866 885 
923 93 21 5 0 867 886 922 
924 93 22 5 0 887 923 
925 93 23 5 0 869 888 
926 93 24 5 0 889 925 
927 93 25 5 0 890 906 926 
928 93 26 5 0 927 
929 93 29 5 0 910 
930 93 30 5 0 911 929 
931 94 10 5 0 839 
932 94 11 5 0 857 931 
933 94 12 5 0 858 932 
934 94 13 5 0 859 
935 94 14 5 0 860 934 
936 94 15 5 0 935 
937 94 16 5 0 881 
938 94 17 5 0 882 898 937 
939 94 18 5 0 899 938 
940 94 19 5 0 884 900 939 
941 94 20 5 0 885 940 
942 94 21 5 0 902 941 
943 94 22 5 0 887 903 942 
944 94 23 5 0 904 925 943 
945 94 24 5 0 944 
946 94 25 5 0 906 
947 94 26 5 0 907 946 
948 94 27 5 0 908 947 
949 94 28 5 0 909 948 
950 94 29 5 0 910 949 
951 94 30 5 0 911 950 
952 95 10 5 0 876 
953 95 11 5 0 857 877 952 
954 95 12 5 0 878 953 
955 95 13 5 0 879 894 954 
956 95 14 5 0 895 955 
957 95 15 5 0 880 896 956 
958 95 16 5 0 897 918 957 
959 95 17 5 0 898 958 
960 95 18 5 0 899 920 
961 95 19 5 0 900 921 
962 95 20 5 0 901 922 961 
963 95 21 5 0 902 923 962 
964 95 22 5 0 924 963 
965 95 23 5 0 925 964 
966 95 24 5 0 926 965 
967 95 25 5 0 927 946 966 
968 95 26 5 0 928 947 967 
969 95 27 5 0 948 968 
970 95 28 5 0 949 969 
971 95 29 5 0 950 970 
972 95 30 5 0 930 951 971 
973 95 31 5 0 972 
974 96 10 5 0 876 
975 96 11 5 0 877 892 974 
976 96 12 5 0 893 914 975 
977 96 13 5 0 976 
978 96 15 5 0 917 936 
979 96 16 5 0 918 978 
980 96 17 5 0 919 938 
981 96 18 5 0 920 939 980 
982 96 19 5 0 921 940 981 
983 96 20 5 0 941 982 
984 96 21 5 0 923 942 
985 96 22 5 0 943 964 984 
986 96 23 5 0 944 985 
987 96 24 5 0 945 966 986 
988 96 25 5 0 967 987 
989 96 26 5 0 947 
990 96 27 5 0 948 989 
991 96 28 5 0 949 990 
992 96 29 5 0 991 
993 96 30 5 0 972 
994 96 31 5 0 973 993 
995 97 10 5 0 912 
996 97 11 5 0 892 913 995 
997 97 12 5 0 914 933 996 
998 97 13 5 0 915 934 997 
999 97 14 5 0 935 998 
1000 97 15 5 0 936 999 
1001 97 16 5 0 937 958 
1002 97 17 5 0 959 1001 
1003 97 18 5 0 939 960 1002 
1004 97 19 5 0 940 961 1003 
1005 97 20 5 0 962 1004 
1006 97 21 5 0 963 1005 
1007 97 22 5 0 964 
1008 97 23 5 0 965 986 1007 
1009 97 24 5 0 966 1008 
1010 97 25 5 0 967 1009 
1011 97 26 5 0 968 1010 
1012 97 27 5 0 969 990 1011 
1013 97 28 5 0 970 991 1012 
1014 97 29 5 0 971 992 1013 
1015 97 30 5 0 972 1014 
1016 97 31 5 0 1015 
1017 98 10 5 0 931 
1018 98 11 5 0 932 953 1017 
1019 98 12 5 0 933 954 1018 
1020 98 13 5 0 955 1019 
1021 98 14 5 0 956 1020 
1022 98 15 5 0 957 1021 
1023 98 16 5 0 979 1022 
1024 98 17 5 0 959 1023 
1025 98 18 5 0 981 
1026 98 19 5 0 982 
1027 98 20 5 0 962 983 1026 
1028 98 21 5 0 984 1027 
1029 98 22 5 0 985 1007 1028 
1030 98 23 5 0 986 1029 
1031 98 24 5 0 987 1030 
1032 98 25 5 0 988 1010 1031 
1033 98 26 5 0 1011 1032 
1034 98 27 5 0 1012 1033 
1035 98 28 5 0 1013 1034 
1036 98 29 5 0 1014 1035 
1037 98 30 5 0 1015 1036 
1038 98 31 5 0 994 1016 1037 
1039 98 32 5 0 1038 
1040 99 10 5 0 931 952 
1041 99 11 5 0 953 975 1040 
1042 99 12 5 0 954 976 1041 
1043 99 13 5 0 977 1042 
1044 99 14 5 0 999 
1045 99 15 5 0 978 1000 1044 
1046 99 16 5 0 979 1045 
1047 99 17 5 0 980 1002 
1048 99 18 5 0 981 1003 1047 
1049 99 19 5 0 982 1004 1048 
1050 99 20 5 0 1005 1049 
1051 99 21 5 0 1006 
1052 99 22 5 0 1007 1029 1051 
1053 99 23 5 0 1008 1052 
1054 99 24 5 0 1009 1031 1053 
1055 99 25 5 0 1032 1054 
1056 99 26 5 0 1011 
1057 99 27 5 0 1012 1056 
1058 99 28 5 0 1013 1057 
1059 99 29 5 0 1058 
1060 99 30 5 0 1037 
1061 99 31 5 0 1038 1060 
1062 99 32 5 0 1039 1061 
1063 100 10 5 0 974 
1064 100 11 5 0 975 996 1063 
1065 100 12 5 0 976 997 1064 
1066 100 13 5 0 977 998 1065 
1067 100 14 5 0 999 1066 
1068 100 15 5 0 1000 1022 1067 
1069 100 16 5 0 1001 1023 1068 
1070 100 17 5 0 1024 1069 
1071 100 18 5 0 1003 1025 1070 
1072 100 19 5 0 1004 1026 1071 
1073 100 20 5 0 1027 1050 1072 
1074 100 21 5 0 1028 1051 1073 
1075 100 22 5 0 1029 1074 
1076 100 23 5 0 1030 1053 1075 
1077 100 24 5 0 1054 1076 
1078 100 25 5 0 1032 
1079 100 26 5 0 1033 1078 
1080 100 27 5 0 1034 1057 1079 
1081 100 28 5 0 1035 1058 1080 
1082 100 29 5 0 1036 1059 1081 
1083 100 30 5 0 1037 1082 
1084 100 31 5 0 1061 1083 
1085 100 32 5 0 1062 1084 
1086 100 33 5 0 1085 
1087 101 10 5 0 995 1017 
1088 101 11 5 0 996 1018 1087 
1089 101 12 5 0 997 1019 1088 
1090 101 13 5 0 1020 1089 
1091 101 14 5 0 1021 1090 
1092 101 15 5 0 1022 1091 
1093 101 16 5 0 1046 1092 
1094 101 17 5 0 1024 1047 1093 
1095 101 18 5 0 1048 1094 
1096 101 19 5 0 1049 1072 1095 
1097 101 20 5 0 1050 1096 
1098 101 21 5 0 1051 1074 1097 
1099 101 22 5 0 1052 1075 1098 
1100 101 23 5 0 1076 1099 
1101 101 24 5 0 1054 
1102 101 25 5 0 1055 1078 1101 
1103 101 26 5 0 1079 1102 
1104 101 27 5 0 1080 1103 
1105 101 28 5 0 1081 1104 
1106 101 29 5 0 1082 1105 
1107 101 30 5 0 1060 1083 1106 
1108 101 31 5 0 1061 1084 1107 
1109 101 32 5 0 1085 1108 
1110 101 33 5 0 1086 1109 
1111 102 10 5 0 1040 
1112 102 11 5 0 1018 1041 1111 
1113 102 12 5 0 1019 1042 1112 
1114 102 13 5 0 1043 1066 1113 
1115 102 14 5 0 1067 1114 
1116 102 15 5 0 1045 1068 1115 
1117 102 16 5 0 1046 1069 1116 
1118 102 17 5 0 1070 1117 
1119 102 18 5 0 1048 1071 
1120 102 19 5 0 1072 1096 1119 
1121 102 20 5 0 1073 1097 1120 
1122 102 21 5 0 1074 1121 
1123 102 22 5 0 1075 1099 1122 
1124 102 23 5 0 1076 1123 
1125 102 24 5 0 1077 1101 1124 
1126 102 25 5 0 1102 1125 
1127 102 26 5 0 1103 1126 
1128 102 27 5 0 1104 1127 
1129 102 28 5 0 1105 1128 
1130 102 29 5 0 1106 1129 
1131 102 30 5 0 1107 1130 
1132 102 31 5 0 1084 1108 1131 
1133 102 32 5 0 1085 1109 1132 
1134 102 33 5 0 1110 1133 
1135 102 34 5 0 1134 
1136 103 10 5 0 1040 
1137 103 11 5 0 1041 1064 1136 
1138 103 12 5 0 1065 1089 1137 
1139 103 13 5 0 1090 1138 
1140 103 14 5 0 1091 1139 
1141 103 15 5 0 1092 1140 
1142 103 16 5 0 1069 1093 1141 
1143 103 17 5 0 1070 1094 1142 
1144 103 18 5 0 1095 1143 
1145 103 19 5 0 1096 1120 1144 
1146 103 20 5 0 1097 1121 1145 
1147 103 21 5 0 1098 1122 1146 
1148 103 22 5 0 1099 1123 1147 
1149 103 23 5 0 1100 1124 1148 
1150 103 24 5 0 1125 1149 
1151 103 25 5 0 1126 1150 
1152 103 26 5 0 1103 1127 1151 
1153 103 27 5 0 1104 1128 1152 
1154 103 28 5 0 1105 1129 1153 
1155 103 29 5 0 1130 1154 
1156 103 30 5 0 1131 1155 
1157 103 31 5 0 1132 1156 
1158 103 32 5 0 1109 1133 1157 
1159 103 33 5 0 1110 1134 1158 
1160 103 34 5 0 1135 1159 
1161 104 10 5 0 1063 1087 
1162 104 11 5 0 1088 1161 
1163 104 12 5 0 1089 1113 1162 
1164 104 13 5 0 1090 1114 1163 
1165 104 14 5 0 1091 1115 1164 
1166 104 15 5 0 1116 1165 
1167 104 16 5 0 1093 1117 1166 
1168 104 17 5 0 1118 1167 
1169 104 18 5 0 1119 1144 1168 
1170 104 19 5 0 1120 1145 1169 
1171 104 20 5 0 1121 1146 1170 
1172 104 21 5 0 1122 1147 1171 
1173 104 22 5 0 1123 1148 1172 
1174 104 23 5 0 1124 1149 1173 
1175 104 24 5 0 1150 1174 
1176 104 25 5 0 1126 1151 1175 
1177 104 26 5 0 1127 1176 
1178 104 27 5 0 1128 1153 1177 
1179 104 28 5 0 1129 1154 1178 
1180 104 29 5 0 1130 1155 1179 
1181 104 30 5 0 1156 1180 
1182 104 31 5 0 1157 1181 
1183 104 32 5 0 1158 1182 
1184 104 33 5 0 1159 1183 
1185 104 34 5 0 1160 1184 
1186 104 35 5 0 1185 
1187 105 10 5 0 1111 
1188 105 11 5 0 1088 1112 1137 1187 
1189 105 12 5 0 1113 1138 1188 
1190 105 13 5 0 1114 1189 
1191 105 14 5 0 1115 1190 
1192 105 15 5 0 1116 1141 1191 
1193 105 16 5 0 1142 1192 
1194 105 17 5 0 1143 1168 1193 
1195 105 18 5 0 1144 1169 1194 
1196 105 19 5 0 1145 1170 1195 
1197 105 20 5 0 1146 1171 1196 
1198 105 21 5 0 1147 1172 1197 
1199 105 22 5 0 1148 1173 1198 
1200 105 23 5 0 1149 1174 1199 
1201 105 24 5 0 1150 1175 1200 
1202 105 25 5 0 1151 1176 1201 
1203 105 26 5 0 1152 1177 1202 
1204 105 27 5 0 1153 1178 1203 
1205 105 28 5 0 1154 1179 1204 
1206 105 29 5 0 1155 1180 1205 
1207 105 30 5 0 1156 1181 1206 
1208 105 31 5 0 1182 1207 
1209 105 32 5 0 1183 1208 
1210 105 33 5 0 1184 1209 
1211 105 34 5 0 1185 1210 
1212 105 35 5 0 1186 1211 
1213 106 10 5 0 1136 
1214 106 11 5 0 1137 1162 1213 
1215 106 12 5 0 1138 1163 1214 
1216 106 13 5 0 1139 1164 1215 
1217 106 14 5 0 1140 1165 1216 
1218 106 15 5 0 1141 1166 1192 1217 
1219 106 16 5 0 1167 1218 
1220 106 17 5 0 1168 1194 1219 
1221 106 18 5 0 1169 1195 1220 
1222 106 19 5 0 1170 1196 1221 
1223 106 20 5 0 1171 1197 1222 
1224 106 21 5 0 1172 1198 1223 
1225 106 22 5 0 1173 1199 1224 
1226 106 23 5 0 1200 1225 
1227 106 24 5 0 1175 1201 1226 
1228 106 25 5 0 1176 1202 1227 
1229 106 26 5 0 1177 1203 1228 
1230 106 27 5 0 1204 1229 
1231 106 28 5 0 1205 1230 
1232 106 29 5 0 1206 1231 
1233 106 30 5 0 1181 1207 1232 
1234 106 31 5 0 1208 1233 
1235 106 32 5 0 1209 1234 
1236 106 33 5 0 1210 1235 
1237 106 34 5 0 1211 1236 
1238 106 35 5 0 1212 1237 
1239 106 36 5 0 1238 
1240 107 10 5 0 1161 
1241 107 11 5 0 1162 1188 1240 
1242 107 12 5 0 1163 1189 1241 
1243 107 13 5 0 1164 1190 1242 
1244 107 14 5 0 1191 1243 
1245 107 15 5 0 1166 1192 1218 1244 
1246 107 16 5 0 1193 1245 
1247 107 17 5 0 1194 1220 1246 
1248 107 18 5 0 1195 1221 1247 
1249 107 19 5 0 1196 1222 1248 
1250 107 20 5 0 1197 1223 1249 
1251 107 21 5 0 1198 1224 1250 
1252 107 22 5 0 1199 1225 1251 
1253 107 23 5 0 1226 1252 
1254 107 24 5 0 1201 1227 1253 
1255 107 25 5 0 1202 1228 1254 
1256 107 26 5 0 1229 1255 
1257 107 27 5 0 1230 1256 
1258 107 28 5 0 1231 1257 
1259 107 29 5 0 1232 1258 
1260 107 30 5 0 1233 1259 
1261 107 31 5 0 1234 1260 
1262 107 32 5 0 1235 1261 
1263 107 33 5 0 1236 1262 
1264 107 34 5 0 1237 1263 
1265 107 35 5 0 1238 1264 
1266 107 36 5 0 1239 1265 
1267 107 37 5 0 1266 
1268 108 10 5 0 1187 
1269 108 11 5 0 1188 1214 1268 
1270 108 12 5 0 1189 1215 1269 
1271 108 13 5 0 1190 1216 1270 
1272 108 14 5 0 1217 1271 
1273 108 15 5 0 1218 1245 1272 
1274 108 16 5 0 1219 1246 1273 
1275 108 17 5 0 1220 1247 1274 
1276 108 18 5 0 1221 1248 1275 
1277 108 19 5 0 1222 1249 1276 
1278 108 20 5 0 1223 1250 1277 
1279 108 21 5 0 1224 1251 1278 
1280 108 22 5 0 1225 1252 1279 
1281 108 23 5 0 1253 1280 
1282 108 24 5 0 1227 1254 1281 
1283 108 25 5 0 1228 1255 1282 
1284 108 26 5 0 1256 1283 
1285 108 27 5 0 1257 1284 
1286 108 28 5 0 1258 1285 
1287 108 29 5 0 1259 1286 
1288 108 30 5 0 1260 1287 
1289 108 31 5 0 1261 1288 
1290 108 32 5 0 1262 1289 
1291 108 33 5 0 1263 1290 
1292 108 34 5 0 1264 1291 
1293 108 35 5 0 1265 1292 
1294 108 36 5 0 1266 1293 
1295 108 37 5 0 1267 1294 
1296 109 10 5 0 1213 
1297 109 11 5 0 1214 1241 1296 
1298 109 12 5 0 1215 1242 1297 
1299 109 13 5 0 1216 1243 1298 
1300 109 14 5 0 1244 1272 1299 
1301 109 15 5 0 1245 1273 1300 
1302 109 16 5 0 1246 1274 1301 
1303 109 17 5 0 1247 1275 1302 
1304 109 18 5 0 1248 1276 1303 
1305 109 19 5 0 1249 1277 1304 
1306 109 20 5 0 1250 1278 1305 
1307 109 21 5 0 1279 1306 
1308 109 22 5 0 1252 1280 1307 
1309 109 23 5 0 1281 1308 
1310 109 24 5 0 1254 1282 1309 
1311 109 25 5 0 1255 1283 1310 
1312 109 26 5 0 1284 1311 
1313 109 27 5 0 1285 1312 
1314 109 28 5 0 1286 1313 
1315 109 29 5 0 1287 1314 
1316 109 30 5 0 1288 1315 
1317 109 31 5 0 1289 1316 
1318 109 32 5 0 1290 1317 
1319 109 33 5 0 1291 1318 
1320 109 34 5 0 1292 1319 
1321 109 35 5 0 1293 1320 
1322 109 36 5 0 1294 1321 
1323 109 37 5 0 1295 1322 
1324 109 38 5 0 1323 
1325 110 10 5 0 1240 
1326 110 11 5 0 1241 1269 1325 
1327 110 12 5 0 1242 1270 1326 
1328 110 13 5 0 1243 1271 1299 1327 
1329 110 14 5 0 1272 1300 1328 
1330 110 15 5 0 1273 1301 1329 
1331 110 16 5 0 1274 1302 1330 
1332 110 17 5 0 1275 1303 1331 
1333 110 18 5 0 1276 1304 1332 
1334 110 19 5 0 1277 1305 1333 
1335 110 20 5 0 1278 1306 1334 
1336 110 21 5 0 1307 1335 
1337 110 22 5 0 1280 1308 1336 
1338 110 23 5 0 1309 1337 
1339 110 24 5 0 1282 1310 1338 
1340 110 25 5 0 1311 1339 
1341 110 26 5 0 1312 1340 
1342 110 27 5 0 1313 1341 
1343 110 28 5 0 1314 1342 
1344 110 29 5 0 1315 1343 
1345 110 30 5 0 1316 1344 
1346 110 31 5 0 1317 1345 
1347 110 32 5 0 1318 1346 
1348 110 33 5 0 1319 1347 
1349 110 34 5 0 1320 1348 
1350 110 35 5 0 1321 1349 
1351 110 36 5 0 1322 1350 
1352 110 37 5 0 1323 1351 
1353 110 38 5 0 1324 1352 
1354 110 39 5 0 1353 
1355 111 10 5 0 1268 1296 
1356 111 11 5 0 1269 1297 1355 
1357 111 12 5 0 1298 1356 
1358 111 13 5 0 1299 1328 1357 
1359 111 14 5 0 1300 1329 1358 
1360 111 15 5 0 1301 1330 1359 
1361 111 16 5 0 1302 1331 1360 
1362 111 17 5 0 1303 1332 1361 
1363 111 18 5 0 1304 1333 1362 
1364 111 19 5 0 1305 1334 1363 
1365 111 20 5 0 1306 1335 1364 
1366 111 21 5 0 1336 1365 
1367 111 22 5 0 1308 1337 1366 
1368 111 23 5 0 1338 1367 
1369 111 24 5 0 1339 1368 
1370 111 25 5 0 1340 1369 
1371 111 26 5 0 1341 1370 
1372 111 27 5 0 1342 1371 
1373 111 28 5 0 1343 1372 
1374 111 29 5 0 1344 1373 
1375 111 30 5 0 1345 1374 
1376 111 31 5 0 1346 1375 
1377 111 32 5 0 1347 1376 
1378 111 33 5 0 1348 1377 
1379 111 34 5 0 1349 1378 
1380 111 35 5 0 1350 1379 
1381 111 36 5 0 1351 1380 
1382 111 37 5 0 1352 1381 
1383 111 38 5 0 1353 1382 
1384 111 39 5 0 1354 1383 
1385 111 40 5 0 1384 
1386 112 10 5 0 1296 1325 
1387 112 11 5 0 1297 1326 1386 
1388 112 12 5 0 1327 1357 1387 
1389 112 13 5 0 1328 1358 1388 
1390 112 14 5 0 1329 1359 1389 
1391 112 15 5 0 1330 1360 1390 
1392 112 16 5 0 1331 1361 1391 
1393 112 17 5 0 1332 1362 1392 
1394 112 18 5 0 1333 1363 1393 
1395 112 19 5 0 1334 1364 1394 
1396 112 20 5 0 1365 1395 
1397 112 21 5 0 1336 1366 1396 
1398 112 22 5 0 1337 1367 1397 
1399 112 23 5 0 1368 1398 
1400 112 24 5 0 1369 1399 
1401 112 25 5 0 1370 1400 
1402 112 26 5 0 1371 1401 
1403 112 27 5 0 1372 1402 
1404 112 28 5 0 1373 1403 
1405 112 29 5 0 1374 1404 
1406 112 30 5 0 1375 1405 
1407 112 31 5 0 1376 1406 
1408 112 32 5 0 1377 1407 
1409 112 33 5 0 1378 1408 
1410 112 34 5 0 1379 1409 
1411 112 35 5 0 1380 1410 
1412 112 36 5 0 1381 1411 
1413 112 37 5 0 1382 1412 
1414 112 38 5 0 1383 1413 
1415 112 39 5 0 1384 1414 
1416 112 40 5 0 1385 1415 
1417 112 41 5 0 1416 
1418 113 10 5 0 1355 
1419 113 11 5 0 1356 1387 1418 
1420 113 12 5 0 1357 1388 1419 
1421 113 13 5 0 1358 1389 1420 
1422 113 14 5 0 1359 1390 1421 
1423 113 15 5 0 1360 1391 1422 
1424 113 16 5 0 1361 1392 1423 
1425 113 17 5 0 1362 1393 1424 
1426 113 18 5 0 1363 1394 1425 
1427 113 19 5 0 1364 1395 1426 
1428 113 20 5 0 1365 1396 1427 
1429 113 21 5 0 1397 1428 
1430 113 22 5 0 1398 1429 
1431 113 23 5 0 1399 1430 
1432 113 24 5 0 1400 1431 
1433 113 25 5 0 1401 1432 
1434 113 26 5 0 1402 1433 
1435 113 27 5 0 1403 1434 
1436 113 28 5 0 1404 1435 
1437 113 29 5 0 1405 1436 
1438 113 30 5 0 1406 1437 
1439 113 31 5 0 1407 1438 
1440 113 32 5 0 1408 1439 
1441 113 33 5 0 1409 1440 
1442 113 34 5 0 1410 1441 
1443 113 35 5 0 1411 1442 
1444 113 36 5 0 1412 1443 
1445 113 37 5 0 1413 1444 
1446 113 38 5 0 1414 1445 
1447 113 39 5 0 1415 1446 
1448 113 40 5 0 1416 1447 
1449 113 41 5 0 1417 1448 
1450 113 42 5 0 1449 
1451 114 10 5 0 1386 1418 
1452 114 11 5 0 1387 1419 1451 
1453 114 12 5 0 1388 1420 1452 
1454 114 13 5 0 1389 1421 1453 
1455 114 14 5 0 1390 1422 1454 
1456 114 15 5 0 1391 1423 1455 
1457 114 16 5 0 1392 1424 1456 
1458 114 17 5 0 1425 1457 
1459 114 18 5 0 1394 1426 1458 
1460 114 19 5 0 1395 1427 1459 
1461 114 20 5 0 1428 1460 
1462 114 21 5 0 1429 1461 
1463 114 22 5 0 1430 1462 
1464 114 23 5 0 1431 1463 
1465 114 24 5 0 1432 1464 
1466 114 25 5 0 1433 1465 
1467 114 26 5 0 1434 1466 
1468 114 27 5 0 1435 1467 
1469 114 28 5 0 1436 1468 
1470 114 29 5 0 1437 1469 
1471 114 30 5 0 1438 1470 
1472 114 31 5 0 1439 1471 
1473 114 32 5 0 1440 1472 
1474 114 33 5 0 1441 1473 
1475 114 34 5 0 1442 1474 
1476 114 35 5 0 1443 1475 
1477 114 36 5 0 1444 1476 
1478 114 37 5 0 1445 1477 
1479 114 38 5 0 1446 1478 
1480 114 39 5 0 1447 1479 
1481 114 40 5 0 1448 1480 
1482 114 41 5 0 1449 1481 
1483 114 42 5 0 1450 1482 
1484 114 43 5 0 1483 
1485 115 10 5 0 1418 
1486 115 11 5 0 1419 1452 1485 
1487 115 12 5 0 1420 1453 1486 
1488 115 13 5 0 1421 1454 1487 
1489 115 14 5 0 1422 1455 1488 
1490 115 15 5 0 1423 1456 1489 
1491 115 16 5 0 1424 1457 1490 
1492 115 17 5 0 1425 1458 1491 
1493 115 18 5 0 1426 1459 1492 
1494 115 19 5 0 1460 1493 
1495 115 20 5 0 1461 1494 
1496 115 21 5 0 1462 1495 
1497 115 22 5 0 1463 1496 
1498 115 23 5 0 1464 1497 
1499 115 24 5 0 1465 1498 
1500 115 25 5 0 1466 1499 
1501 115 26 5 0 1467 1500 
1502 115 27 5 0 1468 1501 
1503 115 28 5 0 1469 1502 
1504 115 29 5 0 1470 1503 
1505 115 30 5 0 1471 1504 
1506 115 31 5 0 1472 1505 
1507 115 32 5 0 1473 1506 
1508 115 33 5 0 1474 1507 
1509 115 34 5 0 1475 1508 
1510 115 35 5 0 1476 1509 
1511 115 36 5 0 1477 1510 
1512 115 37 5 0 1478 1511 
1513 115 38 5 0 1479 1512 
1514 115 39 5 0 1480 1513 
1515 115 40 5 0 1481 1514 
1516 115 41 5 0 1482 1515 
1517 115 42 5 0 1483 1516 
1518 115 43 5 0 1484 1517 
1519 115 44 5 0 1518 
1520 116 10 5 0 1451 1485 
1521 116 11 5 0 1452 1486 1520 
1522 116 12 5 0 1453 1487 1521 
1523 116 13 5 0 1454 1488 1522 
1524 116 14 5 0 1455 1489 1523 
1525 116 15 5 0 1456 1490 1524 
1526 116 16 5 0 1457 1491 1525 
1527 116 17 5 0 1492 1526 
1528 116 18 5 0 1493 1527 
1529 116 19 5 0 1494 1528 
1530 116 20 5 0 1495 1529 
1531 116 21 5 0 1496 1530 
1532 116 22 5 0 1497 1531 
1533 116 23 5 0 1498 1532 
1534 116 24 5 0 1499 1533 
1535 116 25 5 0 1500 1534 
1536 116 26 5 0 1501 1535 
1537 116 27 5 0 1502 1536 
1538 116 28 5 0 1503 1537 
1539 116 29 5 0 1504 1538 
1540 116 30 5 0 1505 1539 
1541 116 31 5 0 1506 1540 
1542 116 32 5 0 1507 1541 
1543 116 33 5 0 1508 1542 
1544 116 34 5 0 1509 1543 
1545 116 35 5 0 1510 1544 
1546 116 36 5 0 1511 1545 
1547 116 37 5 0 1512 1546 
1548 116 38 5 0 1513 1547 
1549 116 39 5 0 1514 1548 
1550 116 40 5 0 1515 1549 
1551 116 41 5 0 1516 1550 
1552 116 42 5 0 1517 1551 
1553 116 43 5 0 1518 1552 
1554 116 44 5 0 1519 1553 
1555 116 45 5 0 1554 
1556 116 46 5 0 1555 
1557 117 10 5 0 1485 1520 
1558 117 11 5 0 1486 1521 1557 
1559 117 12 5 0 1487 1522 1558 
1560 117 13 5 0 1488 1523 1559 
1561 117 14 5 0 1489 1524 1560 
1562 117 15 5 0 1490 1525 1561 
1563 117 16 5 0 1526 1562 
1564 117 17 5 0 1527 1563 
1565 117 18 5 0 1528 1564 
1566 117 19 5 0 1529 1565 
1567 117 20 5 0 1530 1566 
1568 117 21 5 0 1531 1567 
1569 117 22 5 0 1532 1568 
1570 117 23 5 0 1533 1569 
1571 117 24 5 0 1534 1570 
1572 117 25 5 0 1535 1571 
1573 117 26 5 0 1536 1572 
1574 117 27 5 0 1537 1573 
1575 117 28 5 0 1538 1574 
1576 117 29 5 0 1539 1575 
1577 117 30 5 0 1540 1576 
1578 117 31 5 0 1541 1577 
1579 117 32 5 0 1542 1578 
1580 117 33 5 0 1543 1579 
1581 117 34 5 0 1544 1580 
1582 117 35 5 0 1545 1581 
1583 117 36 5 0 1546 1582 
1584 117 37 5 0 1547 1583 
1585 117 38 5 0 1548 1584 
1586 117 39 5 0 1549 1585 
1587 117 40 5 0 1550 1586 
1588 117 41 5 0 1551 1587 
1589 117 42 5 0 1552 1588 
1590 117 43 5 0 1553 1589 
1591 117 44 5 0 1554 1590 
1592 117 45 5 0 1555 1591 
1593 117 46 5 0 1556 1592 
1594 117 47 5 0 1593 
1595 118 10 5 0 1520 1557 
1596 118 11 5 0 1521 1558 1595 
1597 118 12 5 0 1522 1559 1596 
1598 118 13 5 0 1523 1560 1597 
1599 118 14 5 0 1561 1598 
1600 118 15 5 0 1562 1599 
1601 118 16 5 0 1563 1600 
1602 118 17 5 0 1564 1601 
1603 118 18 5 0 1565 1602 
1604 118 19 5 0 1566 1603 
1605 118 20 5 0 1567 1604 
1606 118 21 5 0 1568 1605 
1607 118 22 5 0 1569 1606 
1608 118 23 5 0 1570 1607 
1609 118 24 5 0 1571 1608 
1610 118 25 5 0 1572 1609 
1611 118 26 5 0 1573 1610 
1612 118 27 5 0 1574 1611 
1613 118 28 5 0 1575 1612 
1614 118 29 5 0 1576 1613 
1615 118 30 5 0 1577 1614 
1616 118 31 5 0 1578 1615 
1617 118 32 5 0 1579 1616 
1618 118 33 5 0 1580 1617 
1619 118 34 5 0 1581 1618 
1620 118 35 5 0 1582 1619 
1621 118 36 5 0 1583 1620 
1622 118 37 5 0 1584 1621 
1623 118 38 5 0 1585 1622 
1624 118 39 5 0 1586 1623 
1625 118 40 5 0 1587 1624 
1626 118 41 5 0 1588 1625 
1627 118 42 5 0 1589 1626 
1628 118 43 5 0 1590 1627 
1629 118 44 5 0 1591 1628 
1630 118 45 5 0 1592 1629 
1631 118 46 5 0 1593 1630 
1632 118 47 5 0 1594 1631 
1633 118 48 5 0 1632 
1634 118 49 5 0 1633 
1635 119 10 5 0 1557 1595 
1636 119 11 5 0 1558 1596 1635 
1637 119 12 5 0 1559 1597 1636 
1638 119 13 5 0 1560 1598 1637 
1639 119 14 5 0 1599 1638 
1640 119 15 5 0 1600 1639 
1641 119 16 5 0 1601 1640 
1642 119 17 5 0 1602 1641 
1643 119 18 5 0 1603 1642 
1644 119 19 5 0 1604 1643 
1645 119 20 5 0 1605 1644 
1646 119 21 5 0 1606 1645 
1647 119 22 5 0 1607 1646 
1648 119 23 5 0 1608 1647 
1649 119 24 5 0 1609 1648 
1650 119 25 5 0 1610 1649 
1651 119 26 5 0 1611 1650 
1652 119 27 5 0 1612 1651 
1653 119 28 5 0 1613 1652 
1654 119 29 5 0 1614 1653 
1655 119 30 5 0 1615 1654 
1656 119 31 5 0 1616 1655 
1657 119 32 5 0 1617 1656 
1658 119 33 5 0 1618 1657 
1659 119 34 5 0 1619 1658 
1660 119 35 5 0 1620 1659 
1661 119 36 5 0 1621 1660 
1662 119 37 5 0 1622 1661 
1663 119 38 5 0 1623 1662 
1664 119 39 5 0 1624 1663 
1665 119 40 5 0 1625 1664 
1666 119 41 5 0 1626 1665 
1667 119 42 5 0 1627 1666 
1668 119 43 5 0 1628 1667 
1669 119 44 5 0 1629 1668 
1670 119 45 5 0 1630 1669 
1671 119 46 5 0 1631 1670 
1672 119 47 5 0 1632 1671 
1673 119 48 5 0 1633 1672 
1674 119 49 5 0 1634 1673 
1675 119 50 5 0 1674 
1676 119 51 5 0 1675 
1677 120 10 5 0 1595 1635 
1678 120 11 5 0 1596 1636 1677 
1679 120 12 5 0 1637 1678 
1680 120 13 5 0 1638 1679 
1681 120 14 5 0 1639 1680 
1682 120 15 5 0 1640 1681 
1683 120 16 5 0 1641 1682 
1684 120 17 5 0 1642 1683 
1685 120 18 5 0 1643 1684 
1686 120 19 5 0 1644 1685 
1687 120 20 5 0 1645 1686 
1688 120 21 5 0 1646 1687 
1689 120 22 5 0 1647 1688 
1690 120 23 5 0 1648 1689 
1691 120 24 5 0 1649 1690 
1692 120 25 5 0 1650 1691 
1693 120 26 5 0 1651 1692 
1694 120 27 5 0 1652 1693 
1695 120 28 5 0 1653 1694 
1696 120 29 5 0 1654 1695 
1697 120 30 5 0 1655 1696 
1698 120 31 5 0 1656 1697 
1699 120 32 5 0 1657 1698 
1700 120 33 5 0 1658 1699 
1701 120 34 5 0 1659 1700 
1702 120 35 5 0 1660 1701 
1703 120 36 5 0 1661 1702 
1704 120 37 5 0 1662 1703 
1705 120 38 5 0 1663 1704 
1706 120 39 5 0 1664 1705 
1707 120 40 5 0 1665 1706 
1708 120 41 5 0 1666 1707 
1709 120 42 5 0 1667 1708 
1710 120 43 5 0 1668 1709 
1711 120 44 5 0 1669 1710 
1712 120 45 5 0 1670 1711 
1713 120 46 5 0 1671 1712 
1714 120 47 5 0 1672 1713 
1715 120 48 5 0 1673 1714 
1716 120 49 5 0 1674 1715 
1717 120 50 5 0 1675 1716 
1718 120 51 5 0 1676 1717 
1719 120 52 5 0 1718 
1720 120 53 5 0 1719 
1721 120 54 5 0 1720 
1722 121 10 5 0 1677 
1723 121 11 5 0 1678 1722 
1724 121 12 5 0 1679 1723 
1725 121 13 5 0 1680 1724 
1726 121 14 5 0 1681 1725 
1727 121 15 5 0 1682 1726 
1728 121 16 5 0 1683 1727 
1729 121 17 5 0 1684 1728 
1730 121 18 5 0 1685 1729 
1731 121 19 5 0 1686 1730 
1732 121 20 5 0 1687 1731 
1733 121 21 5 0 1688 1732 
1734 121 22 5 0 1689 1733 
1735 121 23 5 0 1690 1734 
1736 121 24 5 0 1691 1735 
1737 121 25 5 0 1692 1736 
1738 121 26 5 0 1693 1737 
1739 121 27 5 0 1694 1738 
1740 121 28 5 0 1695 1739 
1741 121 29 5 0 1696 1740 
1742 121 30 5 0 1697 1741 
1743 121 31 5 0 1698 1742 
1744 121 32 5 0 1699 1743 
1745 121 33 5 0 1700 1744 
1746 121 34 5 0 1701 1745 
1747 121 35 5 0 1702 1746 
1748 121 36 5 0 1703 1747 
1749 121 37 5 0 1704 1748 
1750 121 38 5 0 1705 1749 
1751 121 39 5 0 1706 1750 
1752 121 40 5 0 1707 1751 
1753 121 41 5 0 1708 1752 
1754 121 42 5 0 1709 1753 
1755 121 43 5 0 1710 1754 
1756 121 44 5 0 1711 1755 
1757 121 45 5 0 1712 1756 
1758 121 46 5 0 1713 1757 
1759 121 47 5 0 1714 1758 
1760 121 48 5 0 1715 1759 
1761 121 49 5 0 1716 1760 
1762 121 50 5 0 1717 1761 
1763 121 51 5 0 1718 1762 
1764 121 52 5 0 1719 1763 
1765 121 53 5 0 1720 1764 
1766 121 54 5 0 1721 1765 
1767 121 55 5 0 1766 
1768 121 56 5 0 1767 
1769 121 57 5 0 1768 
1770 122 10 5 0 1722 
1771 122 11 5 0 1723 1770 
1772 122 12 5 0 1724 1771 
1773 122 13 5 0 1725 1772 
1774 122 14 5 0 1726 1773 
1775 122 15 5 0 1727 1774 
1776 122 16 5 0 1728 1775 
1777 122 17 5 0 1729 1776 
1778 122 18 5 0 1730 1777 
1779 122 19 5 0 1731 1778 
1780 122 20 5 0 1732 1779 
1781 122 21 5 0 1733 1780 
1782 122 22 5 0 1734 1781 
1783 122 23 5 0 1735 1782 
1784 122 24 5 0 1736 1783 
1785 122 25 5 0 1737 1784 
1786 122 26 5 0 1738 1785 
1787 122 27 5 0 1739 1786 
1788 122 28 5 0 1740 1787 
1789 122 29 5 0 1741 1788 
1790 122 30 5 0 1742 1789 
1791 122 31 5 0 1743 1790 
1792 122 32 5 0 1744 1791 
1793 122 33 5 0 1745 1792 
1794 122 34 5 0 1746 1793 
1795 122 35 5 0 1747 1794 
1796 122 36 5 0 1748 1795 
1797 122 37 5 0 1749 1796 
1798 122 38 5 0 1750 1797 
1799 122 39 5 0 1751 1798 
1800 122 40 5 0 1752 1799 
1801 122 41 5 0 1753 1800 
1802 122 42 5 0 1754 1801 
1803 122 43 5 0 1755 1802 
1804 122 44 5 0 1756 1803 
1805 122 45 5 0 1757 1804 
1806 122 46 5 0 1758 1805 
1807 122 47 5 0 1759 1806 
1808 122 48 5 0 1760 1807 
1809 122 49 5 0 1761 1808 
1810 122 50 5 0 1762 1809 
1811 122 51 5 0 1763 1810 
1812 122 52 5 0 1764 1811 
1813 122 53 5 0 1765 1812 
1814 122 54 5 0 1766 1813 
1815 122 55 5 0 1767 1814 
1816 122 56 5 0 1768 1815 
1817 122 57 5 0 1769 1816 
1818 122 58 5 0 1817 
1819 122 59 5 0 1818 
1820 122 60 5 0 1819 
1821 122 61 5 0 1820 
1822 123 10 5 0 1770 
1823 123 11 5 0 1771 1822 
1824 123 12 5 0 1772 1823 
1825 123 13 5 0 1773 1824 
1826 123 14 5 0 1774 1825 
1827 123 15 5 0 1775 1826 
1828 123 16 5 0 1776 1827 
1829 123 17 5 0 1777 1828 
1830 123 18 5 0 1778 1829 
1831 123 19 5 0 1779 1830 
1832 123 20 5 0 1780 1831 
1833 123 21 5 0 1781 1832 
1834 123 22 5 0 1782 1833 
1835 123 23 5 0 1783 1834 
1836 123 24 5 0 1784 1835 
1837 123 25 5 0 1785 1836 
1838 123 26 5 0 1786 1837 
1839 123 27 5 0 1787 1838 
1840 123 28 5 0 1788 1839 
1841 123 29 5 0 1789 1840 
1842 123 30 5 0 1790 1841 
1843 123 31 5 0 1791 1842 
1844 123 32 5 0 1792 1843 
1845 123 33 5 0 1793 1844 
1846 123 34 5 0 1794 1845 
1847 123 35 5 0 1795 1846 
1848 123 36 5 0 1796 1847 
1849 123 37 5 0 1797 1848 
1850 123 38 5 0 1798 1849 
1851 123 39 5 0 1799 1850 
1852 123 40 5 0 1800 1851 
1853 123 41 5 0 1801 1852 
1854 123 42 5 0 1802 1853 
1855 123 43 5 0 1803 1854 
1856 123 44 5 0 1804 1855 
1857 123 45 5 0 1805 1856 
1858 123 46 5 0 1806 1857 
1859 123 47 5 0 1807 1858 
1860 123 48 5 0 1808 1859 
1861 123 49 5 0 1809 1860 
1862 123 50 5 0 1810 1861 
1863 123 51 5 0 1811 1862 
1864 123 52 5 0 1812 1863 
1865 123 53 5 0 1813 1864 
1866 123 54 5 0 1814 1865 
1867 123 55 5 0 1815 1866 
1868 123 56 5 0 1816 1867 
1869 123 57 5 0 1817 1868 
1870 123 58 5 0 1818 1869 
1871 123 59 5 0 1819 1870 
1872 123 60 5 0 1820 1871 
1873 123 61 5 0 1821 1872 
1874 123 62 5 0 1873 
1875 123 63 5 0 1874 
1876 123 64 5 0 1875 
1877 123 65 5 0 1876 
1878 123 66 5 0 1877 
1879 124 11 5 0 1823 
1880 124 12 5 0 1824 1879 
1881 124 13 5 0 1825 1880 
1882 124 14 5 0 1826 1881 
1883 124 15 5 0 1827 1882 
1884 124 16 5 0 1828 1883 
1885 124 17 5 0 1829 1884 
1886 124 18 5 0 1830 1885 
1887 124 19 5 0 1831 1886 
1888 124 20 5 0 1832 1887 
1889 124 21 5 0 1833 1888 
1890 124 22 5 0 1834 1889 
1891 124 23 5 0 1835 1890 
1892 124 24 5 0 1836 1891 
1893 124 25 5 0 1837 1892 
1894 124 26 5 0 1838 1893 
1895 124 27 5 0 1839 1894 
1896 124 28 5 0 1840 1895 
1897 124 29 5 0 1841 1896 
1898 124 30 5 0 1842 1897 
1899 124 31 5 0 1843 1898 
1900 124 32 5 0 1844 1899 
1901 124 33 5 0 1845 1900 
1902 124 34 5 0 1846 1901 
1903 124 35 5 0 1847 1902 
1904 124 36 5 0 1848 1903 
1905 124 37 5 0 1849 1904 
1906 124 38 5 0 1850 1905 
1907 124 39 5 0 1851 1906 
1908 124 40 5 0 1852 1907 
1909 124 41 5 0 1853 1908 
1910 124 42 5 0 1854 1909 
1911 124 43 5 0 1855 1910 
1912 124 44 5 0 1856 1911 
1913 124 45 5 0 1857 1912 
1914 124 46 5 0 1858 1913 
1915 124 47 5 0 1859 1914 
1916 124 48 5 0 1860 1915 
1917 124 49 5 0 1861 1916 
1918 124 50 5 0 1862 1917 
1919 124 51 5 0 1863 1918 
1920 124 52 5 0 1864 1919 
1921 124 53 5 0 1865 1920 
1922 124 54 5 0 1866 1921 
1923 124 55 5 0 1867 1922 
1924 124 56 5 0 1868 1923 
1925 124 57 5 0 1869 1924 
1926 124 58 5 0 1870 1925 
1927 124 59 5 0 1871 1926 
1928 124 60 5 0 1872 1927 
1929 124 61 5 0 1873 1928 
1930 124 62 5 0 1874 1929 
1931 124 63 5 0 1875 1930 
1932 124 64 5 0 1876 1931 
1933 124 65 5 0 1877 1932 
1934 124 66 5 0 1878 1933 
1935 124 67 5 0 1934 
1936 124 68 5 0 1935 
1937 124 69 5 0 1936 
1938 124 70 5 0 1937 
1939 124 71 5 0 1938 
1940 124 72 5 0 1939 
1941 124 73 5 0 1940 
1942 125 12 5 0 1880 
1943 125 13 5 0 1881 1942 
1944 125 14 5 0 1882 1943 
1945 125 15 5 0 1883 1944 
1946 125 16 5 0 1884 1945 
1947 125 17 5 0 1885 1946 
1948 125 18 5 0 1886 1947 
1949 125 19 5 0 1887 1948 
1950 125 20 5 0 1888 1949 
1951 125 21 5 0 1889 1950 
1952 125 22 5 0 1890 1951 
1953 125 23 5 0 1891 1952 
1954 125 24 5 0 1892 1953 
1955 125 25 5 0 1893 1954 
1956 125 26 5 0 1894 1955 
1957 125 27 5 0 1895 1956 
1958 125 28 5 0 1896 1957 
1959 125 29 5 0 1897 1958 
1960 125 30 5 0 1898 1959 
1961 125 31 5 0 1899 1960 
1962 125 32 5 0 1900 1961 
1963 125 33 5 0 1901 1962 
1964 125 34 5 0 1902 1963 
1965 125 35 5 0 1903 1964 
1966 125 36 5 0 1904 1965 
1967 125 37 5 0 1905 1966 
1968 125 38 5 0 1906 1967 
1969 125 39 5 0 1907 1968 
1970 125 40 5 0 1908 1969 
1971 125 41 5 0 1909 1970 
1972 125 42 5 0 1910 1971 
1973 125 43 5 0 1911 1972 
1974 125 44 5 0 1912 1973 
1975 125 45 5 0 1913 1974 
1976 125 46 5 0 1914 1975 
1977 125 47 5 0 1915 1976 
1978 125 48 5 0 1916 1977 
1979 125 49 5 0 1917 1978 
1980 125 50 5 0 1918 1979 
1981 125 51 5 0 1919 1980 
1982 125 52 5 0 1920 1981 
1983 125 53 5 0 1921 1982 
1984 125 54 5 0 1922 1983 
1985 125 55 5 0 1923 1984 
1986 125 56 5 0 1924 1985 
1987 125 57 5 0 1925 1986 
1988 125 58 5 0 1926 1987 
1989 125 59 5 0 1927 1988 
1990 125 60 5 0 1928 1989 
1991 125 61 5 0 1929 1990 
1992 125 62 5 0 1930 1991 
1993 125 63 5 0 1931 1992 
1994 125 64 5 0 1932 1993 
1995 125 65 5 0 1933 1994 
1996 125 66 5 0 1934 1995 
1997 125 67 5 0 1935 1996 
1998 125 68 5 0 1936 1997 
1999 125 69 5 0 1937 1998 
2000 125 70 5 0 1938 1999 
2001 125 71 5 0 1939 2000 
2002 125 72 5 0 1940 2001 
2003 125 73 5 0 1941 2002 
2004 125 74 5 0 2003 
2005 125 75 5 0 2004 
2006 125 76 5 0 2005 
2007 125 77 5 0 2006 
2008 125 78 5 0 2007 
2009 125 79 5 0 2008 
2010 125 80 5 0 2009 
2011 125 81 5 0 2010 
2012 126 13 5 0 1943 
2013 126 14 5 0 1944 2012 
2014 126 15 5 0 1945 2013 
2015 126 16 5 0 1946 2014 
2016 126 17 5 0 1947 2015 
2017 126 18 5 0 1948 2016 
2018 126 19 5 0 1949 2017 
2019 126 20 5 0 1950 2018 
2020 126 21 5 0 1951 2019 
2021 126 22 5 0 1952 2020 
2022 126 23 5 0 1953 2021 
2023 126 24 5 0 1954 2022 
2024 126 25 5 0 1955 2023 
2025 126 26 5 0 1956 2024 
2026 126 27 5 0 1957 2025 
2027 126 28 5 0 1958 2026 
2028 126 29 5 0 1959 2027 
2029 126 30 5 0 1960 2028 
2030 126 31 5 0 1961 2029 
2031 126 32 5 0 1962 2030 
2032 126 33 5 0 1963 2031 
2033 126 34 5 0 1964 2032 
2034 126 35 5 0 1965 2033 
2035 126 36 5 0 1966 2034 
2036 126 37 5 0 1967 2035 
2037 126 38 5 0 1968 2036 
2038 126 39 5 0 1969 2037 
2039 126 40 5 0 1970 2038 
2040 126 41 5 0 1971 2039 
2041 126 42 5 0 1972 2040 
2042 126 43 5 0 1973 2041 
2043 126 44 5 0 1974 2042 
2044 126 45 5 0 1975 2043 
2045 126 46 5 0 1976 2044 
2046 126 47 5 0 1977 2045 
2047 126 48 5 0 1978 2046 
2048 126 49 5 0 1979 2047 
2049 126 50 5 0 1980 2048 
2050 126 51 5 0 1981 2049 
2051 126 52 5 0 1982 2050 
2052 126 53 5 0 1983 2051 
2053 126 54 5 0 1984 2052 
2054 126 55 5 0 1985 2053 
2055 126 56 5 0 1986 2054 
2056 126 57 5 0 1987 2055 
2057 126 58 5 0 1988 2056 
2058 126 59 5 0 1989 2057 
2059 126 60 5 0 1990 2058 
2060 126 61 5 0 1991 2059 
2061 126 62 5 0 1992 2060 
2062 126 63 5 0 1993 2061 
2063 126 64 5 0 1994 2062 
2064 126 65 5 0 1995 2063 
2065 126 66 5 0 1996 2064 
2066 126 67 5 0 1997 2065 
2067 126 68 5 0 1998 2066 
2068 126 69 5 0 1999 2067 
2069 126 70 5 0 2000 2068 
2070 126 71 5 0 2001 2069 
2071 126 72 5 0 2002 2070 
2072 126 73 5 0 2003 2071 
2073 126 74 5 0 2004 2072 
2074 126 75 5 0 2005 2073 
2075 126 76 5 0 2006 2074 
2076 126 77 5 0 2007 2075 
2077 126 78 5 0 2008 2076 
2078 126 79 5 0 2009 2077 
2079 126 80 5 0 2010 2078 
2080 126 81 5 0 2011 2079 
2081 127 16 5 0 2015 
2082 127 17 5 0 2016 2081 
2083 127 18 5 0 2017 2082 
2084 127 19 5 0 2018 2083 
2085 127 20 5 0 2019 2084 
2086 127 21 5 0 2020 2085 
2087 127 22 5 0 2021 2086 
2088 127 23 5 0 2022 2087 
2089 127 24 5 0 2023 2088 
2090 127 25 5 0 2024 2089 
2091 127 26 5 0 2025 2090 
2092 127 27 5 0 2026 2091 
2093 127 28 5 0 2027 2092 
2094 127 29 5 0 2028 2093 
2095 127 30 5 0 2029 2094 
2096 127 31 5 0 2030 2095 
2097 127 32 5 0 2031 2096 
2098 127 33 5 0 2032 2097 
2099 127 34 5 0 2033 2098 
2100 127 35 5 0 2034 2099 
2101 127 36 5 0 2035 2100 
2102 127 37 5 0 2036 2101 
2103 127 38 5 0 2037 2102 
2104 127 39 5 0 2038 2103 
2105 127 40 5 0 2039 2104 
2106 127 41 5 0 2040 2105 
2107 127 42 5 0 2041 2106 
2108 127 43 5 0 2042 2107 
2109 127 44 5 0 2043 2108 
2110 127 45 5 0 2044 2109 
2111 127 46 5 0 2045 2110 
2112 127 47 5 0 2046 2111 
2113 127 48 5 0 2047 2112 
2114 127 49 5 0 2048 
2115 251 34 4 0 2066 2067 
2116 251 35 4 0 2068 2069 
2117 251 36 4 0 2070 2071 2116 
2118 251 37 4 0 2005 2072 2073 2074 2117 
2119 251 38 4 0 2006 2007 2075 2076 2118 
2120 251 39 4 0 2008 2077 2119 
2121 251 40 4 0 2009 2010 2078 2079 2120 
2122 251 41 4 0 2011 2080 2121 
2123 251 42 4 0 2122 
2124 251 43 4 0 2123 
2125 251 44 4 0 2124 
2126 252 26 4 0 2051 
2127 252 27 4 0 2052 2053 2054 2126 
2128 252 28 4 0 2054 2055 2056 2127 
2129 252 29 4 0 2057 2128 
2130 252 30 4 0 2058 2059 2060 2129 
2131 252 31 4 0 2060 2061 2130 
2132 252 32 4 0 2062 2063 2064 2131 
2133 252 33 4 0 2065 2066 2132 
2134 252 34 4 0 2066 2067 2115 2133 
2135 252 35 4 0 2068 2069 2116 2134 
2136 252 36 4 0 2070 2071 2117 2135 
2137 252 37 4 0 2072 2073 2074 2118 2136 
2138 252 38 4 0 2119 2137 
2139 252 39 4 0 2120 2138 
2140 252 40 4 0 2121 2139 
2141 252 41 4 0 2122 2140 
2142 252 42 4 0 2123 2141 
2143 252 43 4 0 2124 2142 
2144 252 44 4 0 2125 2143 
2145 252 45 4 0 2144 
2146 252 46 4 0 2145 
2147 252 47 4 0 2146 
2148 252 48 4 0 2147 
2149 252 49 4 0 2148 
2150 253 17 4 0 2099 2100 
2151 253 18 4 0 2100 2101 2102 2150 
2152 253 19 4 0 2102 2103 2104 2151 
2153 253 20 4 0 2104 2105 2106 2152 
2154 253 21 4 0 2040 2041 2042 2106 2107 2108 2153 
2155 253 22 4 0 2043 2044 2109 2110 2154 
2156 253 23 4 0 2044 2045 2046 2110 2111 2112 2155 
2157 253 24 4 0 2046 2047 2112 2113 2156 
2158 253 25 4 0 2048 2049 2114 2157 
2159 253 26 4 0 2050 2051 2126 2158 
2160 253 27 4 0 2052 2053 2054 2127 2159 
2161 253 28 4 0 2054 2055 2056 2128 2160 
2162 253 29 4 0 2057 2129 2161 
2163 253 30 4 0 2058 2130 2162 
2164 253 31 4 0 2131 2163 
2165 253 32 4 0 2132 2164 
2166 253 33 4 0 2133 2165 
2167 253 34 4 0 2134 2166 
2168 253 35 4 0 2135 2167 
2169 253 36 4 0 2136 2168 
2170 253 37 4 0 2137 2169 
2171 253 38 4 0 2138 2170 
2172 253 39 4 0 2139 2171 
2173 253 40 4 0 2140 2172 
2174 253 41 4 0 2141 2173 
2175 253 42 4 0 2142 2174 
2176 253 43 4 0 2143 2175 
2177 253 44 4 0 2144 2176 
2178 253 45 4 0 2145 2177 
2179 253 46 4 0 2146 2178 
2180 253 47 4 0 2147 2179 
2181 253 48 4 0 2148 2180 
2182 253 49 4 0 2149 2181 
2183 253 50 4 0 2182 
2184 253 51 4 0 2183 
2185 253 52 4 0 2184 
2186 253 53 4 0 2185 
2187 253 54 4 0 2186 
2188 253 55 4 0 2187 
2189 253 56 4 0 2188 
2190 253 57 4 0 2189 
2191 254 11 4 0 2087 2088 
2192 254 12 4 0 2088 2089 2090 2191 
2193 254 13 4 0 2090 2091 2092 2192 
2194 254 14 4 0 2092 2093 2094 2193 
2195 254 15 4 0 2094 2095 2096 2194 
2196 254 16 4 0 2096 2097 2098 2195 
2197 254 17 4 0 2098 2099 2100 2150 2196 
2198 254 18 4 0 2100 2101 2102 2151 2197 
2199 254 19 4 0 2102 2103 2104 2152 2198 
2200 254 20 4 0 2104 2105 2106 2153 2199 
2201 254 21 4 0 2106 2107 2154 2200 
2202 254 22 4 0 2155 2201 
2203 254 23 4 0 2156 2202 
2204 254 24 4 0 2157 2203 
2205 254 25 4 0 2158 2204 
2206 254 26 4 0 2159 2205 
2207 254 27 4 0 2160 2206 
2208 254 28 4 0 2161 2207 
2209 254 29 4 0 2162 2208 
2210 254 30 4 0 2163 2209 
2211 254 31 4 0 2164 2210 
2212 254 32 4 0 2165 2211 
2213 254 33 4 0 2166 2212 
2214 254 34 4 0 2167 2213 
2215 254 35 4 0 2168 2214 
2216 254 36 4 0 2169 2215 
2217 254 37 4 0 2170 2216 
2218 254 38 4 0 2171 2217 
2219 254 39 4 0 2172 2218 
2220 254 40 4 0 2173 2219 
2221 254 41 4 0 2174 2220 
2222 254 42 4 0 2175 2221 
2223 254 43 4 0 2176 2222 
2224 254 44 4 0 2177 2223 
2225 254 45 4 0 2178 2224 
2226 254 46 4 0 2179 2225 
2227 254 47 4 0 2180 2226 
2228 254 48 4 0 2181 2227 
2229 254 49 4 0 2182 2228 
2230 254 50 4 0 2183 2229 
2231 254 51 4 0 2184 2230 
2232 254 52 4 0 2185 2231 
2233 254 53 4 0 2186 2232 
2234 254 54 4 0 2187 2233 
2235 254 55 4 0 2188 2234 
2236 254 56 4 0 2189 2235 
2237 254 57 4 0 2190 2236 
2238 254 58 4 0 2237 
2239 254 59 4 0 2238 
2240 255 11 4 0 2087 2088 2191 
2241 255 12 4 0 2088 2089 2090 2192 2240 
2242 255 13 4 0 2090 2091 2193 2241 
2243 255 14 4 0 2194 2242 
2244 255 15 4 0 2195 2243 
2245 255 16 4 0 2196 2244 
2246 255 17 4 0 2197 2245 
2247 255 18 4 0 2198 2246 
2248 255 19 4 0 2199 2247 
2249 255 20 4 0 2200 2248 
2250 255 21 4 0 2201 2249 
2251 255 22 4 0 2202 2250 
2252 255 23 4 0 2203 2251 
2253 255 24 4 0 2204 2252 
2254 255 25 4 0 2205 2253 
2255 255 26 4 0 2206 2254 
2256 255 27 4 0 2207 2255 
2257 255 28 4 0 2208 2256 
2258 255 29 4 0 2209 2257 
2259 255 30 4 0 2210 2258 
2260 255 31 4 0 2211 2259 
2261 255 32 4 0 2212 2260 
2262 255 33 4 0 2213 2261 
2263 255 34 4 0 2214 2262 
2264 255 35 4 0 2215 2263 
2265 255 36 4 0 2216 2264 
2266 255 37 4 0 2217 2265 
2267 255 38 4 0 2218 2266 
2268 255 39 4 0 2219 2267 
2269 255 40 4 0 2220 2268 
2270 255 41 4 0 2221 2269 
2271 255 42 4 0 2222 2270 
2272 255 43 4 0 2223 2271 
2273 255 44 4 0 2224 2272 
2274 255 45 4 0 2225 2273 
2275 255 46 4 0 2226 2274 
2276 255 47 4 0 2227 2275 
2277 255 48 4 0 2228 2276 
2278 255 49 4 0 2229 2277 
2279 255 50 4 0 2230 
2280 507 30 3 0 2239 
2281 508 21 3 0 2222 2223 
2282 508 22 3 0 2223 2224 2225 
2283 508 23 3 0 2225 2226 2227 2282 
2284 508 24 3 0 2227 2228 2229 2283 
2285 508 25 3 0 2229 2230 2231 2284 
2286 508 26 3 0 2231 2232 2233 2285 
2287 508 27 3 0 2233 2234 2235 2286 
2288 508 28 3 0 2235 2236 2237 2287 
2289 508 29 3 0 2238 2288 
2290 508 30 3 0 2239 2280 2289 
2291 508 31 3 0 2290 
2292 508 32 3 0 2291 
2293 508 33 3 0 2292 
2294 508 34 3 0 2293 
2295 509 13 3 0 2255 2256 
2296 509 14 3 0 2256 2257 2258 2295 
2297 509 15 3 0 2258 2259 2260 2296 
2298 509 16 3 0 2260 2261 2262 2297 
2299 509 17 3 0 2214 2215 2262 2263 2264 2298 
2300 509 18 3 0 2215 2216 2217 2264 2265 2266 2299 
2301 509 19 3 0 2217 2218 2219 2266 2267 2268 2300 
2302 509 20 3 0 2219 2220 2221 2268 2269 2270 2301 
2303 509 21 3 0 2221 2222 2223 2270 2271 2272 2281 2302 
2304 509 22 3 0 2223 2224 2225 2272 2273 2274 2282 2303 
2305 509 23 3 0 2225 2226 2227 2274 2275 2276 2283 2304 
2306 509 24 3 0 2227 2228 2229 2276 2277 2278 2284 2305 
2307 509 25 3 0 2229 2230 2231 2278 2279 2285 2306 
2308 509 26 3 0 2231 2232 2233 2286 2307 
2309 509 27 3 0 2233 2234 2235 2287 2308 
2310 509 28 3 0 2235 2236 2237 2288 2309 
2311 509 29 3 0 2238 2289 2310 
2312 509 30 3 0 2290 2311 
2313 509 31 3 0 2291 2312 
2314 509 32 3 0 2292 2313 
2315 509 33 3 0 2293 2314 
2316 509 34 3 0 2294 2315 
2317 509 35 3 0 2316 
2318 509 36 3 0 2317 
2319 509 37 3 0 2318 
2320 509 38 3 0 2319 
2321 509 39 3 0 2320 
2322 509 40 3 0 2321 
2323 509 41 3 0 2322 
2324 510 8 3 0 2245 2246 
2325 510 9 3 0 2246 2247 2248 2324 
2326 510 10 3 0 2248 2249 2250 2325 
2327 510 11 3 0 2250 2251 2252 2326 
2328 510 12 3 0 2252 2253 2254 2327 
2329 510 13 3 0 2254 2255 2256 2295 2328 
2330 510 14 3 0 2256 2257 2258 2296 2329 
2331 510 15 3 0 2258 2259 2260 2297 2330 
2332 510 16 3 0 2260 2261 2262 2298 2331 
2333 510 17 3 0 2262 2263 2264 2299 2332 
2334 510 18 3 0 2264 2265 2266 2300 2333 
2335 510 19 3 0 2266 2267 2268 2301 2334 
2336 510 20 3 0 2268 2269 2270 2302 2335 
2337 510 21 3 0 2270 2303 2336 
2338 510 22 3 0 2304 2337 
2339 510 23 3 0 2305 2338 
2340 510 24 3 0 2306 2339 
2341 510 25 3 0 2307 2340 
2342 510 26 3 0 2308 2341 
2343 510 27 3 0 2309 2342 
2344 510 28 3 0 2310 2343 
2345 510 29 3 0 2311 2344 
2346 510 30 3 0 2312 2345 
2347 510 31 3 0 2313 2346 
2348 510 32 3 0 2314 2347 
2349 510 33 3 0 2315 2348 
2350 510 34 3 0 2316 2349 
2351 510 35 3 0 2317 2350 
2352 510 36 3 0 2318 2351 
2353 510 37 3 0 2319 2352 
2354 510 38 3 0 2320 2353 
2355 510 39 3 0 2321 2354 
2356 510 40 3 0 2322 2355 
2357 510 41 3 0 2323 2356 
2358 510 42 3 0 2357 
2359 510 43 3 0 2358 
2360 511 8 3 0 2245 2246 2324 
2361 511 9 3 0 2246 2247 2248 2325 2360 
2362 511 10 3 0 2248 2249 2250 2326 2361 
2363 511 11 3 0 2250 2251 2252 2327 2362 
2364 511 12 3 0 2252 2253 2254 2328 2363 
2365 511 13 3 0 2254 2329 2364 
2366 511 14 3 0 2330 2365 
2367 511 15 3 0 2331 2366 
2368 511 16 3 0 2332 2367 
2369 511 17 3 0 2333 2368 
2370 511 18 3 0 2334 2369 
2371 511 19 3 0 2335 2370 
2372 511 20 3 0 2336 2371 
2373 511 21 3 0 2337 2372 
2374 511 22 3 0 2338 2373 
2375 511 23 3 0 2339 2374 
2376 511 24 3 0 2340 2375 
2377 511 25 3 0 2341 2376 
2378 511 26 3 0 2342 2377 
2379 511 27 3 0 2343 2378 
2380 511 28 3 0 2344 2379 
2381 511 29 3 0 2345 2380 
2382 511 30 3 0 2346 2381 
2383 511 31 3 0 2347 2382 
2384 511 32 3 0 2348 2383 
2385 511 33 3 0 2349 2384 
2386 511 34 3 0 2350 2385 
2387 511 35 3 0 2351 2386 
2388 511 36 3 0 2352 2387 
2389 511 37 3 0 2353 2388 
2390 511 38 3 0 2354 2389 
2391 511 39 3 0 2355 2390 
2392 511 40 3 0 2356 2391 
2393 511 41 3 0 2357 2392 
2394 511 42 3 0 2358 2393 
2395 511 43 3 0 2394 
2396 1019 21 2 0 2358 2359 
2397 1019 22 2 0 2359 
2398 1020 13 2 0 2341 2342 2343 
2399 1020 14 2 0 2343 2344 2345 2398 
2400 1020 15 2 0 2345 2346 2347 2399 
2401 1020 16 2 0 2347 2348 2349 2400 
2402 1020 17 2 0 2349 2350 2351 2401 
2403 1020 18 2 0 2351 2352 2353 2402 
2404 1020 19 2 0 2353 2354 2355 2403 
2405 1020 20 2 0 2355 2356 2357 2404 
2406 1020 21 2 0 2358 2359 2396 2405 
2407 1020 22 2 0 2359 2397 2406 
2408 1020 23 2 0 2407 
2409 1020 24 2 0 2408 
2410 1020 25 2 0 2409 
2411 1020 26 2 0 2410 
2412 1021 6 2 0 2364 2365 
2413 1021 7 2 0 2365 2366 2367 2412 
2414 1021 8 2 0 2333 2367 2368 2369 2413 
2415 1021 9 2 0 2333 2334 2335 2369 2370 2371 2414 
2416 1021 10 2 0 2335 2336 2337 2371 2372 2373 2415 
2417 1021 11 2 0 2337 2338 2339 2373 2374 2375 2416 
2418 1021 12 2 0 2339 2340 2341 2375 2376 2377 2417 
2419 1021 13 2 0 2341 2342 2343 2377 2378 2379 2398 2418 
2420 1021 14 2 0 2343 2344 2345 2379 2380 2381 2399 2419 
2421 1021 15 2 0 2345 2346 2347 2381 2382 2383 2400 2420 
2422 1021 16 2 0 2347 2348 2349 2383 2384 2385 2401 2421 
2423 1021 17 2 0 2349 2350 2351 2385 2386 2387 2402 2422 
2424 1021 18 2 0 2351 2352 2353 2387 2388 2389 2403 2423 
2425 1021 19 2 0 2353 2354 2355 2389 2390 2391 2404 2424 
2426 1021 20 2 0 2355 2356 2357 2391 2392 2393 2405 2425 
2427 1021 21 2 0 2358 2359 2394 2395 2406 2426 
2428 1021 22 2 0 2359 2395 2407 2427 
2429 1021 23 2 0 2408 2428 
2430 1021 24 2 0 2409 2429 
2431 1021 25 2 0 2410 2430 
2432 1021 26 2 0 2411 2431 
2433 1021 27 2 0 2432 
2434 1021 28 2 0 2433 
2435 1021 29 2 0 2434 
2436 1021 30 2 0 2435 
2437 1021 31 2 0 2436 
2438 1022 6 2 0 2364 2365 2412 
2439 1022 7 2 0 2365 2366 2367 2413 2438 
2440 1022 8 2 0 2367 2368 2369 2414 2439 
2441 1022 9 2 0 2369 2370 2371 2415 2440 
2442 1022 10 2 0 2371 2372 2373 2416 2441 
2443 1022 11 2 0 2373 2374 2375 2417 2442 
2444 1022 12 2 0 2375 2376 2377 2418 2443 
2445 1022 13 2 0 2377 2378 2379 2419 2444 
2446 1022 14 2 0 2379 2380 2381 2420 2445 
2447 1022 15 2 0 2381 2382 2383 2421 2446 
2448 1022 16 2 0 2383 2384 2385 2422 2447 
2449 1022 17 2 0 2385 2386 2387 2423 2448 
2450 1022 18 2 0 2387 2388 2389 2424 2449 
2451 1022 19 2 0 2389 2390 2391 2425 2450 
2452 1022 20 2 0 2391 2392 2393 2426 2451 
2453 1022 21 2 0 2394 2427 2452 
2454 1022 22 2 0 2428 2453 
2455 1022 23 2 0 2429 2454 
2456 1022 24 2 0 2430 2455 
2457 1022 25 2 0 2431 2456 
2458 1022 26 2 0 2432 2457 
2459 1022 27 2 0 2433 2458 
2460 1022 28 2 0 2434 2459 
2461 1022 29 2 0 2435 2460 
2462 1022 30 2 0 2436 2461 
2463 1022 31 2 0 2437 2462 
2464 1023 6 2 0 2362 2363 2364 2365 2438 
2465 1023 7 2 0 2364 2365 2366 2367 2439 2464 
2466 1023 8 2 0 2367 2368 2369 2440 2465 
2467 1023 9 2 0 2369 2370 2371 2441 2466 
2468 1023 10 2 0 2371 2372 2373 2442 2467 
2469 1023 11 2 0 2373 2374 2375 2443 2468 
2470 1023 12 2 0 2375 2376 2377 2444 2469 
2471 1023 13 2 0 2377 2445 2470 
2472 1023 14 2 0 2446 2471 
2473 1023 15 2 0 2447 2472 
2474 1023 16 2 0 2448 2473 
2475 1023 17 2 0 2449 2474 
2476 1023 18 2 0 2450 2475 
2477 1023 19 2 0 2451 2476 
2478 1023 20 2 0 2452 2477 
2479 1023 21 2 0 2453 2478 
2480 1023 22 2 0 2454 2479 
2481 1023 23 2 0 2455 2480 
2482 1023 24 2 0 2456 2481 
2483 1023 25 2 0 2457 2482 
2484 1023 26 2 0 2458 2483 
2485 1023 27 2 0 2459 2484 
2486 1023 28 2 0 2460 2485 
2487 1023 29 2 0 2461 2486 
2488 1023 30 2 0 2462 2487 
2489 1023 31 2 0 2463 2488 
2490 2042 13 1 0 2431 2432 2433 
2491 2042 14 1 0 2433 2434 2435 2490 
2492 2042 15 1 0 2435 2436 2437 2491 
2493 2042 16 1 1 2437 2492 
2494 2043 5 1 0 2441 2442 2443 
2495 2043 6 1 0 2443 2444 2445 2494 
2496 2043 7 1 0 2445 2446 2447 2495 
2497 2043 8 1 0 2423 2447 2448 2449 2496 
2498 2043 9 1 0 2423 2424 2425 2449 2450 2451 2497 
2499 2043 10 1 0 2425 2426 2427 2451 2452 2453 2498 
2500 2043 11 1 0 2427 2428 2429 2453 2454 2455 2499 
2501 2043 12 1 0 2429 2430 2431 2455 2456 2457 2500 
2502 2043 13 1 0 2431 2432 2433 2457 2458 2459 2490 2501 
2503 2043 14 1 0 2433 2434 2435 2459 2460 2461 2491 2502 
2504 2043 15 1 0 2435 2436 2437 2461 2462 2463 2492 2503 
2505 2043 16 1 1 2437 2463 2493 2504 
2506 2044 5 1 0 2441 2442 2443 2494 
2507 2044 6 1 0 2443 2444 2445 2495 2506 
2508 2044 7 1 0 2445 2446 2447 2496 2507 
2509 2044 8 1 0 2447 2448 2449 2497 2508 
2510 2044 9 1 0 2449 2450 2451 2498 2509 
2511 2044 10 1 0 2451 2452 2453 2499 2510 
2512 2044 11 1 0 2453 2454 2455 2500 2511 
2513 2044 12 1 0 2455 2456 2457 2501 2512 
2514 2044 13 1 0 2457 2458 2459 2502 2513 
2515 2044 14 1 0 2459 2460 2461 2503 2514 
2516 2044 15 1 0 2461 2462 2463 2504 2515 
2517 2044 16 1 1 2463 2505 2516 
2518 2045 5 1 0 2441 2442 2443 2467 2468 2469 2506 
2519 2045 6 1 0 2443 2444 2445 2469 2470 2471 2507 2518 
2520 2045 7 1 0 2445 2446 2447 2471 2472 2473 2508 2519 
2521 2045 8 1 0 2447 2448 2449 2473 2474 2475 2509 2520 
2522 2045 9 1 0 2449 2450 2451 2475 2476 2477 2510 2521 
2523 2045 10 1 0 2451 2452 2453 2477 2478 2479 2511 2522 
2524 2045 11 1 0 2453 2454 2455 2479 2480 2481 2512 2523 
2525 2045 12 1 0 2455 2456 2457 2481 2482 2483 2513 2524 
2526 2045 13 1 0 2457 2458 2459 2483 2484 2485 2514 2525 
2527 2045 14 1 0 2459 2460 2461 2485 2486 2487 2515 2526 
2528 2045 15 1 0 2461 2462 2463 2487 2488 2489 2516 2527 
2529 2045 16 1 1 2463 2489 2517 2528 
2530 2046 5 1 0 2467 2468 2469 2518 
2531 2046 6 1 0 2469 2470 2471 2519 2530 
2532 2046 7 1 0 2471 2472 2473 2520 2531 
2533 2046 8 1 0 2473 2474 2475 2521 2532 
2534 2046 9 1 0 2475 2476 2477 2522 2533 
2535 2046 10 1 0 2477 2478 2479 2523 2534 
2536 2046 11 1 0 2479 2480 2481 2524 2535 
2537 2046 12 1 0 2481 2482 2483 2525 2536 
2538 2046 13 1 0 2483 2484 2485 2526 2537 
2539 2046 14 1 0 2485 2486 2487 2527 2538 
2540 2046 15 1 0 2487 2488 2489 2528 2539 
2541 2046 16 1 1 2489 2529 2540 
2542 2047 5 1 0 2465 2466 2467 2468 2469 2530 
2543 2047 6 1 0 2467 2468 2469 2470 2471 2531 2542 
2544 2047 7 1 0 2470 2471 2472 2473 2532 2543 
2545 2047 8 1 0 2472 2473 2474 2475 2533 2544 
2546 2047 9 1 0 2475 2476 2477 2534 2545 
2547 2047 10 1 0 2477 2478 2479 2535 2546 
2548 2047 11 1 0 2479 2480 2481 2536 2547 
2549 2047 12 1 0 2481 2482 2483 2537 2548 
2550 2047 13 1 0 2538 2549 
2551 2047 14 1 0 2539 2550 
2552 2047 15 1 0 2540 2551 
2553 2047 16 1 0 2541 2552 
2554 4087 4 0 0 2510 
2555 4087 5 0 0 2510 2511 2512 2554 
2556 4087 6 0 0 2512 2513 2514 2555 
2557 4087 7 0 0 2514 2515 2516 2556 
2558 4087 8 0 0 2516 2517 2557 
2559 4088 4 0 0 2507 2508 2509 2510 2554 
2560 4088 5 0 0 2510 2511 2512 2555 2559 
2561 4088 6 0 0 2512 2513 2514 2556 2560 
2562 4088 7 0 0 2514 2515 2516 2557 2561 
2563 4088 8 0 0 2516 2517 2558 2562 
2564 4089 4 0 0 2507 2508 2509 2522 2559 
2565 4089 5 0 0 2522 2523 2524 2560 2564 
2566 4089 6 0 0 2524 2525 2526 2561 2565 
2567 4089 7 0 0 2526 2527 2528 2562 2566 
2568 4089 8 0 0 2528 2529 2563 2567 
2569 4090 4 0 0 2519 2520 2521 2522 2564 
2570 4090 5 0 0 2522 2523 2524 2565 2569 
2571 4090 6 0 0 2524 2525 2526 2566 2570 
2572 4090 7 0 0 2526 2527 2528 2567 2571 
2573 4090 8 0 0 2528 2529 2568 2572 
2574 4091 4 0 0 2519 2520 2521 2534 2569 
2575 4091 5 0 0 2534 2535 2536 2570 2574 
2576 4091 6 0 0 2536 2537 2538 2571 2575 
2577 4091 7 0 0 2538 2539 2540 2572 2576 
2578 4091 8 0 0 2540 2541 2573 2577 
2579 4092 4 0 0 2531 2532 2533 2534 2574 
2580 4092 5 0 0 2534 2535 2536 2575 2579 
2581 4092 6 0 0 2536 2537 2538 2576 2580 
2582 4092 7 0 0 2538 2539 2540 2577 2581 
2583 4092 8 0 0 2540 2541 2578 2582 
2584 4093 4 0 0 2531 2532 2533 2546 2579 
2585 4093 5 0 0 2546 2547 2548 2580 2584 
2586 4093 6 0 0 2548 2549 2550 2581 2585 
2587 4093 7 0 0 2550 2551 2552 2582 2586 
2588 4093 8 0 0 2552 2553 2583 2587 
2589 4094 4 0 0 2543 2544 2545 2546 2584 
2590 4094 5 0 0 2546 2547 2548 2585 2589 
2591 4094 6 0 0 2548 2549 2550 2586 2590 
2592 4094 7 0 0 2550 2551 2552 2587 2591 
2593 4094 8 0 0 2552 2553 2588 2592 
2594 4095 4 0 0 2543 2544 2545 2589 
2595 4095 5 0 0 2544 2545 2546 2590 2594 
2596 4095 6 0 0 2547 2548 2549 2591 2595 
2597 4095 7 0 0 2549 2550 2551 2592 2596 
2598 4095 8 0 0 2551 2552 2553 2593 2597 
