1126073342 1126114861
1126121232 1126123267
1126123321 1126126832
1126138987 1126139266
1126148910 1126155336
1126155651 1126166028
1126251415 1126252133
1126252143 1126274322
1126276086 1126281754
1126282260 1126282448
1126289878 1126307497
1126308522 1126365947
1126400448 1126401453
1126401543 1126426037
1126426348 1126427417
1126432078 1126448905
1126470529 1126476499
1126476611 1126480080
1126523629 1126530914
1126532942 1126544642
1126545381 1126604112
1126611343 1126613091
1126615186 1126629181
1126633121 1126677317
1126682596 1126691793
1126714260 1126715543
1126719702 1126720055
1126721501 1126821941
1126829345 1126835921
1126837038 1126851578
1126854982 1126893227
1126907719 1126909054
1126910309 1126910328
1126910419 1126915782
1126917983 1126944159
1126946084 1126969223
1126987777 1126991568
1126991995 1127074604
1127076454 1127082130
1127087451 1127111469
1127118883 1127120670
1127120693 1127133359
1127156355 1127158672
1127166251 1127224040
1127233421 1127256633
1127258621 1127272523
1127276220 1127276436
1127283620 1127310629
1127313107 1127329701
1127329752 1127474280
1127474840 1127480886
1127481423 1127485928
1127486610 1127490664
1127492815 1127497073
1127497295 1127499083
1127505005 1127505127
1127505432 1127538416
1127541740 1127541833
1127542040 1127572338
1127600335 1127604345
1127605811 1127613783
1127617433 1127634253
1127637444 1127670202
1127672356 1127672621
1127677296 1127682859
1127688701 1127743166
1127745518 1127745778
1127747149 1127767654
1127781789 1127814170
1127833789 1127836741
1127849780 1127851198
1127931832 1127946147
1127947881 1127952059
1127957695 1127964953
1127966825 1128021672
1128027736 1128100907
1128116145 1128176312
1128211934 1128302784
1128303867 1128303900
1128305151 1128305326
1128307265 1128307751
1128318602 1128351692
1128387358 1128462211
1128465158 1128527937
1128536431 1128546187
1128618527 1128708736
1128736191 1128763900
1128771748 1128782611
1128812055 1128837796
1128858247 1128873900
1128876302 1128880792
1128892523 1128897293
1128898889 1128922731
1128929810 1128929843
1128931740 1128956513
1128985095 1129003850
1129007581 1129011309
1129035536 1129136348
1129136682 1129152759
1129155660 1129222395
1129230007 1129260383
1129265646 1129320491
1129328003 1129383056
1129482004 1129493030
1129497297 1129574798
1129609208 1129615584
1129618346 1129627650
1129633170 1129668754
1129674763 1129676608
1129684863 1129703995
1129721697 1129777891
1129786042 1129802401
1129876646 1129882366
1129967683 1129968128
1129973180 1129974141
1129974959 1129992773
1130018553 1130094286
1130119479 1130164504
1130170534 1130170740
1130171124 1130184410
1130187857 1130192283
1130196168 1130244155
1130308618 1130330491
1130467573 1130482412
1130499285 1130559234
1130572617 1130578448
1130585317 1130603139
1130638211 1130645698
1130655704 1130689007
1130696882 1130700407
1130704979 1130711922
1130722395 1130743336
1130744618 1130753415
1130767105 1130864260
1130875481 1130889786
1130893220 1130916520
1130941035 1130965833
1130969522 1131016006
1131054330 1131063881
1131065013 1131066220
1131067378 1131067571
1131145277 1131179534
1131182058 1131206809
1131258440 1131260214
1131262416 1131272860
1131293845 1131303135
1131308708 1131314499
1131319276 1131387095
1131394838 1131429841
1131599292 1131647696
1131648702 1131665255
1131704322 1131728751
1131733746 1131734169
1131736201 1131777449
1131779500 1131780860
1131944304 1131954784
1131957517 1131962150
1131970921 1131988271
1132013797 1132035036
1132042025 1132044354
1132046782 1132055744
1132056576 1132071636
1132073070 1132090332
1132100563 1132103455
1132108537 1132185253
1132197472 1132204774
1132207129 1132287599
1132297123 1132314879
1132317513 1132339955
1132342061 1132347642
1132353292 1132354122
1132369810 1132370126
1132371479 1132414098
1132477918 1132552703
1132566362 1132591494
1132596048 1132637904
1132646950 1132688789
1132707004 1132814101
1132882261 1132912808
1132920054 1133019999
1133053769 1133093793
1133093951 1133121833
1133122786 1133138731
1133138914 1133138980
1133139167 1133172949
1133180450 1133233383
1133244433 1133245565
1133260119 1133304360
1133326571 1133380618
1133442869 1133468426
1133579838 1133625907
1133663076 1133665971
1133674220 1133692878
1133740379 1133744009
1133744521 1133747565
1133752701 1133754942
1133759636 1133771116
1133771277 1133773825
1133775853 1133801006
1133927277 1133976064
1133978532 1133979005
1133988935 1133991162
1133993497 1133995504
1133996639 1134010574
1134066117 1134068212
1134074728 1134076535
1134104115 1134156863
1134158208 1134178264
1134188934 1134195798
1134197842 1134222546
1134267833 1134278456
1134280603 1134291628
1134291868 1134292250
1134292480 1134302304
1134303228 1134303823
1134304318 1134304357
1134304593 1134348434
1134352011 1134355920
1134358570 1134416150
1134432391 1134510211
1134518063 1134528862
1134543174 1134673731
1134674714 1134675707
1134720436 1134768190
1134772038 1134775552
1134776492 1134783951
1134784603 1134835439
1134862042 1134878382
1134884318 1134929652
1135021802 1135024394
1135033157 1135065789
1135066767 1135095421
1135095582 1135107747
1135136132 1135151418
1135151765 1135234150
1135238643 1135364643
1135366079 1135391749
1135411109 1135417372
1135418666 1135446251
1135457526 1135496456
1135516970 1135596211
1135617192 1135651273
1135664800 1135698459
1135703491 1135717343
1135737109 1135770186
1135776762 1135843684
1135853057 1135898693
1135911179 1135924188
1135925001 1135943020
1135948517 1135965365
1135968898 1135975834
1135980656 1135991814
1136001886 1136001888
1136004514 1136024580
1136032582 1136038418
1136090432 1136091020
1136106568 1136116366
1136116706 1136122930
1136164505 1136176726
1136180347 1136181264
1136192710 1136217629
1136260445 1136304022
1136346535 1136347154
1136347648 1136376123
1136376659 1136399182
1136400642 1136408548
1136411629 1136414325
1136414685 1136419210
1136419501 1136428437
1136431052 1136435569
1136435772 1136462440
1136463255 1136466239
1136476672 1136479761
1136482802 1136527335
1136528459 1136560537
1136560777 1136567007
1136582038 1136584903
1136585109 1136596292
1136597058 1136650093
1136706986 1136740384
1136799305 1136801202
1136801781 1136806968
1136816633 1136826646
1136861129 1136915389
1136923466 1136927118
1136927550 1136930091
1136953663 1137002455
1137022301 1137030355
1137030507 1137030916
1137040346 1137097551
1137122486 1137124012
1137210817 1137253524
