1126293017 1126293257
1126299137 1126299197
1126299497 1126299557
1126301417 1126301717
1126301897 1126301957
1126302197 1126302257
1126302437 1126302497
1126302557 1126302617
1126304477 1126304537
1126304597 1126304777
1126304897 1126305077
1126305197 1126305377
1126305437 1126305557
1126305617 1126306937
1126307057 1126308017
1126308137 1126308257
1126309577 1126309637
1126309817 1126309877
1126327397 1126327457
1126328957 1126329017
1126330637 1126330697
1126331060 1126365950
1126366937 1126366997
1126367057 1126367117
1126367717 1126367777
1126401917 1126401977
1126420217 1126420277
1126575197 1126575257
1126631837 1126631897
1126632077 1126633397
1126633457 1126633637
1126633697 1126633877
1126634057 1126634117
1126634237 1126634417
1126634477 1126634537
1126635077 1126635137
1126636997 1126637057
1126637117 1126637177
1126637357 1126637537
1126657697 1126657757
1126657817 1126657937
1126659317 1126659377
1126676597 1126676717
1126677677 1126677737
1126677857 1126677917
1126807637 1126807697
1126808537 1126808597
1126808777 1126808837
1126810637 1126810817
1126813757 1126813817
1126813877 1126814057
1126814177 1126814297
1126814357 1126814717
1126816037 1126816097
1126816517 1126816577
1126818437 1126818497
1126818557 1126818677
1126818737 1126818917
1126819517 1126819577
1126820117 1126820477
1126820597 1126820657
1126821917 1126822037
1126822337 1126822517
1126822577 1126822637
1126823357 1126823417
1126823537 1126823597
1126823777 1126823837
1126823897 1126824017
1126824077 1126824137
1126824197 1126824257
1126830137 1126830197
1126830857 1126830917
1126831277 1126831757
1126832537 1126832717
1126833017 1126833077
1126833137 1126833377
1126833497 1126836077
1126836437 1126836677
1126837097 1126837277
1126838177 1126838237
1126852457 1126852577
1126856957 1126857017
1126871897 1126872077
1126872677 1126872737
1126873457 1126873517
1126873577 1126873697
1126873877 1126873937
1126874057 1126874177
1126874237 1126874297
1126874417 1126874477
1126874717 1126874777
1126874897 1126874957
1126875437 1126875557
1126878137 1126878257
1126879217 1126879277
1126879397 1126879457
1126879697 1126879817
1126879877 1126880117
1126881137 1126881437
1126881497 1126881677
1126881857 1126881977
1126882097 1126882217
1126882277 1126882877
1126883057 1126883597
1126883717 1126883777
1126884137 1126884257
1126885097 1126885217
1126885877 1126885937
1126886117 1126886177
1126886477 1126886537
1126886597 1126886777
1126886897 1126887137
1126887677 1126887977
1126888037 1126888397
1126888457 1126888517
1126888577 1126888637
1126894937 1126895117
1126897037 1126897097
1126897157 1126897217
1126898297 1126898417
1126898717 1126898777
1126898837 1126898957
1126899017 1126899137
1126899257 1126899317
1126899497 1126899557
1126899617 1126899737
1126899797 1126899857
1126900517 1126900697
1126900757 1126900877
1126901237 1126901477
1126901537 1126901777
1126901897 1126902137
1126902197 1126902317
1126902917 1126902977
1126903457 1126903517
1126903577 1126903637
1126903757 1126903817
1126904177 1126904237
1126904357 1126904537
1126904597 1126904717
1126906157 1126906217
1126906457 1126906517
1126906637 1126906757
1126909037 1126909097
1126909457 1126909517
1126910537 1126910657
1126914257 1126915037
1126915097 1126915157
1126927457 1126927577
1126928357 1126928477
1126932377 1126932497
1126937597 1126937657
1126965677 1126965797
1126972157 1126972397
1126972457 1126972517
1126972637 1126972937
1126972997 1126973057
1126973537 1126973837
1126973897 1126974017
1126979057 1126979777
1126980317 1126980377
1126980437 1126980617
1126980737 1126981217
1126981637 1126981757
1126981997 1126982117
1126982897 1126982957
1127074817 1127074877
1127076077 1127076257
1127076317 1127076377
1127076737 1127076917
1127079617 1127079677
1127079797 1127079917
1127089697 1127089757
1127090357 1127090477
1127090537 1127090657
1127091917 1127092037
1127096837 1127096897
1127100077 1127100197
1127105477 1127105537
1127108297 1127108357
1127109797 1127109857
1127111417 1127111777
1127111837 1127112017
1127113337 1127113397
1127113457 1127113517
1127113937 1127113997
1127114477 1127114537
1127114837 1127114897
1127115437 1127115497
1127116097 1127116217
1127116337 1127116397
1127118677 1127118797
1127118857 1127118917
1127119517 1127119577
1127120537 1127120597
1127123897 1127124017
1127124197 1127124497
1127135417 1127135477
1127135657 1127135717
1127139977 1127140577
1127143217 1127143397
1127144357 1127144477
1127144597 1127145377
1127145497 1127145617
1127146697 1127146757
1127146817 1127146937
1127147117 1127147177
1127147237 1127147357
1127148377 1127148437
1127148737 1127148797
1127150297 1127150357
1127151617 1127151737
1127152877 1127152937
1127154677 1127154737
1127156117 1127156357
1127156897 1127157017
1127158037 1127158097
1127158277 1127158457
1127158757 1127158817
1127160617 1127160677
1127163737 1127163797
1127165297 1127165477
1127166797 1127166857
1127167277 1127167337
1127169917 1127169977
1127173517 1127173577
1127173997 1127174057
1127174177 1127174237
1127175377 1127175437
1127184737 1127184797
1127189897 1127189957
1127245757 1127245937
1127245997 1127246237
1127246297 1127246357
1127246537 1127246657
1127246897 1127247017
1127247077 1127247137
1127247377 1127247797
1127247857 1127247917
1127248037 1127248097
1127248817 1127248877
1127249177 1127249297
1127249477 1127249597
1127249657 1127249777
1127252057 1127252117
1127265437 1127265497
1127279177 1127279237
1127284277 1127284337
1127286137 1127286617
1127289977 1127290157
1127290937 1127290997
1127293757 1127293877
1127293937 1127293997
1127294057 1127294177
1127296097 1127296157
1127296817 1127296877
1127296997 1127297117
1127297357 1127297417
1127297537 1127297777
1127297957 1127298017
1127298077 1127298137
1127298197 1127298257
1127298377 1127298437
1127298977 1127299037
1127299157 1127299277
1127299577 1127299697
1127299757 1127300237
1127300297 1127300477
1127300777 1127301437
1127301497 1127301797
1127301917 1127302037
1127302097 1127302157
1127302217 1127302277
1127302337 1127303357
1127303417 1127303657
1127303777 1127303837
1127303957 1127304197
1127304317 1127304437
1127304617 1127305517
1127305577 1127306177
1127306237 1127306717
1127307017 1127307317
1127307377 1127307977
1127308397 1127308817
1127308877 1127309057
1127309117 1127309357
1127309477 1127309597
1127309717 1127309777
1127310497 1127311097
1127312297 1127312417
1127313437 1127314097
1127315297 1127315477
1127315597 1127315957
1127316017 1127316677
1127316737 1127317097
1127317997 1127318237
1127319617 1127319677
1127319737 1127319917
1127320517 1127320577
1127320637 1127320757
1127320817 1127320877
1127320937 1127321597
1127321657 1127321957
1127322077 1127322257
1127322317 1127322377
1127322437 1127322737
1127322977 1127323037
1127323217 1127323277
1127325077 1127325137
1127325197 1127325437
1127325557 1127325617
1127325977 1127326037
1127326277 1127326337
1127326997 1127327057
1127327357 1127327537
1127328497 1127328557
1127328977 1127329397
1127329457 1127329577
1127330117 1127330177
1127331677 1127331737
1127334857 1127334917
1127335037 1127335157
1127335397 1127335457
1127339417 1127339537
1127340017 1127340197
1127340317 1127340437
1127340497 1127340737
1127340797 1127340977
1127341157 1127341397
1127341457 1127341517
1127341817 1127341937
1127342537 1127343197
1127343317 1127343377
1127347097 1127347157
1127347217 1127347277
1127347637 1127348057
1127348117 1127348177
1127348537 1127348597
1127348897 1127348957
1127349257 1127349377
1127350217 1127350277
1127350337 1127350397
1127352257 1127352317
1127352437 1127352497
1127352677 1127352737
1127353457 1127353577
1127353757 1127353817
1127354057 1127354117
1127354177 1127354297
1127354357 1127354477
1127356637 1127356697
1127356757 1127356817
1127357237 1127357297
1127357357 1127357477
1127357537 1127357717
1127357777 1127358317
1127358377 1127358497
1127358557 1127358737
1127358797 1127359037
1127359097 1127359217
1127359277 1127359397
1127359457 1127359517
1127359577 1127359697
1127360057 1127360117
1127364257 1127364557
1127364677 1127364737
1127367377 1127367437
1127367737 1127368457
1127368517 1127368577
1127368877 1127368937
1127369117 1127369177
1127369237 1127369357
1127386037 1127386097
1127387357 1127387417
1127398817 1127399057
1127420057 1127420957
1127421077 1127421317
1127421497 1127421917
1127421977 1127422397
1127422457 1127422517
1127422577 1127422637
1127423117 1127423177
1127423837 1127423957
1127424197 1127424257
1127425277 1127425337
1127427137 1127427197
1127428157 1127428217
1127428457 1127428517
1127435297 1127435357
1127436377 1127436617
1127436677 1127436737
1127436797 1127436857
1127436917 1127436977
1127437037 1127437217
1127437397 1127438117
1127438177 1127438597
1127438837 1127439557
1127440517 1127440577
1127440757 1127440817
1127440997 1127441117
1127441177 1127441297
1127441357 1127442977
1127443037 1127443157
1127443217 1127443277
1127443877 1127444177
1127444717 1127444837
1127444897 1127447357
1127447417 1127447537
1127447597 1127447957
1127448257 1127448497
1127448917 1127448977
1127449037 1127449397
1127449457 1127449517
1127449697 1127449877
1127449937 1127450237
1127450417 1127450537
1127451317 1127451557
1127451737 1127451857
1127451917 1127452097
1127452217 1127452397
1127452457 1127452757
1127452817 1127452937
1127452997 1127453057
1127453237 1127453417
1127453477 1127453537
1127453597 1127453657
1127454197 1127454857
1127454917 1127455217
1127455277 1127455337
1127455637 1127455937
1127456117 1127456177
1127458637 1127458697
1127458997 1127459057
1127459117 1127459297
1127459477 1127459597
1127466017 1127466077
1127467097 1127467157
1127470037 1127470097
1127470757 1127470937
1127471177 1127471357
1127471597 1127471657
1127471717 1127471777
1127473037 1127473457
1127473517 1127474297
1127474477 1127474537
1127476277 1127476337
1127477237 1127477297
1127479877 1127479937
1127480177 1127480357
1127480537 1127480597
1127480657 1127480957
1127481077 1127481197
1127483717 1127483777
1127484977 1127485037
1127485157 1127485277
1127485337 1127485517
1127485637 1127485817
1127485937 1127486057
1127490677 1127490737
1127490917 1127491217
1127491337 1127491517
1127491577 1127491877
1127491937 1127492297
1127492717 1127492897
1127492957 1127493377
1127494277 1127494937
1127495597 1127495657
1127495837 1127496677
1127496737 1127497037
1127497637 1127497757
1127497817 1127497877
1127499077 1127499257
1127499317 1127499557
1127499977 1127500037
1127500097 1127500157
1127500397 1127500517
1127500577 1127500697
1127500817 1127501297
1127538497 1127538617
1127538737 1127539217
1127539277 1127539397
1127539457 1127539517
1127540597 1127540717
1127540777 1127540957
1127541197 1127541437
1127541797 1127541857
1127574377 1127574557
1127574617 1127574857
1127575457 1127575637
1127575757 1127575817
1127575877 1127575937
1127575997 1127576057
1127576597 1127576717
1127576777 1127576837
1127577197 1127577317
1127577377 1127577797
1127577977 1127578097
1127579957 1127580017
1127581277 1127581397
1127581697 1127581817
1127581877 1127581997
1127590337 1127590577
1127591297 1127591357
1127591537 1127592197
1127592377 1127592437
1127592497 1127592557
1127593457 1127593637
1127594597 1127594657
1127594837 1127594957
1127595377 1127595437
1127595557 1127595617
1127595677 1127595857
1127596217 1127596337
1127596517 1127596817
1127596877 1127596937
1127597057 1127597297
1127597477 1127597597
1127597657 1127597777
1127599157 1127599217
1127603597 1127603657
1127603897 1127603957
1127610497 1127610557
1127634250 1127634253
1127671217 1127671277
1127671457 1127671517
1127671577 1127671757
1127671817 1127671877
1127671937 1127672057
1127814167 1127814170
1127924657 1127924717
1128310517 1128310637
1128314057 1128314117
1128315137 1128315197
1128331217 1128331337
1128331817 1128331877
1128367997 1128368357
1128369135 1128369855
1128370875 1128371415
1128371475 1128371655
1128740715 1128740835
1128783632 1128784112
1129294877 1129294937
1129320488 1129320491
1129383056 1129396336
1129404304 1129404784
1129800917 1129802405
1130006736 1130007344
1130007504 1130008176
1130015383 1130015443
1130015863 1130015983
1130016283 1130016763
1130016823 1130017183
1130017303 1130017903
1130299603 1130299723
1130326903 1130327023
1130327143 1130327203
1130662123 1130662243
1130662303 1130662363
1130688703 1130688763
1130689123 1130689483
1130689543 1130689603
1130691523 1130691703
1130696729 1130700412
1130701303 1130701423
1130701543 1130702383
1130704826 1130711927
1130713363 1130713483
1130714143 1130714203
1130714443 1130714803
1130714923 1130714983
1130715283 1130715403
1131035717 1131035777
1131036137 1131036857
1131047357 1131047417
1131047477 1131047777
1131047837 1131048377
1131048497 1131048677
1131048917 1131048977
1131049217 1131049397
1131049457 1131049697
1131049817 1131050057
1131063917 1131063977
1131064337 1131064397
1131064860 1131069677
1131069797 1131069857
1131069917 1131069977
1131070037 1131070337
1131070457 1131070577
1131070637 1131073037
1131073277 1131073337
1131073397 1131073457
1131073697 1131075437
1131075497 1131077957
1131081017 1131081917
1131082457 1131084257
1131084317 1131085277
1131085337 1131085997
1131086117 1131087677
1131087737 1131088277
1131089777 1131089837
1131089897 1131090077
1131090197 1131091037
1131091097 1131092057
1131092117 1131093197
1131093257 1131093437
1131093497 1131093557
1131093617 1131093857
1131093977 1131094217
1131094757 1131095417
1131095597 1131095717
1131096077 1131096257
1131096437 1131096497
1131096617 1131097577
1131097757 1131097817
1131098717 1131098777
1131098957 1131120137
1131122357 1131122597
1131122837 1131122897
1131122957 1131123077
1131126197 1131126437
1131126497 1131126557
1131126617 1131126677
1131126857 1131127157
1131129377 1131129737
1131129857 1131129917
1131129977 1131130337
1131130397 1131130457
1131130577 1131131177
1131133517 1131133877
1131138377 1131138497
1131139457 1131139577
1131220496 1131220976
1131496577 1131496697
1131496877 1131497177
1131498917 1131498977
1131499037 1131499157
1131499397 1131500177
1131500237 1131500477
1131500537 1131500597
1131500657 1131500777
1131500897 1131501257
1131502457 1131502517
1131503057 1131503117
1131504617 1131504677
1131505817 1131505877
1131506117 1131506177
1131507317 1131507377
1131507437 1131507557
1131508937 1131509357
1131509417 1131509477
1131509597 1131510017
1131510077 1131511337
1131511397 1131514397
1131514757 1131515417
1131516137 1131516197
1131816737 1131816797
1131817517 1131817757
1131817937 1131817997
1131818057 1131818177
1131818297 1131818597
1131818657 1131819017
1131819137 1131819257
1131819317 1131819617
1131819797 1131819917
1131820097 1131820277
1131820337 1131820397
1131820457 1131820517
1131820637 1131820877
1131822017 1131822077
1131824417 1131824537
1131825317 1131825437
1131825677 1131825917
1131825977 1131826697
1131830928 1131831472
1131831959 1131832079
1131832139 1131832199
1131832259 1131832379
1131832559 1131832619
1131833279 1131833339
1131833579 1131833699
1131833819 1131834059
1131836459 1131836819
1131842459 1131843824
1131990531 1131990591
1131996351 1131996411
1131999471 1131999591
1132091331 1132091391
1132091571 1132091631
1132091691 1132091811
1132091871 1132092171
1132092351 1132092411
1132092831 1132092891
1132093071 1132093131
1132094211 1132094271
1132095111 1132095171
1132141397 1132141457
1132193717 1132193777
1132423457 1132423517
1133036880 1133038896
1133982077 1133982257
1134352637 1134352697
1134752897 1134752957
1134774977 1134775097
1134775277 1134775577
1134775697 1134775997
1134776349 1134783956
1134784757 1134784817
1134785117 1134785237
1134837257 1134837317
1134837377 1134837437
1134912017 1134912077
1134912137 1134912197
1134918497 1134918737
1134919157 1134919217
1134927677 1134927917
1134931337 1134931457
1134932537 1134932597
1134932957 1134933017
1134933077 1134933137
1134942017 1134942077
1134944477 1134944597
1134944657 1134944837
1134950897 1134950957
1134951017 1134951137
1134953777 1134953837
1134953957 1134954017
1134969197 1134969257
1134971657 1134971777
1134972197 1134972317
1134972377 1134972437
1134972977 1134973037
1135057817 1135057877
1135060997 1135061057
1135062257 1135064357
1135064417 1135064777
1135064837 1135095426
1136652257 1136652317
