1126072008 1126086553
1126088363 1126098729
1126099994 1126111138
1126164541 1126165915
1126233814 1126238906
1126245453 1126245963
1126256591 1126264691
1126301023 1126301382
1126301535 1126302050
1126302126 1126304365
1126304448 1126364087
1126394304 1126410042
1126414891 1126414953
1126415040 1126420940
1126423475 1126425848
1126552535 1126552974
1126553006 1126553627
1126553653 1126555046
1126555086 1126603333
1126626009 1126628100
1126643296 1126645392
1126645699 1126645794
1126645803 1126675574
1126686546 1126691334
1126694659 1126703536
1126730166 1126731309
1126731655 1126731926
1126732033 1126733225
1126736678 1126771420
1126787376 1126788161
1126791061 1126832426
1126832486 1126849861
1126868784 1126873675
1126884576 1126893057
1126908775 1126909411
1126909425 1126942368
1126954909 1126963846
1126981012 1126981079
1126981095 1126981474
1126981888 1126986166
1126986305 1126991792
1126994536 1126999495
1127000092 1127072295
1127072307 1127074207
1127087956 1127092215
1127094568 1127095447
1127095649 1127126633
1127126723 1127128496
1127128592 1127135244
1127146124 1127146500
1127159993 1127161385
1127163356 1127172026
1127175204 1127180171
1127180372 1127229875
1127234323 1127271521
1127308011 1127311315
1127326664 1127331295
1127332311 1127332890
1127333920 1127353008
1127353104 1127378210
1127384932 1127387760
1127387856 1127409172
1127421366 1127423155
1127424956 1127435760
1127435856 1127436818
1127442036 1127460551
1127464573 1127464898
1127466909 1127480974
1127481020 1127483227
1127496501 1127506096
1127507637 1127508497
1127512000 1127565085
1127588261 1127596191
1127596276 1127613329
1127616526 1127658897
1127664079 1127666082
1127666191 1127668646
1127678067 1127679029
1127687725 1127687856
1127687952 1127742709
1127743584 1127744349
1127747270 1127747334
1127777693 1127778327
1127780926 1127797784
1127807783 1127820439
1127820470 1127822123
1127822694 1127824340
1127824361 1127828337
1127833682 1127833914
1127902610 1127903412
1127905924 1127922265
1127976569 1128000259
1128000312 1128007755
1128035397 1128035610
1128036593 1128037349
1128039683 1128072514
1128116311 1128122032
1128122128 1128154234
1128154283 1128171655
1128198017 1128204054
1128204108 1128205107
1128207192 1128207193
1128207216 1128239687
1128240326 1128299091
1128308005 1128320816
1128320912 1128351770
1128386800 1128389058
1128389257 1128406196
1128407435 1128421910
1128422763 1128425963
1128426238 1128444240
1128445225 1128459298
1128465133 1128466256
1128466672 1128504361
1128537924 1128539723
1128559403 1128562149
1128572063 1128577921
1128579395 1128593870
1128616917 1128641735
1128643606 1128688467
1128688737 1128706899
1128735713 1128775559
1128775845 1128776436
1128813249 1128824629
1128824807 1128830762
1128833563 1128837966
1128870883 1128876141
1128876382 1128876769
1128876953 1128880035
1128888099 1128888408
1128888573 1128889359
1128891481 1128891556
1128891721 1128894292
1128894447 1128895813
1128899369 1128904753
1128904939 1128913468
1128913629 1128922967
1128923167 1128926705
1128926927 1128933662
1128933861 1128938925
1128939245 1128940022
1128940253 1128947402
1128947567 1128956570
1128988282 1129035332
1129035783 1129052629
1129061102 1129061254
1129065876 1129085501
1129087737 1129118969
1129216115 1129218462
1129244960 1129257252
1129273964 1129294718
1129300460 1129301025
1129309612 1129312920
1129328586 1129334437
1129337279 1129341383
1129343747 1129364688
1129365104 1129369936
1129370352 1129381413
1129436590 1129448784
1129449200 1129463781
1129467855 1129471887
1129472363 1129476370
1129482594 1129486718
1129488891 1129489149
1129498488 1129498757
1129512383 1129566062
1129608041 1129608346
1129619474 1129622068
1129622956 1129637823
1129638293 1129648547
1129659979 1129661856
1129671978 1129672717
1129673963 1129676975
1129682596 1129688795
1129697674 1129701315
1129704109 1129713096
1129717771 1129736377
1129742731 1129743298
1129745086 1129745360
1129747131 1129752779
1129755792 1129756505
1129758508 1129760577
1129773343 1129776761
1129780394 1129801165
1129801920 1129808549
1129812434 1129820508
1129827270 1129830212
1129835219 1129835873
1129979654 1129986194
1130005544 1130006618
1130007121 1130008380
1130008998 1130022832
1130023552 1130024424
1130024829 1130025815
1130026512 1130027531
1130027698 1130066791
1130075051 1130078332
1130079126 1130084807
1130086404 1130087544
1130087919 1130088337
1130094787 1130096743
1130096897 1130098418
1130111063 1130113951
1130128678 1130275664
1130276080 1130302708
1130313067 1130313828
1130317454 1130331159
1130332138 1130337668
1130347350 1130348640
1130362568 1130364342
1130385876 1130387454
1130388108 1130407020
1130407539 1130430897
1130439505 1130441732
1130447145 1130447589
1130456583 1130458782
1130475450 1130489318
1130496863 1130520620
1130520898 1130545189
1130546102 1130594443
1130622481 1130625791
1130628888 1130645991
1130667304 1130675171
1130675332 1130699280
1130699696 1130701072
1130701227 1130717810
1130718071 1130719346
1130723540 1130760962
1130762175 1130864401
1130864717 1130889650
1130892693 1130895993
1130899824 1130916247
1130930217 1130930318
1130933096 1130935029
1130942333 1130943617
1130962461 1130966733
1130969051 1130973763
1131101561 1131120016
1131120432 1131120882
1131143723 1131145874
1131146036 1131148211
1131148408 1131165960
1131166462 1131190469
1131191367 1131193385
1131228744 1131232526
1131232934 1131233359
1131233795 1131242738
1131269656 1131276436
1131277096 1131280072
1131283534 1131298698
1131306099 1131308974
1131309187 1131334715
1131335277 1131343451
1131347945 1131363871
1131364956 1131372171
1131376863 1131377108
1131377306 1131377916
1131378295 1131397345
1131397984 1131405141
1131405316 1131426271
1131437453 1131448323
1131448969 1131454096
1131463964 1131465647
1131469292 1131475229
1131478467 1131479200
1131483410 1131484814
1131521937 1131533520
1131533936 1131541076
1131541943 1131549056
1131553957 1131567672
1131596601 1131600606
1131600921 1131600974
1131601351 1131616331
1131634229 1131655927
1131656608 1131669996
1131678406 1131717650
1131718547 1131727640
1131735587 1131737249
1131740200 1131742158
1131747233 1131772337
1131893034 1131896242
1131896992 1131902712
1131902874 1131907592
1131932754 1131935976
1131936914 1131938383
1131940063 1131940115
1131940301 1131950992
1131987041 1131996772
1131997541 1131998853
1131999355 1132016316
1132016913 1132026630
1132028831 1132035892
1132044428 1132057611
1132058221 1132064206
1132065332 1132080829
1132087583 1132091337
1132094594 1132095584
1132095805 1132119479
1132120165 1132175484
1132175959 1132184025
1132221174 1132223315
1132226225 1132228049
1132260972 1132261506
1132266988 1132273069
1132273701 1132285862
1132286085 1132296287
1132332581 1132333586
1132333862 1132339319
1132339524 1132341281
1132342418 1132342897
1132370268 1132409063
1132434193 1132435387
1132503326 1132507118
1132533191 1132535604
1132544796 1132552487
1132577806 1132584111
1132613936 1132615536
1132617902 1132618908
1132620071 1132639345
1132639909 1132652680
1132671127 1132671334
1132674301 1132674954
1132683093 1132683758
1132693894 1132693923
1132701606 1132702068
1132712622 1132727714
1132730727 1132759465
1132760096 1132860677
1132872953 1132912454
1132916163 1132920656
1132921072 1132998561
1132999362 1133001559
1133001834 1133008156
1133009396 1133014147
1133051701 1133093673
1133104553 1133111053
1133111510 1133165456
1133165872 1133175436
1133176112 1133189215
1133192077 1133194808
1133204999 1133211518
1133216402 1133266355
1133286643 1133304337
1133326090 1133341855
1133342326 1133342807
1133343542 1133349541
1133369957 1133370782
1133371055 1133381809
1133384447 1133387031
1133400603 1133404972
1133410892 1133421611
1133439737 1133448890
1133449162 1133457951
1133458164 1133471145
1133472646 1133495785
1133496152 1133501214
1133501685 1133511032
1133531475 1133543065
1133585377 1133597643
1133600716 1133617494
1133652853 1133667856
1133668272 1133670643
1133671601 1133674482
1133674773 1133692917
1133716118 1133718390
1133718709 1133718879
1133720139 1133720671
1133731109 1133736459
1133736640 1133774992
1133775408 1133778771
1133779919 1133801009
1133823851 1133823989
1133824255 1133826182
1133827431 1133843303
1133863388 1133875174
1133875808 1133884501
1133885487 1133896398
1133896603 1133897375
1133901597 1133905796
1133907138 1133936784
1133937200 1133959471
1133962254 1133966022
1133996403 1134014015
1134014837 1134018840
1134148092 1134158818
1134159988 1134178122
1134180902 1134218536
1134223430 1134224384
1134252387 1134257172
1134257606 1134258352
1134263101 1134270634
1134277917 1134281330
1134282166 1134330249
1134332996 1134369981
1134376799 1134399476
1134402523 1134408291
1134427067 1134440996
1134441506 1134447815
1134453620 1134458355
1134459903 1134476473
1134487339 1134491248
1134491480 1134497393
1134497641 1134502781
1134503749 1134506057
1134512318 1134529421
1134539189 1134582749
1134583388 1134586485
1134586912 1134589596
1134619148 1134637008
1134637680 1134644028
1134768940 1134769049
1134769296 1134769948
1134770220 1134784804
1134785814 1134788385
1134788583 1134829873
1134863214 1134879371
1134904351 1134910164
1134910838 1134928384
1134964890 1134968666
1134976047 1135002116
1135023176 1135024279
1135032318 1135040786
1135043972 1135048320
1135055043 1135090358
1135090677 1135096408
1135100795 1135103160
1135117371 1135161704
1135172644 1135173083
1135173442 1135187459
1135192760 1135193716
1135193965 1135195359
1135198866 1135200145
1135200407 1135205052
1135205597 1135271487
1135436980 1135437030
1135446085 1135446967
1135450260 1135451521
1135466481 1135466883
1135467084 1135497663
1135498420 1135518960
1135519824 1135545798
1135545994 1135559189
1135560089 1135561114
1135575550 1135586799
1135591973 1135594919
1135602945 1135606822
1135609127 1135618455
1135624601 1135651710
1135663376 1135665510
1135677262 1135683893
1135689707 1135698612
1135709318 1135709384
1135709604 1135739089
1135740360 1135752976
1135753392 1135755777
1135771911 1135788493
1135788794 1135797940
1135799787 1135805676
1135818205 1135822800
1135823087 1135848160
1135848978 1135879736
1135882112 1135891952
1135892867 1135898830
1135913435 1135925298
1135926070 1135932476
1135933315 1135940911
1135942099 1135957339
1135968411 1135999106
1136010344 1136011604
1136011836 1136015277
1136075086 1136081513
1136105814 1136109246
1136117801 1136121623
1136121920 1136122686
1136184799 1136193161
1136194785 1136200611
1136206178 1136208197
1136208384 1136218095
1136262636 1136267888
1136268118 1136284048
1136284464 1136291598
1136293117 1136295892
1136353446 1136372467
1136374343 1136378940
1136379681 1136388259
1136388988 1136406488
1136407154 1136408698
1136426205 1136429906
1136430141 1136430970
1136450007 1136458937
1136459762 1136469536
1136483929 1136497433
1136498453 1136506763
1136514738 1136520310
1136520830 1136522359
1136523774 1136524021
1136524190 1136528073
1136528353 1136528487
1136529609 1136532019
1136533358 1136538441
1136539666 1136542511
1136543771 1136548545
1136548800 1136551312
1136582379 1136583128
1136583389 1136596283
1136597452 1136605693
1136605922 1136622631
1136623494 1136630354
1136630639 1136643463
1136644116 1136649636
1136690918 1136699452
1136749310 1136755020
1136770755 1136777972
1136793003 1136806992
1136807408 1136807664
1136814060 1136817591
1136818477 1136824858
1136833349 1136835468
1136860961 1136865433
1136866393 1136867196
1136879795 1136883216
1136897972 1136910288
1136910704 1136911991
1136912567 1136912601
1136954788 1136956031
1137006226 1137009449
1137009884 1137021756
1137022361 1137026163
1137207120 1137215120
1137215536 1137248329
1137248762 1137250767
