1126268656 1126268752
1126771412 1126771420
1127128496 1127128592
1127353008 1127353104
1127387760 1127387856
1127423152 1127423155
1127435760 1127435856
1127464895 1127464898
1127613326 1127613329
1127687856 1127687952
1127975664 1127975760
1128122032 1128122128
1128178416 1128186064
1128186544 1128186704
1128320816 1128320912
1128388858 1128389085
1128389103 1128389134
1128404000 1128404169
1128421524 1128422192
1128425941 1128426008
1128432601 1128432870
1128466256 1128466672
1128787408 1128787888
1129312917 1129312920
1129317712 1129318128
1129364688 1129365104
1129369936 1129370352
1129391504 1129391984
1129392144 1129399792
1129448784 1129449200
1129856144 1129856560
1129996304 1129996784
1130275664 1130276080
1130610512 1130610992
1130699280 1130699696
1131120016 1131120432
1131212816 1131213296
1131214160 1131215024
1131487696 1131493232
1131493264 1131495472
1131533520 1131533936
1131836944 1131837360
1132410704 1132411184
1132710096 1132710512
1132920656 1132921072
1132997376 1132997396
1133046544 1133046960
1133165456 1133165872
1133559760 1133560176
1133627280 1133627760
1133667856 1133668272
1133774992 1133775408
1133850000 1133850416
1133878697 1133881277
1133936784 1133937200
1134024144 1134024560
1134274064 1134274480
1134486096 1134486512
1134637008 1134637680
1134765648 1134766064
1135054900 1135096413
1135294096 1135294512
1135328208 1135353520
1135661520 1135661936
1135752976 1135753392
1136184661 1136193161
1136194647 1136200611
1136284048 1136284464
1136312336 1136312752
1136806992 1136807408
1136910288 1136910704
1137083856 1137084272
1137181200 1137181616
1137215120 1137215536
