900000024 900010677
900014201 900020649
900027836 900036758
900039500 900043690
900050673 900058009
900062359 900070411
900072153 900092013
900095693 900096983
900106108 900110070
900111836 900113681
900116093 900119394
900123749 900137481
900138954 900164914
900167249 900172145
900174483 900179053
900191785 900196893
900200005 900205735
900208683 900211964
900214021 900230621
900232840 900234827
900236868 900241911
900244293 900247208
900249228 900251262
900254231 900256911
900290082 900292021
900294673 900302588
900304074 900313411
900364867 900370860
900375874 900400184
900400563 900414019
900450232 900456659
900460725 900462928
900464917 900475665
900478137 900485480
900487757 900494930
900533810 900543633
900545032 900553059
900554439 900556219
900557617 900577944
900673383 900680109
900680617 900685756
900692533 900693715
900695727 900709479
900711296 900731373
900733285 900749897
900757446 900764462
900769089 900770865
900799005 900812624
900815141 900870103
900884656 900888533
900889093 900906864
900908110 900915845
900917282 900919084
900938827 900943577
900945550 900952083
900966777 900986963
900988410 901001514
901004413 901006247
901008364 901017077
901020361 901022397
901026648 901028630
901055386 901062650
901064233 901088574
901096342 901099886
901101650 901105470
901107117 901109533
901116336 901117354
901152444 901161267
901163462 901165141
901166751 901183679
901184917 901197738
901200047 901203730
901206775 901212043
901215703 901222041
901225077 901228069
901233114 901252641
901254176 901255680
901256288 901268637
901270853 901313901
901315872 901335766
901337280 901381510
901388260 901398898
901402662 901408088
901413983 901434295
901461394 901464236
901467401 901468626
901491892 901523301
901656356 901696649
901704447 901740531
901754288 901780538
901790231 901806606
901808365 901922644
901933317 901935960
901938152 901948702
901969131 901972530
901982361 902011422
902029621 902046905
902053051 902126879
902149023 902152294
902155299 902172306
902173642 902200362
902202014 902205530
902206767 902213413
902215329 902233852
902239492 902265475
902269976 902283684
902285160 902308152
902352107 902355748
902363243 902389424
902390426 902406031
902427564 902454858
902455869 902483508
902487103 902488260
902491290 902512525
902514652 902623580
902627062 902655875
902658008 902686936
902687496 902734430
902769632 902772497
902773176 902774760
902776295 902783934
902784736 902798124
902798392 902823251
902827906 902838379
902842316 902866665
902868761 902897786
902898724 902920365
902923662 902928763
902930926 902943304
902943991 902951296
902960245 902976677
902979015 902980573
902985411 903051301
903055889 903069778
903072939 903086668
903089218 903178343
903180931 903280510
903284360 903326252
903326898 903337602
903363449 903387640
903389176 903416792
903423785 903431945
903433772 903448209
903498012 903499046
903500589 903510138
903514861 903539738
903552628 903557052
903560970 903580320
903582389 903598734
903600836 903603229
903959269 903963067
903984308 903988181
903995614 904000249
904000555 904007573
904008008 904038321
904039180 904048896
904050846 904055642
904056463 904096256
904100307 904104289
904113223 904120993
904130009 904135432
904145975 904149213
904154127 904205174
904208354 904218259
904222557 904224796
904235769 904251728
904252260 904261490
904266155 904285377
904287081 904289693
904291309 904316752
904322844 904328441
904331290 904375674
904377644 904399186
904413805 904420335
904422268 904423856
904426066 904439077
904439308 904446328
904446932 904450073
904451819 904477708
904501601 904503164
904510039 904535035
904537101 904546875
904573712 904590650
904592655 904639343
904648938 904650684
904652740 904671073
904671681 904741303
904759882 904762850
