900000024 900005368 5344
900007061 900020183 13122
900021382 900043581 22199
900044256 900047665 3409
900047909 900087156 39247
900090472 900102159 11687
900103221 900108754 5533
900110734 900112545 1811
900114346 900115650 1304
900118520 900135113 16593
900136314 900142590 6276
900143366 900164364 20998
900167034 900170407 3373
900171646 900173146 1500
900176040 900181613 5573
900184129 900197751 13622
900204977 900216881 11904
900261945 900269932 7987
900270758 900271885 1127
900273097 900276593 3496
900277830 900284418 6588
900285469 900305381 19912
900307497 900318752 11255
900322029 900328795 6766
900329659 900350473 20814
900353866 900373442 19576
900375074 900387246 12172
900389137 900432705 43568
900464803 900475503 10700
900477541 900478763 1222
900479749 900524375 44626
900527063 900530520 3457
900536969 900558080 21111
900560046 900612674 52628
900619591 900630656 11065
900632392 900690012 57620
900704298 900709678 5380
900725921 900730349 4428
900730651 900745065 14414
900745203 900786830 41627
900788451 900804790 16339
900806761 900823533 16772
900824602 900872503 47901
900874781 900903281 28500
900905943 900917321 11378
900919513 900930957 11444
900931749 900954401 22652
900956751 900992057 35306
900992995 901039391 46396
901070247 901076685 6438
901077652 901085900 8248
901087437 901103142 15705
901103705 901123369 19664
901129904 901139662 9758
901140251 901165709 25458
901165947 901194798 28851
901200716 901206768 6052
901208292 901216533 8241
901233699 901250269 16570
901250348 901255792 5444
901403017 901405780 2763
901406024 901424376 18352
901427391 901477496 50105
901480510 901492347 11837
901496628 901503519 6891
901512015 901516851 4836
901526306 901552323 26017
901552999 901555724 2725
901557743 901564743 7000
901567581 901572574 4993
901576231 901577806 1575
901578092 901591727 13635
901594493 901595518 1025
901597584 901604384 6800
901606646 901609027 2381
901610689 901638783 28094
901641617 901645424 3807
901663149 901671416 8267
901671598 901674800 3202
901697885 901702183 4298
901702583 901707408 4825
901712314 901714031 1717
901717309 901723024 5715
901723215 901728898 5683
901730554 901737694 7140
901740517 901742107 1590
901743544 901744867 1323
901746104 901747391 1287
901748383 901755646 7263
901759026 901775987 16961
901779676 901785708 6032
901787153 901816463 29310
901817963 901820519 2556
901821343 901827879 6536
901830033 901832914 2881
901835846 901840888 5042
901842239 901855072 12833
901856014 901858235 2221
901859730 901863137 3407
901863673 901867747 4074
901868726 901896077 27351
901898167 901899263 1096
901901153 901902852 1699
901903751 901905832 2081
901908796 901914826 6030
901914906 901930191 15285
901931407 901942539 11132
901942620 901945049 2429
901947074 901955454 8380
901956507 901959614 3107
901960975 901968438 7463
901969691 901976397 6706
901977793 901980773 2980
901981557 901989193 7636
901991591 901992617 1026
901993640 901997813 4173
901999588 902001785 2197
902003463 902019892 16429
902021473 902043257 21784
902044259 902048228 3969
902051328 902054155 2827
902055496 902058165 2669
902059366 902069051 9685
902069897 902071445 1548
902072749 902077512 4763
902080145 902091778 11633
902094580 902101570 6990
902103900 902114542 10642
902114882 902119907 5025
902125177 902126454 1277
902129325 902160304 30979
902161129 902164550 3421
902165698 902168746 3048
902169464 902171960 2496
902172921 902176397 3476
902176986 902186236 9250
902194819 902198474 3655
902203990 902206705 2715
902207425 902213306 5881
902214021 902245628 31607
902248727 902251387 2660
902265128 902268701 3573
902275337 902294294 18957
902317594 902322566 4972
902327572 902329822 2250
902332307 902334243 1936
902353994 902356701 2707
902389094 902396838 7744
902397254 902400518 3264
902402567 902420019 17452
902424525 902433482 8957
902470782 902473651 2869
902474057 902485078 11021
902486390 902517514 31124
902519670 902549662 29992
902551442 902596046 44604
902598313 902599428 1115
902600483 902634339 33856
902635168 902680293 45125
902684245 902697084 12839
902699454 902703627 4173
902704417 902713181 8764
902716320 902724100 7780
902726437 902730851 4414
902731568 902770160 38592
902775726 902781495 5769
902781707 902790997 9290
902791869 902795871 4002
902797811 902810829 13018
902812105 902819248 7143
902822690 902855552 32862
902869604 902870912 1308
902873495 902882451 8956
902888859 902897211 8352
902899610 902901514 1904
902902307 902915316 13009
902918908 902946057 27149
902947595 902951968 4373
902954798 902957946 3148
902976156 902978360 2204
902980727 902983649 2922
902991047 902995763 4716
902996547 903024620 28073
903026582 903029099 2517
903032059 903034219 2160
903037040 903047770 10730
903061269 903065766 4497
903066610 903069147 2537
903085846 903090167 4321
903091533 903093105 1572
903095671 903099564 3893
903106280 903115384 9104
903115699 903120610 4911
903126319 903149312 22993
903173724 903176681 2957
903180516 903189379 8863
903189958 903192753 2795
903220493 903227136 6643
903227366 903236650 9284
903241818 903287706 45888
903291475 903310618 19143
903312150 903329764 17614
903331665 903351195 19530
903352960 903361018 8058
903362130 903368488 6358
903371573 903377204 5631
903383927 903389939 6012
903418788 903435579 16791
903437138 903460403 23265
903514553 903521372 6819
903527160 903546978 19818
903547372 903549237 1865
903549527 903552381 2854
903556163 903562889 6726
903591626 903638706 47080
903640522 903648284 7762
903708032 903709465 1433
903713243 903714318 1075
903715110 903718079 2969
903719320 903722468 3148
903736092 903739583 3491
903772648 903811683 39035
903816948 903823474 6526
903836852 903899251 62399
903901365 903904287 2922
903904912 903918769 13857
903921306 903929069 7763
903930591 903945536 14945
903949622 903968514 18892
903984497 903989762 5265
904025072 904027913 2841
904029007 904042078 13071
904043447 904064272 20825
904093493 904102765 9272
904114597 904155270 40673
904157097 904160238 3141
904161656 904172814 11158
904174611 904177242 2631
904211798 904216814 5016
904217025 904237400 20375
904241404 904243968 2564
904247164 904250194 3030
904252719 904259760 7041
904289389 904314450 25061
904317426 904323196 5770
904324602 904326327 1725
904328511 904332865 4354
904377765 904387819 10054
904390786 904394139 3353
904396207 904400080 3873
904401842 904403292 1450
904430224 904432717 2493
904437663 904439285 1622
904442367 904443384 1017
904450351 904451651 1300
904514940 904518616 3676
904520343 904538766 18423
904539467 904541319 1852
904542351 904544537 2186
904546988 904549114 2126
904549825 904552651 2826
904556722 904585174 28452
904587707 904596773 9066
904640296 904643176 2880
904643456 904669103 25647
904686954 904690953 3999
904691346 904694020 2674
904696256 904700055 3799
904700128 904703528 3400
904703612 904707198 3586
904709443 904710966 1523
904711061 904722004 10943
904722581 904724414 1833
904730222 904734782 4560
904740582 904742753 2171
904744495 904751754 7259
904753943 904755965 2022
