900000024 900005368
900007061 900020183
900021382 900043581
900044256 900047665
900047909 900087156
900090472 900102159
900103221 900108754
900110734 900112545
900114346 900115650
900118520 900135113
900136314 900142590
900143366 900164364
900167034 900170407
900171646 900173146
900176040 900181613
900184129 900197751
900204977 900216881
900261945 900269932
900270758 900271885
900273097 900276593
900277830 900284418
900285469 900305381
900307497 900318752
900322029 900328795
900329659 900350473
900353866 900373442
900375074 900387246
900389137 900432705
900464803 900475503
900477541 900478763
900479749 900524375
900527063 900530520
900536969 900558080
900560046 900612674
900619591 900630656
900632392 900690012
900704298 900709678
900725921 900730349
900730651 900745065
900745203 900786830
900788451 900804790
900806761 900823533
900824602 900872503
900874781 900903281
900905943 900917321
900919513 900930957
900931749 900954401
900956751 900992057
900992995 901039391
901070247 901076685
901077652 901085900
901087437 901103142
901103705 901123369
901129904 901139662
901140251 901165709
901165947 901194798
901200716 901206768
901208292 901216533
901233699 901250269
901250348 901255792
901403017 901405780
901406024 901424376
901427391 901477496
901480510 901492347
901496628 901503519
901512015 901516851
901526306 901552323
901552999 901555724
901557743 901564743
901567581 901572574
901576231 901577806
901578092 901591727
901594493 901595518
901597584 901604384
901606646 901609027
901610689 901638783
901641617 901645424
901663149 901671416
901671598 901674800
901697885 901702183
901702583 901707408
901712314 901714031
901717309 901723024
901723215 901728898
901730554 901737694
901740517 901742107
901743544 901744867
901746104 901747391
901748383 901755646
901759026 901775987
901779676 901785708
901787153 901816463
901817963 901820519
901821343 901827879
901830033 901832914
901835846 901840888
901842239 901855072
901856014 901858235
901859730 901863137
901863673 901867747
901868726 901896077
901898167 901899263
901901153 901902852
901903751 901905832
901908796 901914826
901914906 901930191
901931407 901942539
901942620 901945049
901947074 901955454
901956507 901959614
901960975 901968438
901969691 901976397
901977793 901980773
901981557 901989193
901991591 901992617
901993640 901997813
901999588 902001785
902003463 902019892
902021473 902043257
902044259 902048228
902051328 902054155
902055496 902058165
902059366 902069051
902069897 902071445
902072749 902077512
902080145 902091778
902094580 902101570
902103900 902114542
902114882 902119907
902125177 902126454
902129325 902160304
902161129 902164550
902165698 902168746
902169464 902171960
902172921 902176397
902176986 902186236
902194819 902198474
902203990 902206705
902207425 902213306
902214021 902245628
902248727 902251387
902265128 902268701
902275337 902294294
902317594 902322566
902327572 902329822
902332307 902334243
902353994 902356701
902389094 902396838
902397254 902400518
902402567 902420019
902424525 902433482
902470782 902473651
902474057 902485078
902486390 902517514
902519670 902549662
902551442 902596046
902598313 902599428
902600483 902634339
902635168 902680293
902684245 902697084
902699454 902703627
902704417 902713181
902716320 902724100
902726437 902730851
902731568 902770160
902775726 902781495
902781707 902790997
902791869 902795871
902797811 902810829
902812105 902819248
902822690 902855552
902869604 902870912
902873495 902882451
902888859 902897211
902899610 902901514
902902307 902915316
902918908 902946057
902947595 902951968
902954798 902957946
902976156 902978360
902980727 902983649
902991047 902995763
902996547 903024620
903026582 903029099
903032059 903034219
903037040 903047770
903061269 903065766
903066610 903069147
903085846 903090167
903091533 903093105
903095671 903099564
903106280 903115384
903115699 903120610
903126319 903149312
903173724 903176681
903180516 903189379
903189958 903192753
903220493 903227136
903227366 903236650
903241818 903287706
903291475 903310618
903312150 903329764
903331665 903351195
903352960 903361018
903362130 903368488
903371573 903377204
903383927 903389939
903418788 903435579
903437138 903460403
903514553 903521372
903527160 903546978
903547372 903549237
903549527 903552381
903556163 903562889
903591626 903638706
903640522 903648284
903708032 903709465
903713243 903714318
903715110 903718079
903719320 903722468
903736092 903739583
903772648 903811683
903816948 903823474
903836852 903899251
903901365 903904287
903904912 903918769
903921306 903929069
903930591 903945536
903949622 903968514
903984497 903989762
904025072 904027913
904029007 904042078
904043447 904064272
904093493 904102765
904114597 904155270
904157097 904160238
904161656 904172814
904174611 904177242
904211798 904216814
904217025 904237400
904241404 904243968
904247164 904250194
904252719 904259760
904289389 904314450
904317426 904323196
904324602 904326327
904328511 904332865
904377765 904387819
904390786 904394139
904396207 904400080
904401842 904403292
904430224 904432717
904437663 904439285
904442367 904443384
904450351 904451651
904514940 904518616
904520343 904538766
904539467 904541319
904542351 904544537
904546988 904549114
904549825 904552651
904556722 904585174
904587707 904596773
904640296 904643176
904643456 904669103
904686954 904690953
904691346 904694020
904696256 904700055
904700128 904703528
904703612 904707198
904709443 904710966
904711061 904722004
904722581 904724414
904730222 904734782
904740582 904742753
904744495 904751754
904753943 904755965
