961556220 961556574
961557455 961557533
961557578 961558154
961566193 961567526
961567537 961569091
961569302 961570146
961582301 961582781
961589233 961589735
961591747 961591970
961592345 961593311
961603552 961604423
961605964 961606488
961612788 961612789
961615954 961616353
961617752 961617792
961637555 961638995
961642540 961644551
961644997 961645000
961649048 961649722
961655613 961656100
961659225 961659592
961664938 961665114
961666423 961666724
961683024 961683211
961703260 961703261
961710457 961710730
961715240 961715241
961717688 961717832
961727392 961728599
961730078 961730522
961734639 961735333
961741913 961741914
961742820 961744238
961751277 961751762
961757507 961758030
961769060 961769100
961776164 961776963
961780370 961780893
961781101 961781264
961782627 961782667
961787455 961787654
961788270 961788654
961792460 961792462
961792751 961792956
961793172 961793320
961795667 961795707
961796804 961797000
961798639 961798729
961802461 961809675
961818003 961818487
961818545 961819826
961819849 961822844
961822910 961823097
961826834 961826840
961829596 961833296
961834370 961834371
961838429 961838905
961848131 961848246
961856513 961856593
961858987 961860665
961860700 961860881
961861025 961861396
961862783 961863258
961864212 961864214
961864520 961870641
961870707 961871708
961872330 961872472
961872504 961872672
961872694 961873240
961873297 961873820
961873896 961874644
961874734 961874892
961874941 961875053
961875101 961875272
961875287 961875675
961877202 961877415
961877477 961877767
961877827 961877996
961878014 961878270
961878310 961878651
961879007 961879172
961879207 961879297
961880035 961880722
961881326 961881459
961881486 961882529
961883785 961883982
961886632 961886911
961886980 961887131
961887259 961889507
961895706 961900950
961902216 961902381
961902415 961903687
961908178 961908668
961916403 961916533
961918155 961919360
961959563 961959721
961960054 961960183
961960591 961990204
961999662 961999664
962002202 962003452
962008471 962009253
962021209 962021380
962022262 962022423
962028416 962028456
962031023 962031379
962031414 962031566
962039953 962039954
962040865 962068544
962072325 962072734
962072762 962073243
962076970 962077156
962077199 962077547
962089177 962089354
962096200 962096202
962098601 962098798
962101763 962101942
962119816 962119856
962123488 962146215
962148122 962148282
962151135 962156475
962157816 962158104
962159891 962159894
962160976 962160977
962161661 962161662
962161856 962216351
962217806 962217808
962225947 962225948
962230665 962230666
962231299 962232914
962255022 962255223
962276965 962277095
962295440 962295599
962296030 962296589
962296738 962297891
962310005 962310695
962312141 962312598
962316408 962319480
962320053 962321623
962321660 962322029
962322292 962322580
962322587 962323515
962323551 962324304
962324519 962328298
962328337 962328743
962328779 962330165
962330180 962330490
962331288 962331683
962331718 962332260
962334154 962334835
962334873 962335324
962336482 962336603
962336837 962337459
962338375 962338580
962338813 962339034
962340115 962340319
962341231 962341415
962358167 962358732
962415646 962424261
962426880 962426886
962426888 962426892
962426893 962426905
962426906 962426942
962426943 962426966
962426967 962426986
962426987 962427028
962427029 962427036
962427037 962427052
962427053 962427067
962427069 962427074
962427075 962427089
962427090 962427129
962427130 962427201
962427202 962427209
962427711 962427726
962427727 962427734
962427735 962427746
962427747 962427749
962427750 962427758
962427760 962427762
962427764 962427774
962427776 962427789
962427790 962427803
962427806 962427807
962427808 962427833
962427836 962427838
962427839 962427845
962427846 962427851
962427852 962427858
962427859 962427866
962427867 962427892
962427893 962427895
962427896 962427913
962427915 962427918
962427919 962427929
962427930 962427944
962427945 962427948
962427949 962427960
962427962 962427994
962427995 962428055
962428056 962428077
962428078 962428087
962428089 962428115
962428116 962428143
962428144 962428185
962428187 962428204
962428205 962428207
962428209 962428231
962428233 962428236
962428238 962428249
962428251 962428269
962428270 962428285
962428286 962428292
962428294 962428296
962428298 962428307
962428310 962428312
962428314 962428316
962428317 962428321
962428322 962428327
962428328 962428344
962428345 962428356
962428360 962428363
962428364 962428368
962428369 962428394
962428395 962428397
962428398 962428399
962428401 962428407
962428409 962428487
962428488 962428500
962428501 962428520
962428521 962428523
962428524 962428533
962428535 962428555
962428556 962428563
962428564 962428569
962428570 962428587
962428588 962428592
962428593 962428626
962428658 962428941
962452408 962452543
962461387 962461541
962465266 962466003
962466040 962466156
962466191 962468408
962468422 962468539
962468565 962478254
962479006 962479114
962479154 962479306
962487586 962487626
962489120 962489654
962497625 962505157
962507040 962507041
962507062 962507068
962507072 962507075
962507079 962507086
962507088 962507094
962507105 962507108
962507113 962507120
962507125 962507130
962507271 962507272
962507277 962507280
962532506 962532636
962546484 962546487
962546649 962546689
962547057 962547517
962547547 962548043
962548070 962548911
962551790 962552493
962554043 962554083
962554323 962554363
962555960 962555962
962558203 962558283
962560488 962560489
962560490 962560493
962560539 962560540
962560843 962560883
962562003 962562044
962562619 962563875
962565840 962565843
962566880 962566920
962566926 962566927
962567940 962568120
962568553 962569260
962571598 962571600
962574127 962574526
962574558 962574933
962574963 962575263
962575289 962575557
962575567 962577226
962578226 962578374
962578397 962583230
962583282 962583628
962594462 962594858
962595675 962597080
962597092 962597156
962608194 962608387
962633512 962633552
962634105 962634367
962634398 962634490
962634519 962634639
962634649 962634975
962634991 962636090
962636095 962638286
962638483 962638816
962638844 962639185
962639195 962639472
962639483 962640420
962642541 962642581
962643341 962643381
962644302 962644303
962645381 962645844
962651001 962651234
962654549 962654551
962655076 962655227
962655423 962656540
962656848 962657478
962657488 962658178
962658209 962658702
962659069 962659478
962659501 962660135
962662897 962664277
962664568 962664700
962665003 962665121
962665147 962665443
962665592 962669375
962672061 962672230
962672253 962672864
962674871 962675021
962680740 962682237
962682247 962682317
962682329 962682883
962682886 962683223
962683225 962683336
962689800 962689920
962696066 962696325
962706811 962707602
962707643 962707750
962710684 962711085
962719670 962719710
962729222 962729472
962743281 962743475
962749261 962749517
962757587 962759513
962767584 962769279
962774629 962774932
962775167 962775563
962775800 962775904
962776326 962776647
962784660 962784661
962798184 962798357
962814181 962815021
962822212 962822252
962859444 962859616
962881309 962881664
962927879 962931616
962944442 962945172
962945204 962945680
962953844 962954427
962954440 962955591
962979782 962980325
962980360 962980719
962980757 962981774
962981781 962982707
962982719 962984007
962984228 962984308
962985471 962985929
962990833 962990834
962996786 962998033
962998078 962998164
963002770 963003318
963004607 963004697
963009753 963010319
963011453 963011687
963014169 963014278
963015549 963016085
963016784 963017563
963017588 963017748
963017759 963021585
963021613 963026297
963027942 963028168
963028205 963028493
963028531 963028719
963030673 963032058
963032326 963032458
963033383 963033795
963033809 963034249
963034263 963034365
963034379 963034604
963066236 963066237
963068857 963191528
963191565 963191805
963265813 963265814
963319846 963319848
963326081 963328459
963328528 963328632
963328935 963329371
963329713 963330123
963330208 963330790
963330930 963331441
963331540 963331645
963331658 963332158
963332290 963333250
963333267 963333812
963352149 963352421
963468188 963473502
963473613 963474550
963476654 963476909
963481504 963482193
963494245 963506594
963509539 963510970
963518072 963518317
963518611 963522267
963525279 963525534
963526950 963526952
963528184 963528185
963556966 963557552
963558076 963558466
963558886 963573243
963592448 963593832
963593871 963594280
963594595 963596291
963605410 963605450
963611210 963611250
963672410 963672905
963673216 963674933
963674969 963675605
963677288 963677492
963678369 963678520
963678550 963678636
963678672 963678856
963679796 963680088
963682692 963682808
963682839 963683155
963684432 963684433
963684960 963685108
963687797 963687970
963688007 963688188
963688231 963688412
963688474 963688565
963688622 963688701
963690953 963691377
963691398 963692609
963692621 963692797
963692808 963692962
963697836 963698704
963717850 963718065
963751053 963751367
963752806 963752846
963758926 963759327
963762928 963762968
963779407 963779797
963779832 963779920
963780098 963780297
963780303 963780581
963780627 963780759
963780799 963780993
963781024 963782421
963811018 963812818
963845023 963845026
963849919 963849959
963863311 963864322
963864600 963867791
963867802 963868199
963868212 963868503
963868544 963868779
963871985 963872991
963874615 963875865
963875896 963876276
963878267 963878371
963878375 963878760
963878772 963879854
963879869 963880239
963880250 963880530
963882680 963882933
963888239 963889384
963889413 963894649
963904917 963904918
963904923 963904924
963904940 963905693
963905972 963906174
963928488 963928492
963951575 963952214
963953492 963953495
963956584 963957036
963958090 963958396
963961469 963968377
963968395 963969174
963969187 963969869
963969873 963971065
964030664 964030858
964030936 964031124
964058068 964058923
964169123 964170349
964201418 964202030
964204760 964204762
964204766 964204768
964206738 964206740
964207444 964207446
964214487 964214567
964216807 964216847
964262444 964262446
964276775 964276815
964280538 964291908
964293185 964306728
964309509 964309945
964309963 964310358
964310391 964310518
964320304 964320758
964366203 964366207
964366231 964366271
964368471 964368511
964368794 964370829
964371023 964371194
964371259 964371350
964378065 964378105
964383865 964383905
964383922 964384763
964384811 964384889
964412208 964412708
964465907 964466013
964466055 964466143
964471736 964471738
964474305 964474527
964497905 964498500
964498512 964501386
964503366 964504119
964504154 964504349
964522037 964522097
964522220 964522815
964526117 964526341
964526403 964526534
964527336 964529000
964529034 964529307
964533170 964533210
964540850 964540930
964549521 964549522
964596844 964597340
964614317 964614320
964614854 964614857
964615320 964616780
964632211 964632557
964632570 964633048
964723886 964724338
964826053 964826371
964826387 964826759
964826796 964827869
964827906 964827984
964883365 964883367
964883368 964883369
964883376 964883378
964883385 964883386
964883387 964883389
964883391 964883395
964883396 964883400
964883435 964883442
964883448 964883451
964883454 964883457
964883463 964883464
964883467 964883469
964883475 964883476
964883479 964883482
964883485 964883489
964883491 964883495
964883496 964883498
964883505 964883506
964883508 964883509
964883514 964883517
964883850 964883853
964883905 964883907
964884083 964900861
964900905 964901008
964901046 964901634
964901671 964901883
964902087 964904430
964933183 964933311
964962334 964967430
964970344 964970384
964976919 964976920
964991363 964991366
964993752 964994281
964994340 964994769
964994818 964994973
964994998 964995139
964995154 964995322
964995335 965011470
965011480 965011868
965011921 965011998
965012008 965012401
965012409 965012517
965012526 965012650
965012673 965013412
965013989 965014150
965014842 965022102
965022152 965022241
965022263 965023118
965023332 965023644
965024011 965024111
965024532 965024697
965025057 965025715
965026685 965027999
965028181 965028806
965029721 965030222
965030262 965030570
965030601 965030774
965030786 965031025
965031036 965031416
965032028 965032481
965032530 965032959
965033190 965033731
965035260 965035356
965037845 965039578
965039857 965041389
965044725 965045149
965055681 965056391
965056414 965056937
965065782 965065784
965065786 965065787
965068817 965068818
965072500 965072540
965077856 965077858
965086067 965095160
965102246 965102249
965102594 965104720
965125862 965126230
965144277 965144443
965249695 965263974
965264312 965264411
965264778 965265220
965266011 965266979
965267946 965268725
965268739 965271066
965273751 965273752
965286493 965286494
965286517 965286518
965286748 965286750
965288549 965288550
965288920 965288921
965289125 965289126
965289391 965289392
965289473 965289474
965289500 965289501
965289633 965289634
965304697 965305179
965305183 965305353
965305363 965305515
965305523 965305660
965305666 965317455
965326827 965327865
965351298 965449751
965450459 965466461
965482733 965482818
965483487 965484176
965486479 965486716
965486952 965487246
965487255 965487587
965489245 965490044
965490149 965490452
965490498 965491661
965491969 965492506
965493210 965494106
965494136 965494464
965494671 965495156
965496968 965497388
965497409 965498730
965498762 965499522
965500441 965500508
965500518 965502594
965509770 965510353
965510391 965520457
965521568 965521854
965523229 965523873
965525076 965525187
965525407 965525631
965533724 965534348
965534813 965536252
965585579 965585619
965592774 965592775
965592808 965592809
965594379 965594419
965594439 965594807
965604902 965604944
965641799 965642148
965642229 965642589
965649832 965653496
965653890 965654239
965654460 965654537
965654566 965654811
965654852 965655416
965656508 965656704
965656748 965656940
965656972 965657042
965664662 965664702
965669685 965670914
965673285 965674023
965674056 965674215
965681961 965681962
965681966 965682497
965684140 965684648
965684680 965685213
965686430 965686906
965688665 965689169
965694757 965695188
965696397 965697294
965763802 965764658
965770339 965777791
965777862 965778113
965778148 965778668
965778699 965778870
965807033 965808755
965810025 965810028
965826830 965826832
965830920 965831158
965835236 965835668
965862314 965866337
965873984 965874631
965921217 965921934
965929576 965929577
965944740 965945007
965945044 965945239
965949520 965949786
965951153 965951424
965951628 965952377
965958050 965958052
965965879 965966129
965969399 965969889
965995617 965995872
966023250 966024091
966024971 966025151
966025182 966026604
966026639 966027371
966031423 966033440
966036053 966037116
966042129 966042131
966043523 966043974
966048707 966049713
966052031 966052949
966080579 966080960
966092855 966093188
966093211 966093460
966093745 966099429
966099468 966100125
966101310 966107685
966107744 966109770
966112651 966113664
966136193 966136348
966172907 966172910
966184886 966185311
966189315 966189462
966189494 966189672
966192533 966192651
966194857 966194897
966196228 966196343
966273800 966273840
966286200 966286240
966286846 966286949
966288969 966289964
966291933 966292301
966294290 966294291
966294512 966294777
966294801 966294904
966294917 966295013
966296135 966296136
966296392 966296508
966296694 966297078
966299674 966299675
966300938 966301491
966308393 966309300
966314939 966314940
966357109 966357149
966357269 966357349
966365074 966365737
966365749 966366310
966366321 966366859
966371313 966381694
966382019 966382116
966382128 966382340
966383872 966384109
966384340 966384460
966384493 966384609
966385548 966385668
966385701 966386066
966414839 966415153
966437753 966438000
966438034 966439363
966457110 966457503
966457576 966458443
966467658 966468336
966469527 966469898
966490641 966490765
966490796 966491076
966491108 966491697
966505500 966505725
966550250 966550503
966554601 966554603
966554659 966554827
966555057 966555483
966555519 966555861
966556896 966557830
966558261 966558470
966558518 966558607
966558993 966559597
966560094 966560721
966560760 966562410
966562751 966563806
966566528 966566828
966567022 966567091
966570663 966570665
966609256 966609296
966613758 966614112
966637403 966637527
966637576 966637770
966640439 966640589
966640823 966640931
966651513 966651752
966651783 966655558
966693002 966693042
966703981 966704110
966704143 966719487
966719521 966720425
966727712 966728131
966779939 966780257
966783210 966783883
966800681 966800901
966800940 966801912
966804622 966808970
966809928 966810100
966811435 966811774
966871151 966871302
966872946 966872986
966875146 966875186
966890199 966898129
966898138 966898443
966898453 966898582
966899736 966900314
966900823 966901180
966901711 966902049
966902405 966902828
966902857 966903251
966903280 966903461
966903491 966904090
966904675 966905933
966906559 966906897
966907303 966907600
966909354 966909356
966910197 966911278
966916630 966917106
966945701 966946116
967054521 967054804
967060079 967060486
967070223 967070224
967073454 967073455
967075262 967075263
967144145 967144412
967200078 967200444
967245845 967246109
967272397 967272616
967272683 967272838
967272867 967273006
967273038 967273138
967273209 967273520
967273586 967274269
967274337 967274438
967274505 967274698
967274776 967274903
967274925 967275137
967275214 967275341
967275376 967275450
967275845 967276726
967277152 967285639
967285647 967286277
967286282 967288945
967288978 967289968
967290176 967290664
967290715 967291066
967291199 967291944
967292051 967292124
967292340 967293168
967293193 967293588
967293640 967293936
967294147 967294228
967294231 967294325
967294731 967295045
967295288 967295775
967296148 967296281
967296329 967296426
967297080 967297880
967298841 967299201
967299262 967300256
967300446 967301900
967301980 967302305
967302394 967302879
967303024 967303697
967304094 967304869
967305396 967305510
967305521 967305739
967305741 967306039
967306500 967307332
967307590 967307989
967308375 967308779
967308883 967314844
967315058 967321409
967321433 967322040
967322049 967322217
967322656 967322744
967323311 967323679
967323685 967324367
967324769 967325001
967326716 967327056
967327127 967327303
967327334 967327558
967327822 967327946
967327964 967328051
967330255 967330376
967330765 967332138
967337018 967338237
967339841 967340407
967341219 967341322
967342712 967342976
967344816 967345531
967345798 967345959
967346152 967346641
967346827 967347103
967347271 967347528
967347669 967347771
967347811 967349622
967349661 967351998
967355508 967355699
967357495 967357704
967357713 967357824
967357830 967358442
967358463 967358642
967358654 967358882
967358893 967359808
967361601 967361882
967361893 967362171
967362177 967362634
967363128 967363288
967363830 967364503
967364539 967364827
967364853 967365277
967365285 967365568
967367451 967368030
967368039 967368156
967368164 967368278
967383764 967384189
967385628 967386062
967386082 967386468
967387164 967387396
967390229 967390436
967393285 967393325
967393765 967394000
967394686 967401065
967401147 967401307
967401769 967401856
967401876 967402178
967402430 967402700
967403448 967403794
967404317 967405916
967405970 967406137
967470696 967470736
967477656 967477696
967480856 967480896
967480976 967481016
967481576 967481616
967506681 967569918
967570925 967571184
967571216 967571388
967571877 967572770
967572860 967573315
967573328 967649561
967651060 967651923
967658949 967659284
967659502 967659605
967665553 967666331
967666344 967666478
967666490 967666702
967679966 967680074
967680306 967680388
967680621 967680762
967682848 967683091
967683115 967684554
967684846 967685208
967685242 967685373
967685953 967686600
967686910 967688466
967689035 967690004
967690056 967690231
967690849 967691342
967691774 967692090
967692538 967692860
967693112 967693236
967693273 967693463
967693699 967696837
967698566 967698567
967700640 967700641
967700694 967700696
967701036 967701675
967701916 967702347
967731613 967731614
967742044 967742418
967743824 967744187
967745951 967746313
967747713 967747922
967756925 967756926
967759411 967759759
967759992 967760487
967766495 967767005
967800239 967800240
967816836 967817283
967827249 967827656
967832876 967833327
967835586 967835818
967836077 967836207
967837578 967837579
967845871 967846069
967846407 967846584
967850679 967851708
967877868 967878023
967878061 967878131
967878368 967878580
967885435 967885658
967885723 967886313
967887640 967888091
967889469 967889676
967889906 967890318
967893486 967893650
967893703 967893844
967894085 967894189
967895804 967895988
967896222 967896412
967898988 967899100
967899508 967899615
967899652 967899731
967899744 967899821
967899850 967900659
967901390 967901926
967904111 967904113
967904569 967904574
967905705 967908490
967908504 967908641
967909834 967910781
967910900 967911397
967911408 967915288
967915326 967915410
967915421 967915519
967915530 967915669
967915678 967915852
967916024 967916120
967916132 967916358
967916362 967916417
967917144 967917228
967917483 967917979
967918929 967923466
967923737 967925477
967931438 967933249
967934144 967934333
967934366 967934473
967935376 967935747
967936025 967936170
967938556 967939762
967944189 967945089
967951121 967951226
967951449 967951644
967981878 967982026
967988663 967988664
967988672 967988712
967996392 967996432
968004028 968004144
968017150 968017154
968017156 968017159
968017220 968017500
968018473 968018612
968018613 968018844
968029031 968029165
968029399 968030080
968032004 968032151
968032394 968032579
968032871 968033084
968037527 968038415
968038753 968039088
968039647 968040616
968042449 968042622
968042657 968042789
968043106 968043301
968043332 968043647
968044301 968044484
968044618 968044784
968045463 968045652
968045712 968045896
968046104 968046275
968046843 968046973
968056858 968056859
968057498 968057897
968059490 968059615
968059862 968060530
968060543 968060665
968060681 968060768
968067400 968067617
968068993 968069168
968069768 968069853
968069901 968071167
968076643 968077202
968078281 968078504
968078532 968079108
968079141 968079532
968079557 968079695
968079707 968080159
968081486 968082019
968083026 968085450
968085510 968085869
968085926 968086927
968089460 968090375
968091608 968091882
968092123 968092272
968092303 968092416
968092448 968092607
968092638 968093048
968093081 968095116
968095162 968095434
968099321 968099642
968099869 968100093
968106382 968115298
968115822 968115859
968116373 968116620
968116622 968116903
968116905 968117186
968117188 968117241
968117243 968117524
968117526 968117886
968118030 968119453
968163475 968163515
968174423 968174527
968188806 968189052
968230307 968230308
968230961 968231083
968231318 968231507
968264441 968264442
968267906 968268112
968284249 968284466
968284688 968284806
968287020 968287378
968312893 968313339
968357505 968358077
968358233 968358730
968358839 968359162
968365357 968365696
968370479 968371031
968371247 968371715
968381160 968381756
968392725 968392896
968398025 968398282
968436926 968436966
968445156 968445164
968459018 968459022
968460006 968461011
968461134 968461325
968463959 968465408
968465952 968466037
968466082 968466471
968466581 968466859
968466903 968466974
968467016 968467114
968489474 968489687
968492355 968492803
968493658 968493813
968495238 968495429
968496264 968496560
968496946 968497679
968497956 968498265
968498733 968498857
968498891 968499005
968499236 968499531
968499920 968500180
968500477 968500873
968501455 968501664
968501963 968502195
968502857 968503078
968503423 968503528
968504501 968504647
968505189 968505516
968505997 968506240
968508743 968509252
968509614 968509984
968510386 968510590
968510623 968510707
968510740 968510916
968510948 968511260
968511820 968516606
968516710 968516838
968517000 968517429
968519088 968519988
968520222 968525343
968525399 968527124
968528703 968529907
968531297 968531645
968531884 968532202
968533620 968533809
968534045 968534183
968537199 968537315
968538225 968540232
968540276 968540342
968541225 968541448
968541860 968542402
968542801 968542984
968543108 968544424
968545168 968545601
968545653 968545940
968546178 968546348
968546826 968547079
968547630 968547927
968547943 968548156
968548175 968548265
968548280 968548695
968548708 968548772
968548788 968548959
968548961 968549039
968549050 968549293
968549558 968549677
968549998 968550648
968551085 968551491
968551534 968551620
968551633 968552076
968552248 968552507
968552645 968552853
968553538 968553727
968553790 968555600
968555678 968555929
968557118 968557335
968560631 968562236
968562666 968562929
968566420 968567675
968567725 968568252
968572440 968572496
968572512 968572622
968572805 968573348
968597604 968598120
968598454 968598860
968598884 968599475
968599508 968599769
968599792 968600704
968600731 968602041
968602332 968602565
968602597 968603003
968603084 968603302
968607591 968607894
968609916 968610030
968610298 968610448
968611491 968611928
968614081 968614300
968614530 968614952
968614989 968615071
968623975 968624100
968625408 968625409
968630152 968630279
968630304 968630390
968630616 968630735
968640981 968641455
968644402 968644750
968681177 968684800
968686548 968687038
968687073 968687369
968690921 968691176
968691209 968691592
968699761 968699801
968707721 968707761
968714375 968715730
968744747 968744749
968778026 968778251
968778660 968778832
968778879 968779004
968782768 968782808
968782813 968782816
968786151 968787030
968787338 968788364
968788401 968788558
968788594 968789315
968789369 968789733
968789738 968789810
968789818 968790158
968790203 968790273
968829089 968829418
968829422 968829506
968829567 968829754
968858314 968858315
968873447 968873708
968874936 968875120
968949259 968949457
968955416 968955721
968959226 968959484
968963844 968964008
968979057 968979272
968990829 968991154
968991165 968991429
968991445 968991605
968997860 968998900
968999140 968999832
968999866 969000030
969000042 969000253
969000264 969000614
969000629 969000829
969002459 969002684
969002715 969003288
969029404 969029444
969040524 969040564
969042764 969042804
969042844 969043248
969045159 969045199
969047599 969047639
969047879 969047919
969048679 969048719
969050451 969050768
969051456 969051854
969052368 969052687
969052722 969053510
969053557 969056584
969058544 969059333
969116724 969117362
969117864 969118738
969118777 969119239
969119265 969119960
969120574 969120798
969120952 969121415
969121443 969134524
969134601 969134671
969136953 969137132
969137427 969137602
969155584 969155846
969159323 969159526
969160245 969160659
969160669 969161368
969161379 969161744
969161760 969162180
969162215 969163289
969163331 969163472
969163484 969163876
969163886 969163976
969164623 969165238
969167487 969167831
969178279 969178583
969204848 969205048
969205208 969205328
969205568 969205608
969206201 969206938
969206995 969208209
969208257 969208811
969208940 969210366
969210389 969211982
969212269 969212380
969212412 969212533
969213861 969214077
969217237 969217666
969217713 969218062
969218159 969218457
969222169 969222335
969222613 969222732
969223859 969223861
969223919 969223920
969223941 969223942
969223945 969223946
969223961 969223962
969223965 969223966
969225129 969225131
969226885 969227161
969227213 969227388
969232363 969233463
969234302 969235626
969238477 969239183
969240603 969241250
969242108 969242417
969249644 969249645
969255336 969256120
969256253 969256338
969288234 969289088
969294675 969294715
969295706 969297662
969302473 969303076
969303114 969304146
969304183 969304345
969304369 969305859
969305892 969306298
969317637 969320759
969329841 969330756
969343637 969343826
969376958 969376998
969378918 969378958
969380011 969380135
969380177 969380245
969381047 969381229
969387494 969387754
969390724 969391206
969409223 969409224
969424012 969424293
969424331 969424455
969451876 969453521
969506049 969506561
969506601 969506888
969509255 969509256
969517802 969517905
969519028 969519286
969519546 969520583
969521377 969521599
969522592 969524813
969542670 969543759
969561294 969561729
969563653 969564243
969574447 969575096
969582400 969582967
969583004 969583590
969583607 969584024
969630936 969634769
969652500 969653759
969653806 969654240
969654312 969654567
969654599 969654704
969654783 969654946
969656241 969656243
969656424 969656732
969658110 969658113
969672481 969672482
969675995 969675997
969678311 969678312
969678325 969678326
969678336 969678337
969678355 969678356
969678444 969678445
969678450 969678451
969678656 969678657
969678672 969678673
969694427 969694428
969713783 969714205
969714534 969715392
969717024 969717025
969721253 969722087
969723373 969729915
969730171 969734023
969734032 969734782
969734817 969734959
969735062 969735390
969735551 969735667
969738219 969738909
969743081 969743083
969744561 969744736
969745029 969745365
969745397 969745681
969745732 969745946
969749214 969749446
969750503 969750504
969753928 969754734
969754743 969755362
969773011 969773907
969773916 969774646
969776021 969776437
969777124 969777662
969778459 969779417
969792845 969793391
969798776 969799044
969814623 969814919
969816614 969816939
969818081 969819893
969819937 969820706
969820749 969821005
969821018 969823144
969824723 969825327
969825370 969825611
969828788 969829215
969829446 969829609
969829642 969829719
969837039 969837405
969837444 969837559
969871350 969871469
969875623 969875625
969889886 969889887
969889894 969889935
969890614 969890654
969895374 969895414
969903614 969903654
969907734 969907774
969907974 969908014
969914491 969914721
969914847 969915514
969915547 969915649
969918364 969918713
969918738 969918896
969959061 969959338
969976279 969976319
969980959 969980999
969989919 969989959
969990639 969990679
970006427 970006576
970026346 970026498
970041229 970041569
970084277 970084519
970090148 970090611
970134214 970134487
970134567 970134704
970135067 970135590
970144836 970145363
970168254 970168404
970207117 970207118
970207147 970207149
970207154 970207155
970207176 970207456
970217534 970217535
970227406 970227774
970234888 970235210
970239222 970240232
970247419 970247459
970254542 970271960
970272102 970272220
970281742 970281851
970282122 970283102
970284464 970285767
970287956 970287959
970306362 970306613
970307229 970307368
970307591 970307730
970327045 970336935
970337072 970337295
970337307 970337500
970337618 970337751
970337860 970338005
970338015 970338268
970338270 970338775
970338776 970339318
970339638 970339874
970339885 970340267
970342135 970368492
970370051 970370403
970370643 970370747
970371822 970372283
970372318 970373150
970397208 970397210
970397228 970397365
970408219 970408220
970408462 970408464
970408784 970408786
970411550 970411552
970414138 970414493
970417429 970417751
970419848 970419850
970420081 970420326
970420357 970420589
970422236 970422238
970422239 970422241
970426241 970437607
970441701 970454683
970454899 970455362
970455364 970455495
970455506 970455597
970455663 970455812
970460717 970460718
970463275 970464491
970469062 970469063
970470665 970470667
970471667 970471669
970475977 970475979
970477564 970477565
970478000 970478002
970478217 970478219
970478790 970478792
970478795 970478797
970479164 970479166
970479252 970479254
970479297 970479299
970479414 970479416
970479549 970479550
970479763 970479764
970479795 970479797
970479898 970479900
970480092 970480487
970483358 970483359
970484562 970484564
970484570 970484572
970485433 970485435
970486049 970486050
970489455 970489457
970489594 970489595
970489910 970489911
970489913 970489915
970490225 970490227
970490437 970490439
970490714 970490716
970490718 970490720
970490856 970490858
970490998 970491001
970491141 970491143
970491239 970491241
970491345 970491348
970491367 970491369
970491393 970491394
970491440 970491442
970491467 970491469
970491481 970491483
970491501 970491502
970491539 970491541
970491562 970491564
970491582 970491583
970491607 970491608
970491615 970491617
970491659 970491662
970491667 970491669
970491676 970491677
970491737 970491741
970491742 970491743
970491746 970491747
970491807 970491809
970491881 970491883
970491904 970491906
970491912 970491915
970491916 970491919
970491921 970491922
970491928 970491929
970491961 970491962
970491968 970491969
970491975 970491977
970491994 970492000
970492002 970492005
970492018 970492020
970492024 970492030
970492039 970492041
970492043 970492045
970492051 970492052
970492056 970492058
970492059 970492061
970492065 970492069
970492071 970492072
970492073 970492074
970492078 970492080
970492083 970492085
970492104 970492107
970492108 970492110
970492122 970492125
970492126 970492128
970492137 970492142
970492156 970492160
970492164 970492168
970492173 970492175
970492200 970492203
970492204 970492205
970492212 970492214
970492215 970492217
970492218 970492221
970492223 970492225
970492227 970492228
970492231 970492561
970492592 970492743
970494263 970494546
970499541 970499778
970504091 970504228
970504256 970504419
970504431 970504739
970504769 970504880
970504920 970505112
970506270 970506391
970506417 970507469
970507502 970508186
970510326 970510482
970510492 970510968
970511503 970511584
970511597 970511686
970513263 970513356
970513367 970513546
970513564 970513715
970514317 970514616
970514798 970515630
970517688 970517762
970519980 970520978
970521010 970521225
970521257 970521367
970521404 970521496
970522307 970522990
970523002 970523258
970523271 970523418
970523474 970525015
970525026 970525170
970525442 970534015
970535919 970536794
970543994 970551866
970551877 970552704
970565685 970566401
970584714 970584719
970586353 970586784
970586814 970587752
970588622 970590001
970590049 970590182
970590864 970591097
970592463 970592860
970593535 970593725
970593763 970594100
970594111 970594972
970595008 970595190
970604311 970604312
970604325 970604327
970608619 970608867
970610329 970630873
970630887 970631762
970631873 970631944
970633638 970634446
970668923 970668925
970670028 970670291
970692078 970692555
970696747 970697284
970697285 970713878
970717678 970718200
970719472 970719890
970719923 970720402
970720460 970722768
970724764 970729062
970729104 970729346
970849548 970849549
970850922 970850924
970858708 970888862
970888982 970889355
970889404 970889514
970916053 970916054
970922757 970925137
970931372 970932102
970932156 970932246
970932366 970932723
970932748 970933969
970934044 970934785
970934918 970939994
970941299 970941546
970941556 970941696
970941707 970942153
970942341 970943227
970943258 970943898
970948522 970949797
970955258 970956020
970957197 970957372
970957598 970957738
970962959 970962960
971002334 971002791
971007370 971007372
971011566 971011568
971014254 971015011
971015012 971015726
971015739 971015841
971015851 971015911
971015921 971016003
971016014 971018744
971018963 971019333
971019464 971019653
971019664 971020217
971020352 971020576
971020588 971020818
971020829 971021252
971021308 971021544
971021601 971022003
971022053 971022272
971022543 971023818
971030320 971031298
971032175 971032422
971032923 971033800
971033825 971034479
971035231 971043510
971046467 971046878
971047218 971047452
971048513 971048692
971049166 971050207
971050272 971050356
971051353 971051355
971051366 971051368
971051371 971051372
971051384 971051386
971051399 971051404
971051407 971051408
971051410 971051412
971051434 971051436
971051448 971051450
971051453 971051454
971051460 971051462
971051468 971051470
971051475 971051478
971051480 971051481
971051490 971051493
971051498 971051501
971051503 971051505
971051510 971051516
971051517 971051519
971051521 971051527
971051530 971051531
971051532 971051534
971051537 971051539
971051545 971051546
971051547 971051548
971051553 971051558
971051559 971051561
971051570 971051573
971051593 971051595
971051596 971051604
971051606 971052156
971052207 971052336
971053363 971053365
971053374 971053375
971053405 971053406
971053447 971053449
971053474 971053478
971053481 971053484
971053485 971053488
971053492 971053500
971053502 971053506
971053509 971053511
971053512 971053514
971053515 971053519
971053524 971053527
971053530 971053532
971053534 971053536
971053539 971053541
971053542 971053546
971053547 971053548
971053551 971053553
971053554 971053557
971053558 971053561
971053563 971053565
971053566 971053567
971053569 971053571
971053572 971053573
971053574 971053579
971053582 971053584
971053589 971053590
971053597 971053599
971053600 971053602
971053604 971053610
971053611 971053613
971053615 971053619
971053620 971053625
971053628 971053629
971053632 971053634
971053635 971053637
971053638 971053641
971053642 971053645
971053647 971053661
971053662 971053671
971053673 971053696
971053697 971053699
971053700 971053703
971053704 971053710
971053711 971053715
971053716 971053718
971053719 971053725
971053728 971053745
971053747 971053758
971053759 971053766
971053767 971053987
971054203 971054487
971055704 971055709
971055713 971055716
971055717 971055731
971055736 971055740
971055741 971055742
971055744 971055747
971055748 971055751
971055753 971055759
971055760 971055765
971055766 971055777
971055778 971055783
971055784 971055787
971055789 971055792
971055796 971055798
971055801 971055810
971055811 971055815
971055816 971055817
971055819 971055821
971055822 971055856
971055857 971055863
971055864 971055877
971055879 971055882
971055885 971055886
971055887 971055900
971055901 971055915
971055916 971055923
971055927 971055929
971055930 971055932
971055935 971055942
971055943 971055950
971055953 971055957
971055960 971056200
971056456 971056810
971057858 971057859
971057952 971057954
971057970 971057972
971057975 971057977
971057979 971057981
971057983 971057985
971057990 971057992
971057997 971057999
971058002 971058003
971058006 971058012
971058016 971058018
971058020 971058022
971058028 971058030
971058032 971058034
971058036 971058037
971058045 971058047
971058048 971058050
971058051 971058053
971058054 971058056
971058176 971058178
971058179 971058186
971058187 971058188
971058191 971058197
971058198 971058201
971058202 971058205
971058206 971058212
971058213 971058215
971058216 971058217
971058218 971058224
971058225 971058232
971058233 971058239
971058240 971058246
971058247 971058250
971058251 971058254
971058255 971058265
971058267 971058268
971058283 971058288
971058289 971058291
971058294 971058297
971058298 971058301
971058302 971058303
971058304 971058307
971058308 971058703
971058929 971059265
971060736 971060846
971061083 971061310
971063217 971063218
971063235 971063237
971063392 971063594
971063813 971064086
971066297 971066299
971066408 971066410
971066691 971066692
971066807 971066809
971067162 971067164
971067362 971067364
971067759 971067760
971067813 971067815
971067918 971067920
971068049 971068051
971068291 971068293
971070864 971070865
971072024 971072026
971072404 971072406
971073358 971073359
971073374 971073376
971073459 971073460
971073586 971073588
971073786 971073787
971073902 971073904
971073945 971073947
971074214 971074216
971074241 971074242
971074349 971074351
971074987 971074989
971075049 971075051
971075537 971075539
971075725 971075727
971076306 971076307
971076417 971076419
971076511 971076512
971076593 971076596
971076598 971076600
971076806 971076808
971076896 971076897
971076931 971076933
971077069 971077071
971077129 971077131
971077176 971077177
971077195 971077197
971077262 971077264
971077274 971077275
971077319 971077321
971077472 971077474
971077603 971077605
971077765 971077767
971077786 971077788
971077791 971077793
971077853 971077854
971077993 971077995
971078155 971078157
971078177 971078179
971078257 971078259
971078534 971078536
971078547 971078549
971078581 971078582
971078632 971078634
971078660 971078661
971078671 971078672
971078787 971078789
971078816 971078818
971078882 971078884
971079071 971079073
971079175 971079176
971079192 971079194
971079220 971079222
971079310 971079312
971079462 971079464
971079530 971079532
971079552 971079554
971079581 971079583
971079591 971079592
971079708 971079709
971079766 971079768
971079773 971079774
971079807 971079808
971079841 971079843
971079971 971079973
971079978 971079980
971080059 971080061
971080082 971080083
971080159 971080161
971080200 971080201
971080270 971080272
971080301 971080302
971080346 971080347
971080421 971080423
971080536 971080538
971080547 971080548
971080582 971080584
971080617 971080619
971080675 971080677
971080688 971080690
971080740 971080741
971080869 971080871
971080879 971080881
971080898 971080900
971080922 971080923
971080934 971080935
971080949 971080951
971080983 971080985
971081009 971081011
971081096 971081098
971081172 971081173
971081186 971081188
971081215 971081217
971081242 971081243
971081360 971081362
971081380 971081382
971081398 971081400
971081429 971081430
971081491 971081493
971081612 971081614
971081621 971081623
971081666 971081668
971081669 971081670
971081691 971081693
971081713 971081715
971081725 971081727
971081736 971081738
971081831 971081833
971081846 971081847
971081858 971081860
971081881 971081883
971081905 971081906
971081942 971081944
971081962 971081964
971081974 971081976
971082123 971082125
971082416 971082418
971082447 971082449
971082522 971082524
971082631 971082633
971082638 971082640
971082697 971082698
971082729 971082731
971082775 971082776
971082783 971082785
971082871 971082873
971082928 971082930
971082964 971082965
971083010 971083012
971083105 971083106
971083109 971083110
971083131 971083133
971083151 971083153
971083167 971083169
971083265 971083266
971083275 971083277
971083317 971083318
971083330 971083331
971083369 971083370
971083377 971083379
971083391 971083392
971083396 971083398
971083415 971083416
971083429 971083431
971083436 971083437
971083507 971083510
971083515 971083517
971083549 971083550
971083553 971083554
971083571 971083573
971083610 971083612
971083669 971083670
971083701 971083704
971083714 971083715
971083722 971083723
971083822 971083824
971083908 971083910
971083969 971083971
971083973 971083975
971084021 971084022
971084045 971084047
971084048 971084049
971084100 971084102
971084155 971084156
971084231 971084232
971084276 971084278
971084292 971084293
971084364 971084365
971084374 971084376
971084406 971084408
971084566 971084568
971084640 971084641
971084659 971084660
971084709 971084711
971084716 971084718
971084721 971084722
971084763 971084764
971084862 971084864
971084882 971084883
971084923 971084928
971084953 971084954
971084976 971084977
971084980 971084982
971085001 971085002
971085053 971085054
971085071 971085074
971085080 971085082
971085111 971085113
971085117 971085119
971085135 971085137
971085143 971085144
971085157 971085159
971085165 971085167
971085168 971085171
971085198 971085203
971085229 971085231
971085251 971085253
971085258 971085260
971085261 971085263
971085297 971085300
971085313 971085315
971085318 971085320
971085337 971085338
971085353 971085356
971085415 971085417
971085418 971085420
971085453 971085455
971085487 971085489
971085503 971085505
971085522 971085524
971085606 971085607
971085628 971085629
971085648 971085650
971085664 971085666
971085686 971085689
971085711 971085712
971085726 971085727
971085735 971085736
971085741 971085742
971085766 971085767
971085770 971085771
971085781 971085784
971085787 971085788
971085808 971085810
971085815 971085817
971085842 971085843
971085870 971085871
971085904 971085905
971085953 971085954
971086029 971086030
971086048 971086050
971086056 971086058
971086085 971086086
971086173 971086174
971086217 971086219
971086227 971086229
971086258 971086260
971086280 971086282
971086343 971086345
971086368 971086370
971086486 971086488
971086504 971086507
971086511 971086513
971086529 971086530
971086590 971086592
971086602 971086603
971086622 971086624
971086639 971086641
971086665 971086666
971086714 971086715
971086737 971086738
971086744 971086746
971086750 971086752
971086778 971086780
971086799 971086801
971086864 971086866
971086891 971086892
971086905 971086907
971086950 971086953
971086995 971086997
971087003 971087004
971087013 971087015
971087026 971087028
971087049 971087051
971087068 971087070
971087074 971087076
971087085 971087086
971087087 971087088
971087089 971087091
971087137 971087139
971087180 971087181
971087208 971087210
971087283 971087286
971087296 971087298
971087369 971087372
971087394 971087396
971087478 971087480
971087482 971087484
971087506 971087508
971087509 971087510
971087529 971087531
971087565 971087567
971087585 971087588
971087597 971087599
971087619 971087621
971087624 971087626
971087636 971087638
971087673 971087674
971087747 971087749
971087765 971087768
971087821 971087822
971087860 971087862
971087863 971087865
971087879 971087881
971087895 971087898
971087955 971087956
971087959 971087960
971087993 971087994
971088009 971088011
971088013 971088015
971088037 971088038
971088085 971088087
971088104 971088105
971088132 971088134
971088150 971088152
971088258 971088260
971088307 971088308
971088359 971088360
971088385 971088386
971088389 971088390
971088394 971088396
971088420 971088421
971088470 971088472
971088548 971088550
971088578 971088581
971088589 971088590
971088609 971088611
971088612 971088616
971088638 971088639
971088701 971088706
971088719 971088721
971088749 971088750
971088758 971088759
971088793 971088794
971088812 971088814
971088820 971088822
971088826 971088828
971088830 971088832
971088854 971088855
971088857 971088860
971088888 971088891
971088923 971088925
971088958 971088960
971088976 971088977
971088979 971088981
971089010 971089012
971089026 971089027
971089059 971089060
971089078 971089080
971089110 971089111
971089132 971089134
971089164 971089166
971089172 971089174
971089203 971089204
971089225 971089227
971089272 971089274
971089296 971089298
971089310 971089312
971089321 971089323
971089346 971089348
971089413 971089416
971089462 971089463
971089489 971089491
971089494 971089495
971089563 971089564
971089580 971089582
971089595 971089596
971089608 971089610
971089615 971089617
971089622 971089624
971089663 971089665
971089734 971089735
971089789 971089791
971089794 971089796
971089813 971089815
971089823 971089825
971089830 971089832
971089835 971089837
971089902 971089904
971089913 971089914
971089942 971089944
971089989 971089991
971089997 971089999
971090038 971090039
971090053 971090055
971090057 971090058
971090103 971090104
971090125 971090127
971090164 971090166
971090203 971090205
971090224 971090226
971090250 971090252
971090269 971090271
971090275 971090279
971090307 971090309
971090312 971090314
971090318 971090319
971090328 971090330
971090344 971090346
971090357 971090359
971090375 971090376
971090383 971090384
971090398 971090400
971090444 971090445
971090459 971090460
971090475 971090476
971090480 971090482
971090521 971090523
971090563 971090565
971090578 971090580
971090582 971090584
971090589 971090590
971090595 971090596
971090614 971090616
971090636 971090638
971090648 971090650
971090661 971090663
971090676 971090678
971090680 971090681
971090685 971090687
971090738 971090740
971090830 971090832
971090860 971090861
971090883 971090884
971090905 971090907
971090916 971090918
971090923 971090924
971090936 971090937
971090947 971090948
971090955 971090960
971090971 971090974
971090993 971090994
971091003 971091006
971091010 971091012
971091014 971091015
971091016 971091018
971091021 971091023
971091077 971091078
971091092 971091094
971091149 971091151
971091168 971091170
971091183 971091185
971091191 971091193
971091196 971091198
971091222 971091223
971091245 971091247
971091256 971091258
971091264 971091266
971091267 971091268
971091271 971091273
971091281 971091283
971091348 971091349
971091381 971091383
971091387 971091389
971091391 971091393
971091434 971091435
971091437 971091439
971091472 971091473
971091518 971091519
971091529 971091532
971091555 971091557
971091607 971091609
971091666 971091670
971091681 971091683
971091709 971091710
971091721 971091722
971091728 971091729
971091741 971091743
971091780 971091782
971091789 971091792
971091809 971091810
971091816 971091817
971091832 971091833
971091835 971091837
971091867 971091869
971091872 971091873
971091897 971091899
971091931 971091932
971091935 971091937
971091992 971091993
971092037 971092039
971092040 971092041
971092044 971092045
971092051 971092053
971092062 971092064
971092073 971092075
971092118 971092120
971092123 971092125
971092140 971092142
971092203 971092204
971092229 971092230
971092241 971092243
971092259 971092261
971092350 971092352
971092371 971092372
971092438 971092440
971092472 971092474
971092476 971092478
971092520 971092522
971092551 971092553
971092589 971092592
971092621 971092623
971092629 971092631
971092632 971092634
971092705 971092707
971092717 971092719
971092757 971092759
971092771 971092773
971092800 971092803
971092807 971092809
971092810 971092811
971092825 971092827
971092829 971092832
971092841 971092843
971092872 971092874
971092912 971092914
971092961 971092963
971092969 971092970
971093012 971093013
971093082 971093084
971093124 971093126
971093129 971093130
971093131 971093132
971093152 971093154
971093172 971093175
971093190 971093191
971093198 971093200
971093213 971093215
971093225 971093227
971093238 971093240
971093244 971093246
971093247 971093248
971093255 971093257
971093272 971093274
971093298 971093299
971093326 971093328
971093339 971093341
971093343 971093345
971093377 971093378
971093421 971093423
971093469 971093471
971093481 971093482
971093497 971093501
971093503 971093504
971093512 971093513
971093532 971093534
971093549 971093551
971093572 971093574
971093603 971093604
971093613 971093616
971093631 971093634
971093641 971093643
971093646 971093648
971093649 971093651
971093656 971093658
971093660 971093662
971093683 971093686
971093687 971093688
971093702 971093703
971093706 971093708
971093713 971093715
971093734 971093736
971093774 971093776
971093836 971093838
971093844 971093846
971093851 971093853
971093855 971093857
971093920 971093922
971093951 971093953
971093965 971093967
971093981 971093982
971094015 971094016
971094047 971094049
971094064 971094066
971094112 971094113
971094124 971094126
971094131 971094133
971094182 971094184
971094199 971094200
971094204 971094207
971094231 971094233
971094234 971094235
971094239 971094241
971094251 971094253
971094262 971094264
971094277 971094278
971094282 971094284
971094304 971094305
971094311 971094313
971094326 971094327
971094335 971094338
971094345 971094347
971094387 971094389
971094426 971094427
971094440 971094442
971094473 971094475
971094482 971094484
971094487 971094488
971094491 971094493
971094529 971094531
971094532 971094534
971094564 971094565
971094581 971094583
971094594 971094595
971094599 971094601
971094625 971094626
971094661 971094662
971094665 971094667
971094673 971094675
971094688 971094689
971094695 971094696
971094698 971094700
971094710 971094712
971094717 971094719
971094725 971094728
971094739 971094741
971094778 971094780
971094797 971094799
971094805 971094806
971094824 971094826
971094839 971094841
971094854 971094856
971094888 971094890
971094897 971094899
971094910 971094912
971094931 971094933
971094953 971094955
971094969 971094971
971094975 971094977
971094984 971094985
971094991 971094993
971095021 971095023
971095033 971095036
971095047 971095048
971095059 971095062
971095065 971095067
971095084 971095086
971095131 971095133
971095134 971095136
971095137 971095139
971095141 971095143
971095222 971095224
971095247 971095252
971095254 971095256
971095259 971095261
971095297 971095299
971095323 971095324
971095331 971095332
971095354 971095356
971095367 971095369
971095381 971095383
971095420 971095421
971095443 971095445
971095450 971095452
971095454 971095455
971095458 971095460
971095461 971095463
971095466 971095468
971095472 971095474
971095476 971095478
971095516 971095518
971095519 971095521
971095526 971095528
971095549 971095551
971095560 971095562
971095584 971095585
971095595 971095597
971095628 971095629
971095632 971095635
971095651 971095653
971095693 971095694
971095701 971095702
971095732 971095734
971095799 971095801
971095879 971095883
971095909 971095911
971095918 971095920
971095933 971095935
971095949 971095951
971095954 971095956
971095976 971095978
971095996 971095998
971096010 971096012
971096043 971096045
971096083 971096085
971096088 971096089
971096115 971096116
971096130 971096132
971096178 971096180
971096216 971096217
971096228 971096230
971096253 971096255
971096261 971096264
971096275 971096276
971096279 971096280
971096284 971096286
971096291 971096293
971096322 971096325
971096346 971096347
971096365 971096367
971096383 971096385
971096387 971096388
971096407 971096408
971096428 971096429
971096457 971096458
971096459 971096460
971096470 971096471
971096499 971096500
971096520 971096521
971096536 971096538
971096547 971096549
971096550 971096552
971096565 971096566
971096573 971096574
971096591 971096593
971096635 971096637
971096648 971096649
971096651 971096652
971096659 971096661
971096663 971096664
971096671 971096673
971096741 971096742
971096775 971096776
971096779 971096781
971096784 971096786
971096794 971096796
971096862 971096865
971096871 971096873
971096896 971096897
971096901 971096904
971096909 971096911
971096931 971096933
971096936 971096938
971096939 971096941
971096951 971096952
971096962 971096964
971096970 971096972
971097012 971097013
971097016 971097018
971097091 971097093
971097119 971097120
971097213 971097215
971097253 971097254
971097277 971097281
971097318 971097320
971097323 971097324
971097325 971097326
971097373 971097375
971097378 971097380
971097428 971097430
971097464 971097465
971097490 971097494
971097497 971097498
971097529 971097531
971097538 971097540
971097544 971097546
971097615 971097617
971097648 971097649
971097721 971097723
971097751 971097754
971097766 971097768
971097770 971097772
971097775 971097777
971097795 971097797
971097819 971097820
971097874 971097875
971097891 971097892
971097923 971097926
971097944 971097946
971097997 971097999
971098039 971098040
971098052 971098055
971098082 971098084
971098120 971098122
971098138 971098140
971098143 971098145
971098162 971098163
971098171 971098173
971098201 971098202
971098216 971098218
971098266 971098268
971098316 971098317
971098325 971098326
971098357 971098359
971098413 971098414
971098454 971098456
971098465 971098467
971098484 971098486
971098503 971098504
971098511 971098513
971098530 971098532
971098534 971098536
971098538 971098540
971098541 971098542
971098545 971098546
971098584 971098585
971098600 971098601
971098607 971098609
971098646 971098648
971098683 971098685
971098711 971098713
971098730 971098731
971098741 971098743
971098757 971099362
971100578 971101760
971101853 971102455
971103676 971103678
971103699 971103701
971103704 971103705
971103712 971103713
971103719 971103721
971103765 971103767
971103788 971103789
971103799 971103801
971103817 971103818
971103829 971103831
971103834 971103835
971103912 971103914
971103942 971103943
971103997 971103999
971104066 971104068
971104124 971104125
971104161 971105022
971107102 971107103
971107140 971107142
971107261 971107262
971107368 971107370
971107456 971107458
971107722 971107723
971107733 971108104
971108139 971108234
971108615 971108819
971110287 971110289
971110406 971110408
971110793 971110970
971111002 971111463
971111522 971111602
971112191 971112507
971114299 971114541
971114766 971115294
971115316 971115583
971115615 971115734
971117258 971117260
971117378 971117379
971117392 971117572
971118754 971118900
971118933 971119460
971119466 971119597
971119835 971120532
971121035 971121112
971121145 971121328
971121504 971121570
971123279 971123281
971123391 971123599
971123836 971125371
971125400 971129176
971131102 971131105
971131241 971131243
971131640 971132555
971135835 971135837
971137447 971137818
971154837 971154839
971155054 971155056
971155655 971155656
971156109 971156110
971156132 971156134
971156605 971156607
971157055 971157056
971157680 971157682
971159390 971159391
971159740 971159742
971160051 971160053
971160709 971160711
971161562 971161564
971162804 971162805
971162988 971162989
971163621 971163623
971163817 971163820
971163892 971163894
971164279 971164281
971164322 971164323
971164983 971164985
971165388 971165390
971166385 971166387
971167095 971167096
971167815 971167817
971168014 971168016
971168270 971168272
971168678 971168679
971168889 971168890
971168899 971168900
971169200 971169202
971170309 971170310
971170859 971170861
971171842 971171844
971171999 971173106
971178838 971178839
971178954 971179725
971179741 971179856
971184936 971184937
971187011 971187013
971187540 971188553
971188591 971189331
971189368 971189624
971189850 971190286
971190320 971190442
971190619 971191855
971193576 971195448
971195481 971195599
971195636 971195899
971195935 971196104
971201307 971201309
971201508 971201548
971201588 971202271
971202273 971202352
971202364 971202639
971202675 971203142
971204469 971204736
971207286 971207288
971208089 971208091
971208268 971208269
971208464 971208466
971209415 971209417
971209772 971209774
971210633 971210635
971211530 971211532
971211673 971211675
971211817 971211819
971211822 971211973
971212202 971212306
971213800 971213912
971216118 971216119
971216572 971216573
971216793 971216794
971217184 971217185
971217858 971217860
971217862 971217864
971218085 971218086
971218087 971218089
971218187 971218644
971223090 971224659
971224669 971225172
971225189 971225312
971225748 971229415
971231668 971231669
971231943 971231945
971232391 971232392
971232445 971232446
971232702 971232703
971232742 971232744
971233273 971233275
971233695 971233696
971233921 971233923
971234344 971234346
971234547 971234549
971234994 971234996
971235576 971235578
971235627 971235629
971235694 971235696
971236315 971236317
971236616 971236617
971236863 971236864
971237032 971237034
971237137 971237139
971237183 971237185
971237264 971237266
971237343 971237345
971237365 971237367
971237443 971237445
971237692 971237694
971237837 971237838
971237882 971237883
971237981 971237982
971238005 971238007
971238212 971238214
971238303 971238305
971238401 971238403
971238445 971238448
971238620 971238622
971238632 971238634
971238640 971238642
971238674 971238675
971238753 971238755
971238807 971238809
971238826 971238828
971238914 971238916
971238963 971238965
971238983 971238985
971239017 971239019
971239034 971239036
971239105 971239106
971239290 971239293
971239323 971239324
971239422 971239424
971239445 971239446
971239490 971239491
971239535 971239538
971239549 971239550
971239557 971239559
971239597 971239598
971239632 971239634
971239640 971239642
971239651 971239652
971239655 971239656
971239672 971239673
971239769 971239771
971239807 971239809
971239823 971239824
971239831 971239833
971239845 971239847
971239863 971239864
971239867 971239869
971239881 971239883
971239911 971239912
971240011 971240015
971240023 971240024
971240035 971240036
971240062 971240064
971240077 971240078
971240089 971240091
971240139 971240140
971240142 971240144
971240153 971240155
971240166 971240168
971240177 971240179
971240235 971240237
971240449 971240452
971240464 971240465
971240472 971240474
971240496 971240497
971240538 971240539
971240562 971240565
971240572 971240573
971240582 971240583
971240617 971240619
971240628 971240632
971240634 971240636
971240716 971240718
971240778 971240780
971240801 971240802
971240817 971240818
971240832 971240833
971240846 971240848
971240861 971240863
971240865 971240867
971240896 971240898
971240932 971240933
971240944 971240946
971240955 971240957
971240970 971240971
971240989 971241308
971242669 971242670
971242696 971242697
971242725 971242726
971242742 971242744
971242830 971242832
971242919 971242921
971242990 971243368
971244870 971244872
971245448 971245450
971245698 971245699
971245992 971245994
971246196 971246199
971246883 971246884
971247152 971247154
971247338 971247340
971247401 971247402
971247650 971247651
971247780 971247781
971247838 971247839
971248023 971248024
971248206 971248207
971248289 971248291
971248493 971248494
971248532 971248533
971248729 971248731
971248838 971248839
971248846 971248848
971248916 971248918
971249131 971249134
971249205 971249206
971249311 971249312
971249328 971249330
971249331 971249332
971249382 971249384
971249476 971249477
971249481 971249483
971249666 971249669
971249877 971249878
971249945 971249947
971249964 971249966
971250035 971250037
971250057 971250058
971250069 971250070
971250071 971250072
971250141 971250143
971250144 971250146
971250162 971250164
971250247 971250249
971250257 971250260
971250356 971250358
971250367 971250369
971250390 971250391
971250399 971250401
971250491 971250495
971250520 971250522
971250548 971250550
971250625 971250627
971250655 971250656
971250730 971250731
971250807 971250808
971250822 971250823
971250853 971250855
971250856 971250858
971250875 971250878
971250879 971250881
971250901 971250904
971250920 971250922
971250935 971250937
971250948 971250949
971251011 971251013
971251019 971251021
971251080 971251081
971251241 971251242
971251315 971251317
971251352 971251354
971251355 971251357
971251375 971251377
971251437 971251439
971251443 971251444
971251535 971251537
971251551 971251553
971251555 971251557
971251651 971251657
971251664 971251666
971251693 971251695
971251700 971251702
971251747 971251749
971251777 971251778
971251802 971251803
971251813 971251815
971251818 971251819
971251820 971251822
971251849 971251851
971251901 971251903
971251930 971251932
971251940 971251942
971251949 971251951
971251953 971251955
971251983 971251985
971252049 971252051
971252061 971252062
971252089 971252090
971252175 971252177
971252202 971252204
971252316 971252318
971252330 971252332
971252340 971252342
971252385 971252386
971252411 971252415
971252448 971252449
971252525 971252526
971252547 971252549
971252556 971252557
971252574 971252576
971252594 971252595
971252678 971252680
971252729 971252730
971252785 971252787
971252850 971252851
971252854 971252856
971252936 971252938
971252958 971252960
971252967 971252969
971252975 971252977
971253008 971253010
971253062 971253064
971253083 971253085
971253094 971253096
971253134 971253136
971253149 971253151
971253182 971253184
971253193 971253194
971253266 971253267
971253285 971253287
971253289 971253291
971253294 971253296
971253297 971253298
971253312 971253313
971253316 971253318
971253350 971253352
971253366 971253369
971253374 971253377
971253378 971253380
971253432 971253437
971253445 971253448
971253451 971253452
971253487 971253489
971253501 971253505
971253557 971253559
971253577 971253578
971253619 971253621
971253635 971253636
971253672 971253674
971253703 971253705
971253722 971253724
971253726 971253728
971253748 971253749
971253799 971253801
971253838 971253840
971253858 971253860
971253871 971253872
971253917 971253919
971253923 971253924
971253931 971253933
971253937 971253939
971253940 971253941
971253954 971253955
971253987 971253989
971254029 971254031
971254073 971254075
971254080 971254082
971254099 971254101
971254125 971254127
971254133 971254135
971254177 971254179
971254181 971254182
971254185 971254186
971254216 971254217
971254223 971254225
971254239 971254240
971254262 971254264
971254275 971254276
971254319 971254321
971254327 971254329
971254335 971254337
971254372 971254374
971254447 971254449
971254450 971254451
971254458 971254461
971254466 971254468
971254474 971254476
971254496 971254497
971254522 971254524
971254596 971254597
971254599 971254601
971254623 971254625
971254637 971254639
971254675 971254679
971254836 971254838
971254856 971254858
971254892 971254896
971254962 971254963
971254968 971254969
971254986 971254988
971255006 971255008
971255017 971255020
971255040 971255042
971255056 971255057
971255096 971255098
971255117 971255118
971255127 971255129
971255132 971255134
971255140 971255141
971255201 971255203
971255208 971255209
971255232 971255233
971255250 971255251
971255254 971255256
971255266 971255267
971255287 971255288
971255293 971255294
971255313 971255314
971255338 971255340
971255346 971255348
971255384 971255386
971255471 971255472
971255528 971255529
971255532 971255533
971255550 971255554
971255557 971255559
971255580 971255581
971255587 971255588
971255599 971255601
971255635 971255637
971255639 971255640
971255661 971255663
971255673 971255675
971255678 971255680
971255706 971255708
971255711 971255713
971255732 971255734
971255778 971255779
971255790 971255792
971255805 971255807
971255829 971255831
971255834 971255835
971255843 971255845
971255858 971255861
971255886 971255888
971255890 971255892
971255899 971255901
971255914 971255917
971255923 971255924
971255926 971255929
971255935 971255937
971255994 971255997
971256013 971256014
971256023 971256024
971256031 971256033
971256050 971256051
971256069 971256070
971256073 971256074
971256087 971256089
971256092 971256093
971256103 971256105
971256146 971256148
971256199 971256201
971256230 971256232
971256247 971256249
971256254 971256256
971256258 971256260
971256267 971256269
971256294 971256296
971256332 971256333
971256354 971256356
971256362 971256364
971256366 971256367
971256376 971256377
971256385 971256387
971256451 971256453
971256517 971256519
971256522 971256523
971256531 971256533
971256543 971256544
971256557 971256558
971256582 971256584
971256610 971256613
971256617 971256619
971256637 971256638
971256657 971256659
971256662 971256663
971256713 971256715
971256724 971256726
971256735 971256736
971256744 971256746
971256751 971256752
971256786 971256788
971256793 971256794
971256801 971256802
971256812 971256814
971256819 971256821
971256840 971256842
971256880 971256882
971256890 971256892
971256901 971256903
971256906 971256907
971256918 971256919
971256955 971256957
971256974 971256976
971256984 971256986
971256996 971256998
971257012 971257015
971257020 971257022
971257104 971257106
971257154 971257156
971257169 971257171
971257173 971257175
971257181 971257182
971257233 971257235
971257239 971257240
971257241 971257243
971257271 971257272
971257287 971257288
971257291 971257294
971257343 971257344
971257359 971257361
971257379 971257381
971257387 971257389
971257401 971257403
971257406 971257408
971257429 971257430
971257458 971257460
971257519 971257520
971257529 971257530
971257538 971257540
971257576 971257577
971257583 971257585
971257591 971257593
971257649 971257650
971257651 971257653
971257660 971257662
971257668 971257670
971257710 971257714
971257760 971257762
971257777 971257779
971257785 971257787
971257825 971257826
971257831 971257837
971257853 971257855
971257869 971257871
971257885 971257887
971257888 971257890
971257892 971257896
971257903 971257905
971257916 971257918
971257929 971257930
971257956 971257960
971257976 971257977
971257980 971257981
971258007 971258010
971258018 971258019
971258023 971258027
971258030 971258032
971258038 971258040
971258079 971258080
971258103 971258105
971258153 971258154
971258169 971258171
971258221 971258223
971258236 971258237
971258240 971258241
971258259 971258260
971258279 971258283
971258288 971258289
971258453 971258454
971258465 971258467
971258470 971258472
971258492 971258493
971258500 971258501
971258508 971258510
971258528 971258530
971258544 971258546
971258567 971258568
971258576 971258578
971258607 971258609
971258632 971258634
971258638 971258640
971258641 971258643
971258648 971258650
971258653 971258655
971258659 971258660
971258662 971258664
971258665 971258667
971258677 971258679
971258878 971258879
971258885 971258887
971258909 971258911
971258913 971258915
971258919 971258921
971258929 971258930
971258941 971258942
971258960 971258962
971258995 971258996
971259019 971259021
971259032 971259034
971259036 971259038
971259076 971259077
971259084 971259086
971259096 971259098
971259110 971259111
971259131 971259133
971259149 971259151
971259184 971259185
971259241 971259242
971259245 971259247
971259256 971259257
971259287 971259288
971259301 971259303
971259324 971259326
971259358 971259360
971259376 971259378
971259381 971259383
971259391 971259392
971259425 971259426
971259428 971259430
971259432 971259434
971259444 971259447
971259474 971259476
971259495 971259497
971259498 971259500
971259509 971259511
971259561 971259562
971259564 971259566
971259627 971259630
971259643 971259645
971259650 971259652
971259657 971259659
971259689 971259691
971259692 971259693
971259696 971259697
971259704 971259705
971259711 971259713
971259721 971259722
971259726 971259728
971259791 971259792
971259799 971259800
971259855 971259856
971259863 971259865
971259932 971259934
971259999 971260000
971260018 971260020
971260052 971260054
971260076 971260077
971260078 971260079
971260080 971260082
971260087 971260088
971260122 971260123
971260158 971260159
971260182 971260183
971260189 971260191
971260208 971260210
971260217 971260218
971260219 971260220
971260227 971260228
971260265 971260266
971260292 971260294
971260347 971260348
971260358 971260359
971260367 971260369
971260382 971260384
971260396 971260398
971260403 971260404
971260418 971260420
971260453 971260455
971260527 971260529
971260557 971260558
971260560 971260719
971260946 971261529
971261540 971262166
971263797 971263799
971263809 971263811
971263823 971263825
971263853 971263857
971263869 971263871
971263874 971263876
971263889 971263890
971263931 971263932
971263936 971263938
971263995 971263997
971264002 971264004
971264021 971264022
971264029 971264030
971264053 971264055
971264090 971264091
971264271 971264273
971264294 971264295
971264668 971264670
971264706 971264708
971265062 971265064
971265396 971265398
971265711 971265712
971265790 971265792
971266006 971266007
971266139 971266141
971266369 971266370
971266581 971266583
971266846 971266847
971266910 971266912
971267003 971267004
971267076 971267078
971267094 971267095
971267181 971267184
971267306 971267308
971267455 971267456
971267459 971267461
971267525 971267527
971267614 971267615
971267740 971267742
971268150 971268152
971268154 971268156
971268207 971268208
971268316 971268318
971268363 971268367
971268379 971268381
971268472 971268474
971268605 971268606
971268625 971268627
971268676 971268677
971268717 971268719
971268841 971268842
971268909 971268911
971268918 971268920
971268961 971268963
971268998 971269000
971269003 971269005
971269331 971269333
971269397 971269400
971269451 971269454
971269473 971269474
971269488 971269490
971269544 971269546
971269565 971269567
971269572 971269573
971269575 971269577
971269618 971269619
971269712 971269714
971269747 971269749
971269902 971269906
971269995 971269997
971270074 971270076
971270128 971270130
971270135 971270137
971270145 971270146
971270406 971270407
971270425 971270427
971270433 971270435
971270539 971270541
971270550 971270551
971270565 971270566
971270579 971270581
971270588 971270589
971270703 971270704
971270710 971270711
971270832 971270834
971270847 971270851
971270906 971270908
971270944 971270946
971270959 971270961
971270991 971270993
971271066 971271068
971271089 971271091
971271092 971271093
971271094 971271096
971271174 971271176
971271193 971271195
971271304 971271306
971271314 971271316
971271373 971271374
971271408 971271410
971271421 971271422
971271427 971271429
971271437 971271439
971271531 971271533
971271547 971271548
971271614 971271616
971271641 971272046
971273407 971273409
971273425 971273427
971273428 971273429
971273436 971273439
971273448 971273449
971273450 971273451
971273466 971273468
971273473 971273476
971273477 971273480
971273484 971273487
971273495 971273497
971273503 971273505
971273506 971273509
971273512 971273514
971273515 971273517
971273523 971273526
971273531 971273535
971273542 971273546
971273549 971273552
971273557 971273558
971273561 971273563
971273564 971273573
971273576 971273582
971273587 971273591
971273594 971273598
971273606 971273610
971273612 971273614
971273615 971273618
971273623 971273627
971273631 971273633
971273634 971273637
971273642 971273646
971273657 971273662
971273665 971273667
971273668 971273672
971273677 971273679
971273685 971273689
971273695 971273696
971273721 971273725
971273738 971273740
971273748 971273749
971273780 971273782
971273823 971273825
971273833 971273834
971273921 971273923
971273931 971273933
971273947 971273949
971273956 971273958
971274027 971274028
971274070 971274072
971274078 971274079
971274127 971274128
971274202 971274203
971274336 971274338
971274350 971274352
971274593 971274595
971274694 971274696
971274949 971274951
971274954 971274955
971275463 971275465
971275547 971275548
971275707 971275709
971276279 971276280
971276400 971276402
971276416 971276418
971276433 971276435
971276519 971276520
971276576 971276578
971277226 971277228
971277331 971277332
971277340 971277341
971277382 971277384
971277407 971277408
971277459 971277461
971277541 971277542
971277553 971277555
971277610 971277611
971277753 971277755
971277933 971277935
971278025 971278027
971278086 971278088
971278109 971278110
971278194 971278196
971278242 971278244
971278324 971278326
971278327 971278329
971278339 971278341
971278357 971278359
971278718 971278721
971278774 971278776
971278801 971278804
971278809 971278810
971278942 971278944
971278984 971278986
971279064 971279066
971279111 971279113
971280510 971280511
971280609 971280834
971282086 971282088
971282089 971282091
971282123 971282126
971282127 971282132
971282133 971282135
971282136 971282140
971282141 971282155
971282156 971282157
971282159 971282166
971282168 971282177
971282178 971282180
971282187 971282189
971282200 971282202
971282210 971282212
971282218 971282220
971292252 971292484
971297493 971298992
971306045 971306394
971309141 971309143
971309166 971309513
971311495 971311497
971311509 971311510
971311522 971311524
971311534 971311536
971311550 971311554
971311567 971311570
971311595 971311597
971311608 971311610
971311623 971311625
971311636 971311638
971311650 971311652
971311667 971311669
971311671 971311675
971311800 971311802
971311820 971311821
971311828 971311829
971311940 971311941
971311943 971311945
971312150 971312152
971312172 971312174
971312176 971312178
971312199 971312201
971312238 971312240
971312351 971312354
971319493 971319494
971319529 971319530
971321455 971321456
971321674 971321675
971321810 971321811
971321941 971321942
971351830 971352064
971353207 971353208
971353233 971353235
971353237 971353239
971353245 971353246
971353248 971353252
971353261 971353263
971353265 971353270
971353271 971353277
971353279 971353280
971353286 971353290
971353294 971353296
971353297 971353298
971353304 971353314
971353317 971353318
971353319 971353323
971353324 971353325
971353330 971353334
971353335 971353336
971353339 971353340
971353341 971353342
971353345 971353346
971353348 971353351
971353355 971353357
971353360 971353363
971353364 971353366
971353375 971353380
971353382 971353385
971353388 971353391
971353392 971353394
971353397 971353399
971353401 971353402
971353403 971353404
971353405 971353409
971353410 971353411
971353414 971353416
971353417 971353419
971353420 971353422
971353425 971353428
971353429 971353431
971353432 971353436
971353437 971353440
971353441 971353446
971353447 971353450
971353451 971353458
971353459 971353466
971353467 971353469
971353470 971353473
971353474 971353479
971353481 971353483
971353486 971353496
971353497 971353499
971353502 971353503
971353505 971353507
971354224 971354226
971361478 971361773
971362013 971362188
971363272 971363273
971363276 971363278
971363280 971363282
971363283 971363285
971363291 971363292
971385620 971385886
971387146 971387148
971387154 971387156
971392337 971392339
971427283 971427425
971427664 971427945
971428946 971428947
971428948 971428953
971428954 971428965
971428984 971428986
971428989 971428991
971429021 971429164
971430348 971430350
971430354 971430356
971430358 971430360
971430384 971430386
971430428 971430430
971430431 971430434
971430461 971430464
971430468 971430470
971450777 971451241
971451254 971451444
971452030 971452249
971453024 971453821
971453862 971454085
971454138 971454232
971455043 971455281
971455312 971457793
971457805 971457871
971457881 971458913
971458946 971459097
971460281 971460285
971460306 971460308
971460322 971460324
971460399 971460401
971460470 971460471
971460478 971460481
971460483 971460489
971460491 971460494
971460497 971460498
971460500 971460502
971460509 971460510
971460515 971460518
971460524 971460525
971460548 971460550
971460557 971460565
971460566 971460568
971462583 971463611
971464190 971464477
971464606 971477659
971477671 971477825
971477867 971478303
971478329 971479241
971479494 971480011
971482728 971483545
971483578 971483689
971483706 971483828
971483882 971483979
971485174 971485176
971485189 971485191
971485201 971485203
971485220 971485222
971485224 971485226
971485235 971485237
971485247 971485255
971485265 971485267
971485270 971485272
971485277 971485279
971485281 971485282
971485293 971485295
971485303 971485305
971485308 971485309
971485312 971485314
971485319 971485321
971485323 971485332
971485334 971485336
971485340 971485341
971485346 971485347
971485350 971485353
971485355 971485356
971485358 971485364
971485366 971485368
971485369 971485372
971485374 971485375
971485378 971485380
971485381 971485385
971485388 971485390
971485392 971485395
971485397 971485399
971485400 971485403
971485407 971485410
971485412 971485413
971485416 971485417
971485419 971485426
971485428 971485434
971485435 971485437
971485438 971485441
971485442 971485449
971485450 971485452
971485454 971485455
971485457 971485458
971485460 971485463
971485466 971485471
971485472 971485474
971485475 971485476
971485477 971485483
971485484 971485489
971485491 971485498
971485500 971485501
971485502 971485504
971485507 971485510
971485511 971485514
971485515 971485518
971485522 971485527
971485528 971486410
971486448 971486825
971487791 971487880
971488306 971488503
971489428 971489633
971490426 971490672
971491072 971491279
971492137 971492367
971492817 971493032
971493893 971494323
971495051 971495249
971496350 971496354
971496356 971496358
971496388 971496390
971496440 971496442
971496464 971496465
971496471 971496473
971496476 971496478
971496482 971496484
971496487 971496489
971496491 971496493
971496499 971496500
971496502 971496504
971496505 971496508
971496509 971496517
971496518 971496522
971496525 971496531
971496532 971496534
971496535 971496539
971496540 971496543
971496544 971496546
971496548 971496549
971496552 971496556
971496563 971496565
971496566 971496572
971496573 971496576
971496577 971496578
971496579 971496580
971496584 971496587
971496589 971496590
971496591 971496597
971496599 971496603
971496604 971496607
971496608 971496620
971496622 971496628
971496629 971496636
971496637 971496641
971496642 971496651
971496652 971496655
971496657 971496660
971496661 971496674
971496675 971496678
971496679 971496682
971496683 971496691
971496692 971496697
971496698 971496700
971496701 971496704
971496705 971496706
971496708 971496726
971496727 971496745
971496746 971496748
971496749 971496766
971496767 971496789
971496790 971497673
971497703 971497769
971498806 971498808
971498833 971498835
971498838 971498840
971498841 971498843
971498860 971498862
971498865 971498867
971498878 971498879
971498882 971498884
971498892 971498897
971498899 971498901
971498902 971498904
971498906 971498908
971498909 971498912
971498920 971498922
971498932 971498934
971498935 971498936
971498943 971498944
971498947 971498951
971498952 971498959
971498960 971498968
971498970 971498981
971498982 971498992
971498994 971498996
971498997 971499001
971499002 971499008
971499009 971499019
971499020 971499026
971499027 971499031
971499032 971499034
971499035 971499041
971499043 971499054
971499055 971499088
971499089 971499096
971499097 971499123
971499124 971499127
971499128 971499129
971499130 971499147
971499148 971500518
971501794 971501796
971501839 971501843
971501863 971501865
971501870 971501872
971501874 971501875
971501882 971501884
971501924 971501926
971501935 971501936
971530744 971531161
971532559 971532709
971532818 971535090
971535103 971538454
971538457 971538958
971538973 971539024
971539131 971539464
971539497 971539589
971540752 971541200
971541235 971541901
971541934 971542374
971542413 971542564
971542601 971543780
971545425 971560256
971560311 971560387
971560428 971560589
971560623 971560829
971561348 971561433
971562305 971562486
971562523 971562715
971562750 971562837
971563585 971563745
971563873 971563945
971566468 971571385
971572144 971572489
971572963 971573162
971573680 971573863
971574510 971574843
971576217 971576303
971576664 971577046
971577483 971577944
971579000 971579198
971579435 971579707
971583286 971583601
971583636 971586258
971593400 971594474
971622051 971637312
