961545615 961556599
961556668 961567227
961576273 961582267
961584505 961592892
961593105 961593947
961597857 961610898
961614042 961635194
961657568 961676174
961681424 961692756
961694870 961698017
961699890 961700005
961701428 961705166
961739652 961757670
961758839 961759408
961760097 961762468
961765420 961766299
961767799 961768037
961768876 961769168
961770098 961770389
961770415 961770906
961808053 961811510
961813727 961815690
961816081 961822603
961823375 961823463
961823688 961826368
961827264 961838826
961839458 961842346
961842984 961842985
961843639 961847069
961847816 961849535
961850166 961850397
961887913 961894713
961894847 961899583
961901626 961901731
961904103 961908774
961910673 961917999
961929810 961935838
961936789 961937008
961937061 961937440
961937504 961938776
961947076 961947490
961948725 961949677
961954162 961956777
961958086 962075453
962075595 962076521
962079033 962079316
962080540 962089288
962093623 962116378
962118349 962118470
962119811 962119875
962120399 962122735
962123267 962135157
962137431 962146322
962146562 962150482
962150636 962154377
962154840 962158370
962160378 962162937
962163005 962164050
962166876 962177800
962187303 962191112
962192004 962192336
962193649 962195985
962198614 962199749
962201087 962202027
962203073 962203638
962205338 962211214
962211909 962215004
962217533 962223537
962231588 962235171
962251224 962254439
962254788 962255682
962256811 962264100
962266918 962280402
962281237 962282792
962283347 962284266
962291609 962299281
962304184 962307252
962308779 962315342
962329153 962333150
962334304 962335107
962336243 962363372
962366582 962381253
962381822 962382067
962383163 962394362
962394402 962394409
962394516 962405586
962412915 962417871
962420172 962421605
962421720 962422663
962426029 962431789
962457950 962459646
962484633 962485503
962509470 962510006
962515135 962535885
962537826 962540268
962546096 962546669
962548696 962548904
962550125 962550163
962554098 962555359
962558740 962563280
962563334 962563422
962564003 962564910
962565464 962567232
962568759 962574299
962574373 962574455
962575431 962575713
962575930 962576017
962577677 962578768
962578857 962578880
962581013 962582348
962604338 962622842
962623626 962624047
962624809 962625908
962626757 962630392
962633084 962635078
962636174 962636364
962637824 962643563
962644366 962644427
962644941 962651807
962653899 962657283
962692790 962709494
962710538 962717372
962718383 962726557
962728666 962731234
962731781 962731904
962732872 962738348
962738663 962738949
962739101 962753025
962773417 962786982
962788610 962799806
962809067 962809567
962810326 962812099
962813606 962818100
962820152 962828150
962832236 962832238
962832261 962835260
962835422 962842668
962846871 962847205
962856735 962889024
962892690 962894593
962897630 962910350
962914183 962926576
962949992 962954886
962955934 962967239
962982135 962987677
962988902 962995245
962996673 962997356
963000518 963005720
963005946 963011389
963011470 963011940
963034418 963048888
963049561 963052214
963079957 963080017
963080075 963080720
963081800 963082226
963082260 963083332
963083940 963085287
963086293 963087935
963089371 963102682
963105246 963108370
963130693 963132791
963139291 963142837
963149283 963149948
963155202 963156638
963157613 963159494
963160390 963161253
963163842 963163870
963163898 963165139
963168984 963170383
963175213 963184769
963189245 963195653
963206222 963216443
963219293 963226378
963228893 963229675
963232467 963232526
963233965 963235506
963236714 963237004
963238420 963241379
963243980 963247703
963248481 963250434
963255634 963255949
963257487 963258562
963261349 963262351
963263014 963268624
963268674 963271539
963276272 963276540
963276579 963276583
963276599 963286380
963287191 963302281
963305861 963306251
963307497 963313143
963315148 963316159
963324299 963327175
963341015 963341513
963343238 963349073
963349360 963349431
963353604 963361880
963363463 963366144
963366187 963366189
963366395 963367645
963367825 963373709
963376790 963384653
963385329 963404072
963408931 963422625
963425450 963459612
963460263 963468440
963485876 963489541
963493355 963493933
963516338 963519796
963560668 963565146
963568030 963573231
963579544 963581496
963587499 963587571
963594663 963595714
963608140 963609524
963610516 963616522
963617625 963619463
963620656 963629371
963630008 963654528
963684258 963684787
963713189 963713224
963735972 963744194
963744929 963745215
963745886 963747051
963748748 963749115
963758567 963759103
963761604 963762834
963765865 963767015
963800396 963800721
963810232 963813785
963815362 963817281
963819355 963819667
963821055 963824376
963825058 963832870
963833494 963837025
963837936 963838768
963842775 963842999
963845852 963846407
963854105 963855191
963857564 963857903
963875157 963876675
963877607 963877615
963886834 963895186
963897506 963916872
963929062 963929655
963933675 963934286
963939072 963939281
963940366 963940707
963941310 963942113
963942662 963942850
963945075 963945438
963955096 963959361
963978154 964003179
964004862 964006121
964007301 964009357
964010954 964013051
964015112 964016737
964017351 964025864
964025964 964028921
964029988 964043823
964044689 964050221
964050742 964051926
964051964 964051966
964051982 964083193
964083952 964090518
964091107 964093229
964095645 964114413
964115834 964145214
964147407 964149557
964150417 964152636
964153943 964178661
964181379 964182416
964183609 964187541
964189252 964191648
964192888 964196848
964197037 964197309
964203653 964204274
964205805 964208720
964210060 964220898
964225684 964259478
964260354 964262672
964264348 964264872
964266901 964267003
964268944 964268964
964313128 964318016
964318957 964321557
964323231 964323989
964325017 964329114
964330525 964343136
964401260 964404434
964405223 964408210
964409043 964411171
964411953 964412611
964414166 964437100
964440480 964440725
964442950 964443159
964445470 964446116
964448857 964448919
964452644 964473856
964477933 964480282
964486806 964488866
964509216 964510415
964512146 964517275
964518411 964530084
964533955 964563815
964565656 964574413
964574965 964583390
964583415 964605413
964607360 964613441
964614103 964620175
964620669 964630146
964631348 964631496
964631540 964631543
964631564 964631617
964634528 964639284
964640820 964654966
964655197 964667607
964668417 964671078
964671969 964673539
964673555 964680805
964681456 964706505
964706997 964710292
964710968 964726657
964728589 964742183
964743463 964758895
964761131 964782334
964786145 964790125
964790835 964791654
964792305 964797320
964801347 964801455
964801552 964811166
964813152 964815574
964818291 964819469
964819549 964822207
964822247 964831988
964832034 964836134
964836622 964868340
964871791 964875393
964896252 964897248
964899836 964906759
964908255 964919851
964920020 964947802
964948894 964955099
964955822 964955888
964956660 964959048
964990745 964995066
965007836 965009028
965013385 965021472
965021892 965022299
965024050 965025188
965027350 965032455
965034686 965042071
965043089 965044955
965047486 965050155
965052384 965053511
965056583 965058403
965060254 965060905
965064004 965070826
965073213 965088393
965088761 965088845
965090380 965093345
965103724 965126287
965126883 965129053
965131010 965131535
965133977 965136389
965137207 965142265
965143104 965144820
965145790 965148320
965150788 965165927
965166311 965186788
965187406 965217525
965221008 965223623
965226491 965264203
965264583 965271994
965272370 965276346
965280213 965287591
965287920 965306306
965309226 965323416
965325262 965342096
965342483 965371451
965371906 965371961
965374122 965387353
965389532 965392052
965393078 965397356
965400579 965401436
965402358 965405169
965408657 965415705
965436172 965441427
965452204 965454190
965471115 965473306
965474825 965476601
965477258 965484380
965500613 965511195
965512682 965520281
965520733 965539042
965540543 965547885
965549247 965561063
965565590 965586941
965589275 965601431
965602329 965637589
965640858 965643314
965644440 965649664
965663327 965669911
965671981 965681360
965687514 965687722
965690523 965691416
965694220 965694838
965697493 965698628
965700254 965706291
965706348 965706445
965709508 965709689
965709856 965715531
965717145 965718404
965721980 965725204
965726127 965728855
965729773 965732212
965734251 965740759
965744856 965746562
965746646 965752948
965754531 965761066
965762101 965770906
965781808 965797453
965797682 965810027
965812412 965822983
965825769 965827041
965829391 965862778
965869674 965874666
965875757 965903882
965906153 965916634
965918489 965918727
965920980 965922719
965923553 965948699
965948850 965969863
965971942 965995641
965996688 965996979
965997554 965999254
966000758 966000769
966002255 966018199
966018839 966019150
966020821 966021772
966022486 966025395
966028351 966035659
966036660 966045774
966048891 966054789
966055214 966081018
966082451 966086190
966102268 966108421
966109797 966116134
966117249 966120961
966121282 966130195
966131106 966170198
966171589 966172427
966172880 966174882
966176642 966207130
966207784 966209346
966211285 966220703
966220908 966255014
966255918 966255997
966256586 966264557
966267270 966280755
966284394 966291197
966294915 966295036
966296017 966310221
966310933 966340568
966342853 966343374
966344913 966348052
966350853 966357517
966358532 966358692
966360378 966365785
966369561 966378680
966379646 966403443
966403812 966428268
966429807 966433729
966439211 966443729
966445581 966451655
966454978 966455343
966457135 966468071
966470006 966470769
966472392 966494225
966495241 966518169
966519980 966531806
966533602 966533678
966534923 966541760
966542909 966555358
966556040 966564217
966567028 966576308
966576435 966600463
966605136 966618089
966619319 966630232
966633730 966640364
966640420 966643456
966644057 966651421
966656500 966686555
966687808 966687969
966705395 966708067
966708242 966715856
966716570 966717843
966718610 966725430
966725716 966730037
966731275 966772315
966774212 966776127
966776175 966776711
966779323 966792749
966793488 966794207
966795341 966796677
966801250 966812006
966814085 966815698
966816179 966824245
966824657 966864292
966865933 966879107
966880254 966902505
966903128 966906589
966906781 966946080
966947549 966948063
966949344 966961083
966962013 966962024
966962063 966962066
966962093 966967678
966969606 966971469
966973218 966974574
966977392 966994037
966995186 967001514
967002238 967023288
967025906 967029331
967030518 967032070
967033145 967033910
967034912 967040537
967043001 967056675
967063849 967075805
967120817 967128856
967129630 967130809
967131969 967135517
967136702 967143342
967144341 967164305
967166369 967177676
967180901 967187719
967188531 967209397
967212738 967232366
967233946 967246170
967248009 967291629
967323675 967334427
967334634 967335342
967336413 967337687
967338621 967383299
967385935 967389444
967395841 967417004
967417191 967417258
967418918 967471598
967476197 967476277
967478463 967489580
967489965 967490518
967491264 967548936
967563170 967568602
967584793 967589273
967589523 967603989
967604075 967645754
967647323 967663714
967665633 967682457
967683474 967731427
967733653 967762205
967764815 967776245
967778385 967789881
967790621 967813325
967815623 967850981
967851867 967898315
967929119 967935609
967936524 967944824
967946309 967962066
967962577 967982293
967988776 967998586
967999123 968024633
968024819 968053722
968059588 968065692
968067164 968075457
968092571 968109193
968109220 968114716
968261889 968264704
968264896 968283300
968286263 968336420
968339382 968351271
968351974 968352769
968355500 968362443
968362870 968363866
968370887 968375775
968385178 968411247
968411871 968414648
968416615 968423667
968426364 968426372
968426453 968431498
968432705 968433716
968435103 968436730
968436964 968450651
968453365 968454442
968456456 968463308
968465518 968467951
968469561 968497707
968500489 968504348
968522021 968530340
968530470 968533724
968549402 968549590
968556757 968561107
968561455 968566332
968569252 968569332
968571186 968572955
968576181 968581948
968582087 968587822
968589426 968596618
968599389 968601031
968602416 968603791
968604025 968604303
968604976 968606315
968607255 968614570
968617898 968634911
968638548 968644632
968646025 968675387
968676835 968679443
968680215 968686803
968688905 968691838
968693321 968694106
968694718 968699812
968701111 968713996
968714886 968717159
968718555 968718582
968718602 968722061
968722545 968726671
968727598 968755001
968757039 968758187
968759038 968759077
968760025 968761776
968762623 968764756
968765758 968766258
968767668 968773750
968773778 968789115
968790279 968801463
968801492 968803973
968805946 968814378
968815379 968818538
968819847 968827362
968828563 968835321
968836665 968839697
968840429 968848117
968849702 968849736
968850463 968851541
968852512 968856737
968858460 968860709
968862335 968878816
968878834 968878936
968879583 968879685
968880345 968902181
968903131 968907152
968908344 968908898
968910200 968913079
968914368 968917089
968918238 968927975
968928769 968930369
968931621 968936436
968937379 968938063
968939017 968950702
968952497 968952832
968953452 968960494
968962772 968973466
968973754 968978831
968982139 968982161
968984049 968985378
968986076 968987082
968988197 969019228
969020001 969023474
969024570 969027670
969028336 969030884
969031793 969035321
969035858 969045160
969049007 969049366
969053691 969057398
969057849 969058050
969062862 969065629
969066297 969072230
969072893 969104552
969107599 969110311
969124000 969127625
969129674 969130572
969134209 969153218
969176466 969181490
969186444 969188746
969191179 969193167
969212866 969215625
969247966 969255762
969256126 969259442
969261439 969278943
969283397 969292406
969292526 969292958
969329654 969332575
969332929 969344002
969345262 969376438
969378542 969408586
969410314 969454970
969457185 969458352
969459355 969493263
969494040 969539217
969543117 969556008
969558326 969562551
969563289 969572105
969575192 969583024
969585309 969589775
969590440 969629084
969633559 969633943
969634598 969640419
969640579 969649921
969650741 969654795
969656683 969669753
969670409 969670790
969670977 969678172
969681562 969714476
969728476 969729836
969732367 969741375
969747731 969756135
969758482 969760438
969761179 969774240
969777780 969804981
969806467 969810892
969812309 969812529
969813670 969816870
969835028 969837284
969839599 969842573
969849919 969854687
969855419 969883544
969885454 969888023
969888750 969889407
969890379 969890858
969890931 969893143
969895912 969906694
969920141 969924690
969925482 969928071
969931843 969932197
969935766 969936274
969938509 969939199
969940229 969940794
969942006 969942985
969943909 969944071
969944718 969949091
969950405 969952029
969952864 969953796
969954543 969958488
969959187 969959285
969960008 969960488
969962334 969962401
969963994 969964326
969965152 969974308
969974571 969979534
969985191 970008236
970009763 970010076
970013215 970013689
970015526 970015977
970032596 970035605
970037056 970037530
970039388 970048303
970048830 970051677
970052731 970053358
970055939 970056524
970059229 970059870
970060819 970060898
970062967 970063311
970065516 970065986
970079365 970086060
970086238 970095574
970100690 970146630
970150347 970169542
970171022 970188688
970190537 970210119
970211832 970219942
970221002 970227412
970228735 970228789
970230445 970236128
970242799 970248863
970277660 970294503
970296010 970319327
970373425 970380296
970386032 970405902
970406244 970408161
970408399 970411305
970412781 970412980
970415035 970421813
970450498 970497630
970499394 970507208
970566904 970568389
970569673 970570567
970572115 970573242
970573982 970577003
970578192 970581392
970589505 970589946
970594964 970598507
970631520 970670607
970675820 970682398
970683027 970683779
970683812 970683815
970683851 970683917
970695724 970758175
970760237 970763211
970763784 970777693
970780178 970787993
970789463 970804460
970808494 970827438
970843369 970848686
970883944 970886837
970887879 970901002
970902319 970923196
970952365 970961689
970970428 970971363
970973469 971014194
971015969 971019162
971020528 971031738
971033483 971036166
971070670 971075738
971075897 971096324
971100276 971102892
971106036 971109118
971111591 971118684
971148261 971173374
971174955 971175643
971176298 971182120
971183474 971185251
971187089 971187281
971187383 971191789
971194285 971195184
971234972 971235740
971236637 971246743
971249658 971253063
971255079 971259004
971260714 971262216
971263048 971263220
971266746 971266808
971268432 971269082
971271445 971272083
971283884 971283997
971287005 971287581
971287625 971287627
971287660 971287891
971289096 971291641
971292680 971292688
971296535 971298209
971301239 971302308
971306850 971306852
971306894 971307042
971309223 971310575
971311500 971312176
971315503 971315564
971316931 971317509
971318109 971318174
971319030 971319133
971319871 971320054
971332352 971332658
971339358 971339471
971347538 971347770
971373812 971377540
971379215 971397690
971398339 971400243
971401223 971403461
971405860 971408038
971408697 971411575
971412994 971413194
971414006 971414815
971415594 971444098
971446579 971455697
971499168 971502100
971502328 971528027
971545826 971549877
971550218 971552944
971555128 971558979
971559000 971562452
971562484 971566122
971568315 971569890
971569933 971580928
971581453 971583338
971589094 971593706
971599454 971601677
971603367 971610678
971612815 971614889
