961553164 961553165
961556618 961556621
961558209 961558210
961560557 961560558
961564732 961564733
961565510 961565511
961567197 961574664
961575899 961575901
961575902 961575904
961575925 961575927
961582237 961582409
961583670 961583897
961586705 961586706
961594799 961595248
961595931 961597166
961605241 961605242
961608083 961608084
961610868 961611377
961614191 961614192
961619642 961619643
961619832 961619833
961625905 961625906
961636958 961645531
961645684 961645786
961645932 961646030
961646243 961646346
961646490 961646764
961646909 961647017
961647200 961647369
961647519 961647707
961647994 961648355
961648549 961648641
961649291 961649396
961649545 961649660
961649808 961649911
961656295 961656821
961662710 961662711
961673805 961673806
961676144 961676808
961676842 961676978
961677012 961677218
961678129 961678272
961678696 961678811
961679071 961679284
961692727 961692983
961693478 961693479
961693481 961693484
961693651 961693653
961697987 961698194
961698880 961698883
961699976 961700232
961700651 961700653
961700654 961700656
961700657 961700661
961701581 961701582
961701942 961701943
961702398 961702399
961705137 961705273
961705686 961705687
961705691 961705692
961705695 961705696
961705699 961705700
961705703 961705705
961705708 961705709
961705712 961705713
961705717 961705718
961705721 961705722
961705725 961705726
961705730 961705731
961705734 961705735
961705738 961705739
961705743 961705744
961705747 961705748
961705751 961705752
961705755 961705757
961705760 961705761
961705764 961705765
961705769 961705770
961705773 961705774
961705777 961705778
961705782 961705783
961705786 961705787
961705790 961705791
961705795 961705796
961705799 961705800
961705803 961705804
961705808 961705809
961705812 961705813
961705816 961705817
961705821 961705822
961705825 961705826
961705829 961705830
961705834 961705835
961705838 961705839
961705843 961705844
961705847 961705848
961705851 961705852
961705855 961705857
961705860 961705861
961705864 961705865
961705869 961705870
961705873 961705874
961705877 961705878
961705882 961705883
961705886 961705887
961705890 961705891
961705895 961705896
961705899 961705900
961705903 961705904
961705908 961705909
961705912 961705913
961705916 961705917
961705921 961705922
961705925 961705926
961705929 961705931
961705934 961705935
961705938 961705939
961705943 961705944
961705947 961705948
961705951 961705952
961705956 961705957
961705960 961705961
961705964 961705965
961705969 961705970
961705973 961705974
961705977 961705978
961705982 961705983
961705986 961705987
961705990 961705991
961705995 961705996
961705999 961706000
961706003 961706005
961706008 961706009
961706012 961706013
961706017 961706018
961706021 961706022
961706025 961706026
961706030 961706031
961706034 961706035
961706038 961706039
961706043 961706044
961706047 961706048
961706051 961706052
961706056 961706057
961706060 961706061
961706064 961706066
961706067 961706282
961712729 961719222
961719431 961719550
961719722 961720094
961720473 961720680
961720914 961721031
961721206 961721856
961722012 961722140
961722314 961722418
961723226 961723228
961726914 961727183
961735839 961736031
961737294 961737408
961737812 961737973
961739832 961739833
961757640 961758337
961759377 961759494
961759499 961759570
961762438 961763200
961763668 961763828
961764082 961764215
961765045 961765046
961766269 961767090
961767645 961767647
961767648 961767650
961768007 961768161
961768686 961768688
961768691 961768693
961769139 961769490
961769986 961769988
961769989 961769991
961769992 961769994
961771169 961797325
961797783 961799165
961799185 961799446
961800610 961800611
961801072 961801615
961802097 961802099
961802100 961802103
961807549 961807551
961811480 961812787
961822572 961822664
961822665 961822757
961826338 961826659
961827124 961827126
961829168 961829169
961833152 961833153
961838795 961838905
961838909 961839007
961842316 961842412
961842413 961842484
961842956 961843128
961844555 961844556
961847038 961847141
961847142 961847243
961849504 961849694
961850127 961850128
961850131 961850133
961850367 961877629
961877633 961878111
961878126 961878546
961878551 961884391
961895686 961895687
961895757 961895758
961899864 961901044
961901590 961901592
961901701 961901842
961902984 961903116
961908745 961909991
961910581 961910583
961912689 961912691
961914898 961914899
961917300 961917301
961917968 961929042
961929659 961929661
961935808 961936157
961938746 961939243
961939643 961939753
961939763 961939882
961939895 961940187
961941566 961941822
961943836 961944112
961945008 961945150
961945431 961945625
961945929 961946397
961946909 961946911
961947459 961947702
961947954 961948224
961949646 961949774
961950054 961950204
961950632 961950956
961951519 961951648
961956746 961957098
961958130 961958131
961989256 961989257
962003290 962003291
962007697 962007698
962010509 962010510
962015918 962015919
962030249 962030250
962035181 962035182
962035266 962035267
962047603 962047604
962049924 962049925
962061019 962061020
962062254 962062255
962071874 962071875
962075841 962075842
962076491 962076622
962077296 962077298
962077472 962077565
962077577 962078503
962078911 962078913
962079287 962079395
962079804 962079907
962081996 962081997
962089257 962092143
962092816 962092928
962116348 962116655
962116831 962117367
962118050 962118052
962118249 962118252
962118345 962118348
962118430 962118432
962118437 962118439
962118440 962118664
962119258 962119405
962119845 962119998
962122706 962122858
962135418 962135690
962136011 962136149
962145566 962145567
962156786 962156787
962158339 962158953
962161218 962161219
962162446 962162448
962162938 962162940
962163147 962163149
962163412 962163414
962163514 962163516
962163912 962163914
962164021 962164242
962164243 962164316
962164318 962164436
962164439 962164512
962164514 962164616
962164618 962164749
962164751 962164914
962164917 962165010
962165013 962165098
962165794 962165969
962167135 962167137
962167721 962167723
962168006 962168008
962173142 962173144
962177770 962177880
962177886 962178009
962178011 962178088
962178090 962178203
962178205 962178285
962178287 962178405
962178413 962178488
962178537 962178647
962178648 962178763
962179068 962179297
962179329 962179906
962180547 962180751
962182166 962182168
962182186 962182598
962183222 962183224
962183553 962183555
962183581 962183583
962183648 962183650
962183682 962183684
962183787 962184151
962184575 962184577
962184639 962184641
962184675 962184773
962184777 962185150
962185936 962185937
962186089 962186229
962186232 962186303
962186307 962186406
962189551 962189552
962191622 962191624
962191672 962191674
962191698 962191700
962191894 962191896
962191924 962191926
962192050 962192051
962192269 962192273
962192307 962192614
962195955 962196850
962199720 962199833
962201996 962202178
962203608 962203776
962215788 962216190
962216866 962216868
962216869 962216871
962216875 962216876
962223507 962223626
962223628 962223717
962223719 962223898
962224446 962224558
962224559 962224645
962225574 962225875
962226980 962226983
962227560 962227562
962227896 962228038
962228596 962228598
962228599 962228603
962228873 962229011
962229352 962230118
962230410 962230602
962231475 962231477
962231478 962231481
962235924 962236086
962236763 962236886
962237206 962237355
962237703 962237858
962239900 962240244
962240485 962240611
962240614 962240680
962244276 962244396
962249105 962249228
962250031 962250191
962255651 962255777
962255780 962255899
962256280 962256282
962258280 962258281
962261935 962261936
962264102 962264103
962264151 962264153
962264175 962264177
962264264 962264366
962264735 962264737
962265055 962265057
962265368 962265370
962265663 962265783
962266384 962266385
962271127 962271128
962271990 962271991
962279413 962279415
962280371 962280556
962282072 962282074
962282762 962282895
962283287 962283289
962283290 962283292
962284114 962284116
962284236 962284333
962285760 962286254
962287511 962287745
962288601 962288769
962291419 962291423
962294142 962294143
962299251 962299406
962299682 962300058
962307222 962307413
962308711 962308713
962308717 962308719
962315313 962315559
962316061 962316227
962316611 962316614
962317452 962317546
962317548 962317633
962317637 962318197
962318606 962318608
962318644 962321209
962321739 962321740
962321742 962321743
962322153 962322156
962322429 962322608
962323174 962323176
962323177 962323179
962323182 962323184
962323769 962323771
962324077 962324344
962325995 962326093
962326097 962326180
962326958 962326960
962327063 962327162
962327478 962327699
962335076 962335181
962335183 962335305
962337531 962337532
962363342 962363499
962363503 962363615
962364063 962364283
962364912 962365079
962381223 962381323
962382036 962382133
962382135 962382296
962382533 962382667
962389632 962389633
962392443 962392444
962406579 962406799
962407039 962407541
962408449 962408609
962410435 962410836
962411540 962411649
962412313 962412504
962417873 962417875
962418550 962418690
962418692 962418763
962418766 962418833
962419321 962419421
962419424 962419493
962422634 962422796
962423302 962423507
962423809 962423925
962425034 962425136
962425389 962425562
962431759 962431877
962432412 962432615
962441705 962441859
962443340 962455343
962456260 962456424
962459616 962483170
962483344 962483591
962483922 962484098
962484569 962484571
962485473 962490779
962490973 962491341
962491498 962491686
962491999 962492709
962492881 962493196
962493372 962494184
962494732 962494882
962495059 962495526
962496158 962496765
962496939 962497705
962497877 962498182
962499263 962499642
962499818 962500129
962504804 962505005
962505264 962506105
962506983 962506986
962508507 962508609
962509017 962509019
962509250 962509251
962509975 962511251
962512923 962513315
962513653 962514277
962535856 962536977
962537421 962537423
962540239 962540399
962540433 962542041
962542764 962542766
962542864 962542866
962542906 962543035
962543299 962543450
962544533 962544534
962544542 962544545
962544753 962545142
962546639 962546754
962548874 962549025
962549395 962549529
962549992 962549994
962550132 962550988
962551815 962552153
962555329 962555598
962556011 962556013
962556027 962556414
962556832 962556834
962556935 962557329
962557683 962558064
962563295 962563297
962563310 962563313
962563392 962563550
962563974 962563975
962564881 962565035
962565433 962565435
962565439 962565443
962567202 962568267
962574425 962574749
962575641 962575643
962575988 962576229
962576742 962576744
962576801 962577054
962578774 962578778
962578849 962578988
962579497 962579498
962579872 962579874
962580137 962580253
962580692 962580696
962582318 962584434
962584595 962585773
962586253 962595299
962595304 962595465
962595580 962595749
962595756 962595821
962595845 962596265
962596406 962596470
962598324 962599267
962599342 962599473
962599529 962599702
962599768 962599862
962600250 962600321
962600397 962600467
962600558 962600681
962600741 962601084
962601143 962601257
962601309 962601442
962603531 962603638
962622813 962622947
962624017 962624165
962625878 962626192
962631282 962631496
962632059 962632265
962635047 962635173
962635823 962635825
962636333 962636424
962636855 962636940
962636958 962637100
962643533 962643662
962644397 962644510
962651936 962652856
962652875 962653353
962653878 962653880
962657253 962657496
962657844 962658114
962659030 962659124
962659235 962659434
962659988 962663009
962663164 962663430
962663590 962663844
962665362 962665472
962670752 962670948
962677235 962677321
962677949 962678144
962681671 962682843
962683178 962683376
962685252 962685521
962689669 962689765
962691481 962691619
962709464 962709823
962717341 962717509
962726527 962726898
962727153 962727649
962731204 962731355
962731874 962731958
962732372 962732471
962752051 962752053
962752573 962752575
962752864 962752866
962752995 962759134
962759404 962759833
962760087 962760404
962766950 962768114
962770812 962770946
962772640 962772642
962772671 962772673
962772754 962772756
962774321 962774323
962786952 962787381
962799135 962799136
962799776 962803420
962804002 962804004
962804736 962804738
962804754 962804756
962804781 962804783
962805131 962805547
962806038 962806040
962806041 962806043
962806046 962807785
962808790 962808792
962808807 962808809
962808987 962808989
962809410 962809412
962809536 962809647
962812068 962812169
962812544 962812546
962812578 962812580
962812595 962812597
962812799 962813001
962818070 962818176
962818750 962818754
962819265 962819428
962820118 962820120
962820409 962820411
962827195 962827197
962828120 962828247
962828760 962829004
962830049 962830561
962830814 962830918
962831181 962831604
962834459 962834462
962836932 962836933
962838516 962838518
962841535 962841537
962841677 962841678
962842660 962842784
962842796 962843022
962844986 962844988
962845072 962845177
962845618 962845619
962845869 962845871
962845986 962846131
962846918 962846919
962846946 962846948
962847174 962849327
962850789 962852053
962855318 962855320
962855562 962855564
962856227 962856229
962856397 962856399
962856529 962856531
962856535 962856537
962856549 962856551
962856684 962856686
962856765 962856767
962856830 962856832
962857263 962857265
962857279 962857281
962857485 962857487
962857517 962857518
962857813 962857814
962857987 962857989
962858264 962858266
962858448 962858450
962863334 962863336
962863343 962863345
962863380 962863382
962863396 962863398
962863504 962863506
962882411 962882413
962888994 962889176
962889182 962889335
962889898 962891008
962891562 962891673
962892045 962892047
962892048 962892050
962892051 962892055
962892301 962892303
962894562 962895112
962895512 962895514
962895518 962895520
962895549 962895552
962895560 962895752
962896148 962896150
962896339 962896341
962896524 962896526
962909278 962909279
962909479 962909480
962909552 962909554
962910320 962910865
962911215 962911346
962911348 962911670
962911958 962912285
962912673 962913010
962913266 962913437
962914039 962914041
962914072 962914073
962914082 962914084
962914183 962914185
962914290 962914292
962914378 962914379
962914427 962914429
962914481 962914482
962914501 962914503
962914526 962914527
962914538 962914540
962914549 962914551
962914554 962914556
962914585 962914586
962914630 962914632
962914633 962914635
962914747 962914749
962914766 962914768
962914878 962914880
962914893 962914894
962917352 962917354
962917416 962917418
962917452 962917453
962917498 962917500
962917505 962917507
962917517 962917519
962917636 962917638
962921941 962921943
962922719 962922721
962923037 962923039
962923376 962923377
962924266 962924268
962924446 962924448
962925656 962925657
962925743 962925744
962925821 962925823
962926097 962926099
962926165 962926167
962926542 962926544
962928344 962928736
962929423 962929706
962929710 962934860
962940236 962940648
962949006 962949252
962954856 962955240
962955657 962955659
962962175 962962176
962967210 962967390
962967393 962967552
962968082 962968192
962968195 962968630
962968901 962969013
962969020 962969626
962970179 962970487
962971019 962972280
962972834 962980126
962986811 962986812
962987035 962987036
962987646 962987762
962987931 962988175
962991310 962991311
962995215 962995946
962996601 962996603
962997327 962999055
963000661 963000662
963006299 963006300
963010592 963010593
963011909 963014655
963014902 963018797
963019712 963019714
963019978 963020439
963023234 963023408
963031714 963031862
963032606 963032608
963033673 963033675
963034430 963034432
963042832 963042834
963051956 963051957
963052184 963052400
963052403 963052507
963052510 963053559
963054063 963054307
963054859 963055118
963055372 963055776
963056415 963077545
963077550 963077629
963077632 963078245
963078279 963078427
963078429 963078493
963078625 963078800
963078877 963079008
963079730 963079732
963079736 963079740
963080690 963080820
963083303 963083408
963085257 963085447
963086082 963086083
963087905 963088085
963088388 963088856
963093899 963093900
963102099 963102100
963102766 963102937
963103842 963103843
963112918 963113219
963113471 963114109
963114974 963115091
963115115 963115194
963115205 963116252
963116505 963117927
963118184 963118742
963119468 963119470
963119876 963119877
963119914 963119915
963119932 963119933
963119982 963119984
963120297 963120299
963120569 963120571
963120795 963120796
963120810 963120811
963120822 963120823
963121593 963121595
963121622 963121623
963121627 963121630
963122667 963122669
963122674 963122676
963122794 963122796
963122809 963122811
963122836 963122839
963122857 963122860
963122987 963122990
963125464 963125465
963125850 963125852
963127470 963127472
963127963 963128349
963128355 963128484
963128485 963128639
963128641 963128763
963128859 963129262
963130254 963130256
963132762 963138166
963139044 963139048
963139719 963139720
963140291 963140292
963142806 963143478
963144879 963145002
963145630 963145632
963145696 963146029
963146270 963147048
963147362 963147602
963149918 963150139
963150512 963150714
963150968 963151143
963151398 963151527
963151926 963152398
963152677 963153032
963156608 963156726
963159464 963159618
963160948 963160949
963161223 963161375
963161612 963161874
963162270 963162743
963163074 963163364
963165110 963165226
963165921 963166033
963166292 963166513
963166798 963166980
963167423 963167595
963170353 963170457
963170696 963170958
963171732 963172193
963172472 963173041
963184775 963184777
963186773 963186774
963186811 963186813
963187238 963188437
963189186 963189188
963189271 963189273
963189274 963189276
963189308 963189310
963189346 963189348
963191963 963191964
963199420 963199422
963199444 963199446
963202017 963202128
963202130 963202436
963202438 963202544
963202546 963202645
963202647 963202717
963202745 963202933
963202961 963203034
963203062 963203135
963203164 963203259
963203288 963203427
963203458 963204467
963205714 963205716
963205825 963205827
963207009 963207010
963212538 963212539
963216413 963216548
963216550 963216678
963216681 963216957
963216959 963217151
963217154 963217431
963218792 963218794
963218996 963219000
963226347 963226482
963226485 963226590
963226775 963227583
963229645 963229979
963230316 963230549
963230918 963231224
963231604 963231720
963232892 963233033
963235475 963235631
963236974 963237070
963237516 963237613
963241349 963241485
963241777 963241995
963247168 963247169
963247672 963247920
963250403 963250771
963251030 963251137
963251225 963251227
963251229 963251937
963252185 963252536
963255554 963255556
963255557 963255561
963255918 963256148
963256807 963256956
963258531 963259079
963259330 963260672
963261317 963261319
963261322 963261324
963261602 963261604
963261605 963261608
963262320 963262477
963267215 963267216
963271638 963271862
963272634 963272635
963272719 963272854
963274109 963274248
963276010 963276012
963276063 963276065
963279596 963279597
963280222 963280223
963281912 963281914
963300735 963300736
963302251 963303254
963304162 963304164
963304254 963304363
963305076 963305078
963305949 963305952
963306093 963306095
963306198 963306200
963306221 963306490
963307424 963307426
963311022 963311023
963313113 963313615
963313620 963313705
963313708 963313818
963313821 963313912
963313955 963314081
963316128 963316234
963316471 963317070
963317262 963317569
963318219 963318413
963318700 963318825
963319217 963319364
963319620 963319803
963320068 963320397
963320660 963320911
963321411 963321598
963322132 963322320
963323030 963323282
963324605 963324606
963327146 963327872
963328296 963328647
963330481 963331255
963333392 963334172
963334426 963334964
963337128 963337842
963338170 963338467
963338791 963338994
963339300 963339481
963341482 963341867
963342195 963342656
963349422 963351365
963351620 963351726
963353757 963353758
963361854 963362388
963374654 963375042
963384304 963384305
963395954 963395955
963404042 963404445
963404448 963405089
963405090 963405298
963405940 963406054
963407167 963407339
963407674 963407864
963414106 963414107
963418637 963418638
963422595 963422891
963423125 963423309
963423949 963424253
963425389 963425391
963425392 963425394
963425395 963425397
963432912 963432914
963433217 963433218
963451958 963451959
963463207 963463208
963468410 963478896
963479119 963480030
963482933 963484002
963485213 963485215
963485421 963485423
963485499 963485502
963485512 963485514
963489511 963489751
963489753 963490312
963490556 963491414
963491719 963491835
963493696 963493698
963493903 963494206
963494747 963494749
963494750 963494752
963494755 963494757
963495083 963506953
963511253 963511380
963511562 963511692
963512275 963512394
963514356 963514358
963514359 963514361
963514634 963514638
963514656 963515574
963519766 963522411
963523214 963525392
963526137 963526351
963530465 963530621
963534781 963534915
963547545 963551540
963553912 963554123
963555074 963555274
963556166 963556388
963556646 963558638
963559548 963559698
963560682 963560684
963560766 963560767
963561740 963561741
963562484 963562485
963563309 963563311
963564053 963564058
963564060 963564062
963564063 963564067
963564107 963564109
963564111 963564114
963564586 963564588
963564823 963564825
963564889 963564893
963565116 963567041
963567798 963567800
963567835 963567839
963573170 963573172
963573201 963573411
963573969 963574156
963574576 963575863
963576933 963577034
963577388 963577602
963577978 963578177
963579358 963579360
963581466 963583129
963583979 963584106
963584579 963584729
963585122 963585254
963587541 963587753
963588065 963588396
963588788 963588902
963589369 963589500
963589913 963590042
963590412 963590569
963590978 963591068
963591869 963591972
963595684 963595958
963596255 963605735
963606358 963606479
963606625 963606746
963606917 963607105
963609493 963609782
963610389 963610391
963610612 963610613
963616643 963616875
963619434 963619599
963620598 963620600
963625412 963625413
963628099 963628100
963630766 963630767
963631228 963631230
963631294 963631296
963637184 963637185
963643587 963643588
963654498 963655121
963655149 963655523
963655922 963656612
963657424 963657426
963657715 963657850
963658287 963658708
963658732 963659989
963660022 963681830
963682019 963682162
963682959 963683104
963684758 963684933
963685516 963685672
963686241 963686453
963687947 963688187
963689791 963689933
963690794 963691022
963691163 963698649
963698689 963699072
963699250 963699461
963699736 963700298
963700372 963700536
963700704 963701154
963701270 963701705
963701721 963701781
963701948 963702197
963702626 963704328
963704347 963704428
963704449 963704527
963704737 963704925
963704926 963705059
963705220 963706270
963706355 963706502
963706567 963706868
963706957 963707059
963707241 963707369
963707581 963707905
963707991 963708219
963708559 963708669
963708687 963708849
963708870 963708989
963709001 963709365
963709391 963709547
963709607 963712406
963712591 963712708
963713332 963713451
963713631 963720276
963720288 963720722
963721521 963722156
963722231 963722333
963722548 963722712
963722861 963724343
963725207 963726092
963727012 963730707
963732236 963732359
963734904 963735004
963735262 963735376
963744095 963744096
963744164 963744327
963745186 963745284
963746748 963746749
963747021 963748159
963749085 963749177
963750748 963751508
963752573 963753054
963753716 963753844
963754153 963754257
963755693 963755838
963756370 963756491
963756743 963756843
963756916 963757105
963759073 963759257
963760432 963760762
963762805 963762992
963763714 963763864
963764566 963764725
963765127 963765231
963766985 963767121
963767482 963767622
963768113 963768226
963768841 963769029
963769764 963770017
963770883 963771052
963771234 963771943
963772424 963772426
963772538 963772658
963772939 963773088
963773442 963773586
963773607 963773705
963773716 963773801
963773813 963773924
963773930 963774020
963774027 963774115
963774121 963774247
963774251 963774334
963774339 963774487
963774495 963774590
963774597 963776850
963777039 963777159
963777246 963777349
963778179 963778275
963778821 963778989
963779335 963779448
963779676 963779827
963780081 963780217
963780435 963780799
963781136 963781356
963781618 963781796
963782091 963782761
963783097 963786844
963789062 963789064
963789066 963789069
963789442 963789546
963792180 963792280
963792683 963792685
963793262 963793380
963795027 963795149
963795153 963795224
963795227 963795393
963800690 963801983
963803479 963803650
963809017 963809185
963809189 963809312
963813756 963814781
963816358 963816359
963817251 963817420
963817598 963817847
963818254 963818444
963819637 963820078
963820333 963820478
963821359 963821360
963824345 963824543
963832840 963832952
963836995 963837183
963838739 963838867
963839178 963839293
963839732 963840391
963840621 963840758
963841054 963841157
963841540 963841716
963842069 963842189
963842969 963843141
963843529 963843659
963844046 963844192
963844446 963844549
963844575 963844637
963844723 963844907
963846378 963846574
963847430 963847535
963848079 963848183
963848463 963849177
963849500 963849630
963850053 963850191
963850655 963850812
963851301 963851417
963851760 963851864
963852618 963852727
963853154 963853288
963855161 963855265
963855532 963855875
963856204 963856310
963856781 963856882
963857872 963858002
963858334 963858471
963859129 963859229
963859239 963859322
963859327 963859475
963859570 963859694
963859696 963859801
963860845 963861760
963861775 963861868
963865656 963865748
963866209 963866428
963866735 963866932
963867747 963872939
963872965 963873704
963873898 963874235
963875616 963875617
963876644 963876752
963876756 963876894
963877276 963877278
963877585 963878292
963878992 963879131
963879206 963879319
963879322 963879413
963879694 963879814
963881357 963881480
963884387 963884805
963885022 963885160
963885913 963886032
963886249 963886356
963889372 963889374
963895160 963895429
963895645 963896999
963909287 963909288
963909690 963909691
963916841 963925070
963925530 963925754
963926020 963926171
963926596 963926708
963926848 963927051
963929625 963929773
963930031 963930247
963930500 963930726
963931203 963931842
963932214 963932338
963932970 963933088
963934256 963934556
963935087 963935343
963936072 963936406
963936710 963936844
963937441 963937834
963938006 963938517
963939251 963939449
963939508 963939793
963940677 963940889
963941675 963941676
963942083 963942219
963942820 963942949
963943276 963943691
963943992 963944344
963945408 963945657
963945681 963945819
963945839 963945984
963945998 963946233
963946242 963946324
963946333 963946432
963946441 963946566
963946575 963946708
963946718 963947116
963947125 963947249
963947255 963947377
963947384 963947882
963947890 963948300
963948306 963948412
963948416 963948498
963948506 963948718
963948723 963949121
963949127 963949570
963949577 963949733
963949738 963949963
963949969 963950096
963950101 963950204
963950208 963950825
963950831 963950906
963950911 963950991
963950997 963951172
963951176 963952325
963952337 963952500
963952502 963952811
963952813 963953235
963953400 963953517
963953848 963953944
963954015 963954232
963954819 963954821
963959330 963970868
963971036 963971421
963971593 963971736
963971874 963972065
963972276 963972640
963972806 963973032
963973243 963973383
963973596 963973731
963973946 963974052
963974163 963974348
963974561 963974665
963974878 963974975
963975046 963975152
963975364 963975476
963975689 963975794
963976005 963976118
963976330 963977177
963977998 963978000
963978001 963978003
963980279 963980280
963980296 963980297
963990588 963990589
963991161 963991162
964000999 964001000
964003149 964003321
964003644 964003829
964003890 964004009
964004827 964004829
964006091 964006311
964006373 964006475
964006720 964006893
964009327 964009470
964009929 964010143
964010204 964010376
964013021 964013122
964013630 964013722
964013784 964013899
964013960 964014085
964014149 964014348
964014417 964014547
964016707 964016821
964028891 964029512
964032456 964032457
964035276 964035277
964035712 964035713
964043202 964043203
964043793 964043902
964048804 964048805
964053364 964053365
964056215 964056216
964057145 964057146
964065967 964065968
964067607 964067608
964083164 964083256
964083259 964083341
964083344 964083430
964084903 964084905
964090488 964090621
964093199 964093853
964094989 964095096
964105884 964105885
964110772 964110773
964113715 964113716
964114383 964114489
964114491 964114722
964114967 964115370
964120192 964120193
964122862 964122863
964142542 964142543
964145184 964145287
964145288 964145361
964145966 964146072
964146075 964146162
964146482 964146663
964149527 964149629
964149688 964149783
964149842 964150007
964150790 964150792
964152589 964152590
964152605 964152737
964153993 964153994
964169290 964169291
964173325 964173326
964178631 964180633
964180695 964180931
964182386 964182521
964182590 964182712
964182953 964183142
964187509 964188754
964189152 964189154
964189417 964189418
964190464 964190465
964191619 964191775
964191842 964191994
964192062 964192270
964194004 964194006
964197676 964197839
964198271 964198273
964198509 964198700
964199069 964199071
964199075 964199078
964199923 964200186
964201863 964202114
964202485 964202487
964204243 964204497
964208689 964208947
964214799 964214800
964218093 964218094
964229896 964229899
964231168 964231170
964234879 964234880
964259448 964259696
964262641 964262892
964263132 964263741
964264842 964265976
964266241 964266349
964266973 964267217
964267477 964267594
964268026 964268196
964268934 964269127
964269570 964269855
964270101 964293951
964295138 964296655
964296706 964296793
964296806 964296959
964296971 964297040
964297051 964297191
964297199 964297290
964297300 964297494
964297507 964297736
964297742 964298366
964298534 964298635
964298903 964299005
964299077 964299213
964299948 964300058
964301433 964301550
964301619 964301793
964303417 964304507
964306790 964307114
964308473 964308677
964312233 964312235
964312321 964312323
964312372 964312515
964317346 964317347
964317986 964318081
964318082 964318217
964318608 964318610
964321377 964321378
964321526 964321928
964321984 964322097
964322504 964322506
964323959 964324334
964324798 964324800
964329085 964329464
964329525 964329633
964331971 964331972
964343146 964376662
964376685 964376791
964376951 964377308
964377315 964377847
964377981 964378247
964380771 964380878
964383542 964383656
964383846 964383965
964384300 964384479
964390326 964392499
964392678 964392825
964393031 964393202
964393441 964393544
964393750 964393932
964397454 964397551
964399840 964399944
964400524 964400645
964404403 964404531
964408180 964408297
964409775 964409776
964410110 964410111
964411141 964411405
964412581 964413132
964413369 964413475
964413961 964413963
964429415 964429417
964437070 964437189
964437719 964437833
964437861 964438105
964438345 964438587
964438858 964438980
964439113 964439453
964439722 964439812
964440695 964440850
964441067 964442426
964443128 964443848
964444172 964444271
964444414 964444564
964444771 964444882
964446085 964446221
964446585 964446701
964447304 964447407
964447613 964447776
964448279 964448380
964448889 964448985
964449192 964449437
964449865 964449965
964459223 964459224
964471664 964471665
964473870 964474595
964474798 964474886
964475608 964475610
964475780 964475876
964477125 964477228
964480298 964480395
964481871 964481970
964482210 964482309
964482614 964482711
964482954 964483045
964483472 964483571
964483815 964483903
964484509 964484616
964485226 964485358
964485568 964485734
964485944 964486145
964493036 964493133
964493813 964493918
964495287 964495289
964498094 964506179
964506390 964506506
964508157 964508159
964510385 964510852
964511095 964511201
964511509 964511615
964513445 964513447
964515010 964515012
964517245 964517371
964517582 964517758
964525649 964525650
964526772 964526773
964530054 964533245
964541000 964541001
964549015 964549016
964554997 964554998
964555339 964555340
964563785 964565017
964569024 964569025
964571000 964571001
964588739 964588740
964592473 964592474
964593275 964593276
964594612 964594613
964605383 964606892
964613411 964613511
964614020 964614022
964619403 964619404
964630116 964630327
964631303 964631305
964631587 964633596
964637264 964637265
964637533 964637534
964639254 964640060
964640271 964640359
964667576 964667702
964670449 964670450
964671048 964671193
964671404 964671518
964680776 964680959
964702860 964702861
964706509 964706510
964710262 964710420
964722544 964722545
964726627 964728043
964728485 964728486
964733797 964733798
964736580 964736581
964737706 964737707
964740187 964740188
964741479 964741480
964742152 964742374
964742620 964742950
964751133 964751134
964758864 964760617
964761568 964761569
964766079 964766080
964767862 964767863
964782304 964785664
964790096 964790237
964791624 964791752
964796982 964796983
964797289 964800371
964811135 964811324
964811535 964811902
964815545 964817780
964822227 964822229
964827058 964827059
964829294 964829295
964843588 964843589
964857576 964857577
964868309 964870984
964871194 964871323
964872567 964872569
964875363 964881220
964881910 964882026
964882239 964882357
964882566 964882839
964883795 964883927
964884063 964884546
964884757 964885093
964885234 964885996
964887501 964888130
964890109 964891034
964894655 964894657
964896687 964896688
964897218 964897335
964898667 964898766
964902317 964902318
964906729 964906910
964907348 964907448
964907825 964907827
964908857 964908858
964919867 964919869
964923650 964923651
964947771 964948309
964948701 964948703
964955069 964955236
964955671 964955673
964955858 964955968
964955969 964956055
964956480 964956482
964959018 964959156
964959595 964959799
964959993 964960165
964960443 964962235
964963043 964963045
964963061 964973959
964974049 964974367
964974371 964974460
964974490 964974868
964974884 964975006
964975040 964975324
964975422 964975706
964975770 964976162
964976630 964976754
964979269 964979578
964979583 964979765
964979769 964980532
964980823 964981081
964981168 964981570
964981708 964981821
964981840 964981957
964982166 964982355
964982441 964982692
964983565 964983739
964983950 964984101
964984343 964984456
964984458 964984541
964984708 964984825
964984827 964984920
964985242 964985357
964985542 964985756
964986340 964986443
964986445 964986524
964986735 964986880
964987027 964987222
964987226 964987372
964987672 964987821
964987822 964988078
964988584 964988732
964988889 964989293
964989505 964989690
964991846 964991847
964995036 964995196
964995733 965005408
965005432 965005565
965005570 965005732
965008998 965009150
965009151 965009373
965009560 965012573
965022268 965022844
965025158 965025260
965025438 965025976
965025981 965026239
965026388 965026482
965026485 965026664
965027119 965027123
965032425 965032546
965032555 965032731
965032733 965033928
965034380 965034382
965042041 965042178
965044924 965045437
965045813 965045930
965046171 965046395
965050124 965051174
965052144 965052146
965052149 965052151
965053426 965053428
965053480 965053774
965053913 965054131
965054268 965054570
965054706 965054805
965055008 965055135
965055751 965055752
965058373 965058612
965058855 965059061
965060875 965061075
965066447 965066448
965070796 965071398
965071400 965071503
965071504 965072187
965081188 965081189
965093560 965101801
965101840 965102117
965102986 965102988
965103441 965103443
965124498 965124499
965129023 965129517
965130240 965130332
965130333 965130415
965131505 965133423
965136358 965136494
965142236 965142339
965142779 965142781
965144791 965144948
965148290 965148654
965148865 965148973
965149329 965149485
965149726 965149819
965150060 965150178
965153502 965153503
965168118 965168119
965173627 965173628
965176431 965176432
965176529 965176531
965177428 965177429
965183592 965183593
965184039 965184040
965197823 965197824
965199687 965199692
965216564 965216565
965217494 965219014
965219222 965219402
965219852 965219854
965219956 965220191
965220398 965220527
965220910 965220912
965220967 965220971
965223419 965223420
965223593 965225899
965226340 965226342
965226343 965226345
965230876 965230877
965237765 965237766
965238746 965238747
965248726 965248727
965249814 965249815
965253522 965253523
965271995 965271997
965276317 965276622
965276625 965278214
965278791 965278793
965279060 965279062
965279092 965279094
965279102 965279272
965280787 965280789
965290302 965290304
965291900 965291901
965306277 965307356
965307358 965307787
965308808 965308809
965308837 965308840
965312953 965312954
965313309 965313310
965314091 965314093
965323386 965324704
965328218 965328219
965328579 965328580
965343720 965343721
965359907 965359909
965362532 965362533
965371932 965372143
965372145 965372224
965372227 965373241
965373880 965373882
965375076 965375077
965376639 965376640
965380289 965380290
965385855 965385856
965387323 965387727
965387972 965388311
965388340 965388442
965388472 965388592
965391492 965391493
965392022 965392389
965392763 965392767
965397326 965399171
965401406 965401545
965401943 965401945
965401951 965401952
965405138 965405307
965405554 965405766
965406237 965406379
965406425 965406606
965407050 965407167
965415675 965433937
965433979 965434104
965437613 965437614
965441308 965441309
965454160 965466086
965466102 965466245
965466271 965466360
965466385 965466588
965466611 965466679
965466700 965467281
965467337 965467691
965467954 965468101
965468105 965468177
965468432 965468592
965468841 965468984
965469197 965469304
965469315 965469466
965469728 965469812
965469845 965470034
965470609 965470611
965470635 965470637
965470899 965470901
965473276 965473426
965473669 965473759
965476571 965476699
965484615 965487431
965487562 965493128
965493157 965499541
965500461 965500465
965505069 965505070
965505552 965505553
965506944 965506945
965516169 965516171
965526584 965526585
965530035 965530036
965533016 965533017
965539012 965539123
965539130 965539207
965539213 965539366
965539376 965539512
965539983 965539984
965540083 965540085
965549741 965549742
965557526 965557527
965557685 965557686
965561033 965561163
965561171 965561267
965561275 965561448
965561728 965562271
965563139 965563249
965563897 965564007
965564291 965564488
965564954 965565066
965572136 965572137
965586911 965587028
965587339 965587789
965587957 965588060
965588297 965588420
965592568 965592569
965594796 965594797
965594844 965594845
965597519 965597520
965621551 965621553
965628641 965628643
965629879 965629880
965630774 965630775
965637559 965638927
965638931 965639314
965639678 965639799
965643284 965643921
965645060 965645061
965647388 965647389
965649634 965660342
965661811 965662240
965668591 965668592
965669882 965670265
965670496 965670614
965674839 965674840
965681369 965681371
965681375 965681585
965682049 965682051
965682161 965682163
965682171 965685822
965687692 965687811
965688048 965688179
965688788 965688790
965688968 965689100
965689333 965689615
965691502 965691504
965691916 965692016
965692512 965692605
965693302 965693514
965694808 965695006
965695241 965695425
965695435 965695542
965695824 965696009
965696649 965696748
965698598 965698695
965699243 965699413
965699959 965699961
965699962 965699966
965702580 965702581
965703875 965703876
965706415 965707108
965707583 965707585
965707592 965707594
965707988 965708305
965708797 965708799
965708804 965708806
965710193 965710194
965715501 965715805
965717354 965717355
965718325 965718326
965718374 965718566
965720074 965720078
965720086 965720088
965720151 965720153
965720329 965720331
965720413 965720415
965725173 965725305
965725312 965725444
965728825 965728927
965728934 965729155
965732182 965732371
965732873 965733021
965740729 965741160
965741439 965741637
965741911 965743902
965748318 965748319
965752918 965753774
965754289 965754291
965754292 965754296
965761036 965761413
965770876 965779542
965789815 965789816
965796907 965796908
965796956 965796957
965799156 965799157
965809997 965811605
965822953 965823386
965823389 965823493
965823523 965824004
965824957 965825188
965827011 965827155
965829076 965829078
965831848 965831849
965834343 965834344
965849847 965849848
965863061 965867592
965868856 965868858
965868859 965868865
965868880 965868881
965883727 965883728
965891444 965891445
965900923 965900925
965903852 965904457
965904477 965904708
965905382 965905538
965906132 965906134
965910745 965910747
965916604 965916808
965916810 965917000
965917001 965917190
965918042 965918045
965918696 965918803
965919372 965919725
965920158 965920160
965920644 965920646
965922357 965922359
965922689 965922782
965922785 965922966
965923346 965923347
965923352 965923354
965924982 965924983
965938463 965938464
965948705 965948707
965953194 965953195
965969833 965971036
965971292 965971388
965971830 965971832
965971887 965971891
965971911 965971913
965989844 965989845
965995430 965995431
965995611 965996214
965996948 965997148
965999223 965999376
966000739 966001436
966018169 966018362
966019120 966019384
966019702 966019822
966020066 966020393
966020789 966020792
966021742 966021942
966025365 966027850
966028291 966028293
966035160 966035161
966035636 966035744
966045744 966047360
966047829 966047831
966047879 966048044
966048364 966048476
966048836 966048838
966048864 966048866
966057960 966057961
966065586 966065587
966080988 966081992
966084886 966084887
966086160 966101570
966108390 966109084
966114873 966114874
966116104 966116230
966120973 966120975
966122502 966122504
966129367 966129368
966132744 966132745
966135354 966135355
966142535 966142536
966161314 966161315
966161398 966161399
966170168 966170273
966170274 966170345
966170348 966170464
966170467 966171155
966174851 966175143
966175549 966175553
966175556 966175699
966179026 966179027
966182470 966182471
966192360 966192361
966199707 966199708
966203247 966203248
966209317 966210389
966236387 966236388
966239451 966239453
966243625 966243626
966247754 966247755
966254983 966255117
966255119 966255221
966255224 966255378
966255966 966256152
966264527 966264749
966265549 966266384
966272461 966272462
966280724 966280877
966282461 966282584
966289603 966289604
966291605 966292027
966292470 966292472
966292525 966292528
966292532 966292534
966293056 966293058
966293066 966293068
966293658 966293766
966294168 966294169
966294233 966294235
966295006 966295319
966295723 966295727
966296136 966296137
966311158 966311159
966313929 966313930
966324694 966324696
966339944 966339945
966340538 966341662
966342494 966342496
966342680 966342682
966343100 966343101
966343344 966343700
966343749 966344022
966348022 966348348
966349246 966349248
966350900 966350901
966356072 966356073
966357486 966357764
966358356 966358358
966358662 966358774
966359176 966359291
966365755 966368345
966368875 966368877
966368878 966368880
966368883 966368885
966395299 966395301
966410224 966410225
966415594 966415596
966424011 966424013
966427710 966427711
966428239 966428370
966428373 966428534
966428651 966428735
966429587 966429589
966430365 966430367
966431498 966431499
966433699 966434623
966435091 966435182
966435574 966435699
966437347 966437502
966438434 966438436
966438437 966438439
966438441 966438443
966443698 966443953
966451624 966451819
966452638 966452640
966452707 966452923
966453419 966453521
966455314 966455523
966455898 966455902
966456126 966456349
966457440 966457441
966462969 966462970
966467057 966467058
966470740 966470894
966470896 966470962
966470968 966471187
966478255 966478256
966479798 966479799
966480714 966480715
966487009 966487010
966494195 966494306
966494312 966494418
966515771 966515773
966518138 966518263
966518270 966518631
966519357 966519359
966519360 966519364
966531777 966532166
966532726 966532728
966532844 966532848
966533649 966533821
966534555 966534557
966535874 966535875
966541731 966541916
966541922 966542073
966549183 966549184
966564188 966564652
966565108 966565110
966565112 966565115
966600433 966602044
966602420 966602563
966602851 966603011
966603264 966603434
966607703 966607704
966618098 966618333
966618631 966618775
966619268 966619270
966619273 966619275
966624620 966624621
966626866 966626867
966630202 966631715
966632003 966633136
966633692 966633694
966633695 966633699
966638054 966638055
966640391 966640393
966648887 966648888
966651391 966655362
966656328 966656330
966679105 966679106
966685433 966685434
966686525 966686920
966687584 966687586
966687939 966700516
966701344 966703985
966715825 966716068
966717813 966717982
966725687 966725689
966726520 966726521
966730007 966730690
966770772 966770773
966772284 966773484
966776681 966778155
966778633 966778789
966787399 966787400
966792719 966792966
966794177 966794799
966796646 966796736
966796739 966796838
966796972 966797301
966798753 966799132
966799266 966799444
966799521 966799734
966799986 966800304
966800747 966800749
966811975 966813102
966813520 966813638
966817989 966817990
966849398 966849399
966864262 966865137
966865848 966865850
966865851 966865853
966865854 966865856
966879076 966879535
966891095 966891096
966946050 966946609
966948033 966948365
966948440 966948751
966951808 966951809
966959586 966959587
966961053 966961549
966961937 966961939
966961943 966961947
966967647 966967907
966968194 966968343
966968773 966968775
966968779 966968780
966971440 966972064
966972825 966972827
966974544 966974713
966974855 966975187
966975322 966975536
966975953 966975956
966976047 966976668
966977014 966977016
966977017 966977019
966994114 966994359
967005013 967005015
967015888 967015890
967019264 967019265
967020406 967020407
967023258 967023478
967023480 967023674
967024168 967024347
967025133 967025135
967025476 967025478
967028041 967028043
967028636 967028638
967029014 967029016
967029301 967029657
967031040 967031042
967032040 967032359
967032771 967032773
967033881 967034181
967034207 967034290
967034294 967034362
967040507 967041755
967042194 967042346
967042816 967042820
967056644 967058372
967058765 967058769
967059049 967059171
967059623 967059844
967060742 967060945
967061527 967061528
967062139 967062477
967062884 967062886
967062904 967062906
967062922 967063191
967075804 967075814
967085698 967104174
967104199 967104302
967104363 967104460
967104503 967104612
967124924 967124925
967125254 967125255
967128809 967129139
967129579 967129583
967130763 967131145
967139945 967139946
967142367 967142368
967143295 967143442
967144549 967144550
967152308 967152309
967160015 967160016
967164585 967164587
967164640 967164840
967171521 967171522
967175555 967175556
967177630 967177727
967177728 967177873
967178535 967178537
967178681 967179750
967180560 967180562
967200743 967200745
967205417 967205418
967205993 967205994
967207384 967207385
967209032 967209033
967209349 967209573
967209718 967209795
967209801 967210528
967210532 967210596
967213546 967213547
967215187 967215188
967215807 967215808
967219272 967219273
967232320 967232631
967245103 967245105
967251062 967251064
967256003 967256005
967270810 967270812
967271571 967271573
967271594 967271596
967272438 967272440
967272780 967272782
967276102 967276104
967276965 967276966
967277820 967277822
967278569 967278571
967279681 967279683
967286626 967286628
967286672 967286674
967287261 967287262
967287439 967287442
967287461 967287463
967287497 967287499
967288032 967288034
967288041 967288043
967288229 967288231
967288488 967288489
967291598 967294100
967294194 967297302
967298517 967298641
967298719 967299058
967299643 967299826
967300420 967318811
967322426 967322458
967322980 967322982
967335313 967335514
967336030 967336032
967337657 967337770
967337772 967337938
967359054 967359055
967372414 967372416
967377574 967377575
967383269 967384464
967384705 967384831
967385345 967385349
967394782 967394996
967401604 967401606
967405859 967405860
967417228 967418258
967435904 967435905
967450793 967450794
967455384 967455385
967471568 967474179
967476246 967476365
967476536 967476768
967476984 967477097
967477534 967477725
967478086 967478088
967490028 967490029
967490488 967490677
967490738 967490836
967491235 967491237
967494062 967494063
967500069 967500070
967519534 967519535
967528013 967528014
967541996 967541997
967542934 967542935
967545563 967545564
967548906 967557541
967558809 967558911
967562480 967562481
967567902 967567904
967568572 967581000
967586253 967586254
967628052 967628053
967642639 967642640
967645723 967645910
967654549 967654550
967663684 967663877
967664245 967664247
967675055 967675056
967676677 967676678
967679213 967679214
967681403 967681404
967702275 967702276
967707755 967707756
967708999 967709000
967715222 967715223
967726895 967726897
967727916 967727917
967731390 967731392
967731397 967731515
967731516 967731973
967732046 967732261
967732561 967732688
967732787 967733005
967745384 967745385
967759480 967759481
967762179 967762419
967762808 967762810
967763016 967763116
967763546 967763548
967763799 967763801
967764349 967764351
967776214 967776334
967776335 967776409
967776410 967776487
967776489 967776562
967777142 967777249
967786523 967786525
967790712 967790713
967793864 967793865
967795962 967795963
967812355 967812356
967813295 967813450
967813550 967814477
967814859 967814959
967815465 967815467
967824691 967824692
967851131 967851133
967862374 967862375
967878161 967878162
967886250 967886252
967898285 967920094
967921724 967921726
967922891 967924095
967925175 967925177
967925184 967925186
967925366 967925367
967925398 967925529
967927447 967927449
967927450 967927452
967928007 967928008
967928291 967928383
967928750 967928752
967935930 967935932
967944794 967944954
967944956 967945073
967945640 967945642
967945735 967945737
967949816 967949817
967950190 967950191
967972582 967972583
967982264 967982373
967982375 967986424
967987213 967987214
967987215 967987217
967987368 967987810
967988248 967988250
967988251 967988252
967992256 967992257
967998555 967998685
967999090 967999091
968019342 968019343
968040009 968040010
968049572 968049573
968053692 968058239
968058751 968058753
968058758 968058760
968058789 968058791
968065663 968066414
968075427 968076041
968076046 968076138
968076143 968076447
968076452 968076719
968076725 968076798
968076804 968076888
968076899 968077029
968077035 968077159
968077167 968077246
968077254 968077432
968077439 968077524
968077615 968078041
968078073 968078180
968078189 968079010
968079019 968079162
968079169 968079242
968079251 968079391
968079400 968079513
968079521 968079686
968079694 968079795
968079806 968079883
968079892 968079975
968079981 968080143
968080761 968081669
968082366 968082673
968083773 968083891
968083919 968084021
968084179 968084383
968084658 968084768
968085654 968085656
968085845 968085952
968086248 968086437
968086681 968086812
968088056 968088154
968088564 968088738
968089580 968089775
968090038 968090322
968091274 968091395
968095035 968095036
968109206 968109208
968114686 968116048
968116629 968116772
968117177 968117178
968117389 968193757
968193808 968195374
968195409 968195584
968195618 968195853
968195888 968196071
968196106 968196202
968196236 968196528
968196563 968196672
968196708 968196807
968196842 968196995
968197031 968198130
968198166 968198776
968198810 968198930
968198965 968199087
968199121 968199231
968199267 968199389
968199443 968199651
968199684 968199777
968199810 968199905
968200392 968200578
968200797 968201140
968202311 968202662
968208209 968208300
968208336 968208451
968208484 968208600
968208864 968208963
968212350 968212481
968212518 968212601
968213182 968214244
968214282 968214377
968214412 968214515
968214568 968214690
968214725 968214816
968214930 968215049
968219073 968219538
968219578 968219695
968219737 968219845
968220146 968220237
968220304 968220422
968220457 968220652
968220711 968220912
968220954 968221106
968221636 968224084
968224132 968234370
968234408 968241744
968241784 968241899
968241942 968245511
968247335 968247457
968247606 968247732
968247927 968248048
968248063 968248135
968248151 968248218
968248221 968248294
968248343 968248431
968248766 968248849
968248932 968249023
968249070 968249198
968249824 968249914
968250271 968250361
968251382 968252054
968252148 968252234
968252264 968252330
968253060 968253152
968254371 968254438
968254501 968254608
968256466 968256647
968256719 968256812
968257044 968257206
968257238 968257342
968257385 968257472
968258486 968258658
968259302 968259389
968264716 968264718
968264719 968264721
968264722 968264726
968264873 968264877
968266155 968266156
968281117 968281118
968283271 968285637
968290580 968290581
968291007 968291008
968297668 968297669
968305571 968305572
968306422 968306423
968307043 968307044
968315398 968315400
968320992 968320993
968322193 968322194
968326464 968326465
968336390 968338070
968338577 968338579
968338597 968338601
968338609 968338709
968339278 968339281
968339305 968339307
968340776 968340777
968346864 968346866
968347156 968347157
968347179 968347181
968347184 968347186
968347965 968347967
968348125 968348127
968348153 968348155
968348269 968348271
968351595 968351597
968352620 968352622
968352738 968353264
968353990 968353992
968355183 968355185
968355369 968355371
968355820 968355822
968355840 968355842
968355916 968355918
968355925 968355927
968356059 968356061
968356530 968356531
968356878 968356880
968356934 968356936
968356942 968356944
968356954 968356956
968356964 968356966
968357075 968357076
968357314 968357316
968357556 968357560
968357567 968357570
968357575 968357577
968357598 968357600
968358596 968358598
968363584 968363586
968363630 968363632
968363641 968363643
968363650 968363652
968363734 968363736
968363741 968363743
968363747 968363749
968363750 968363753
968363757 968363759
968363762 968363764
968363773 968363775
968363809 968363811
968363820 968363821
968363845 968363847
968363876 968363881
968363900 968367654
968368369 968368469
968369268 968369423
968370007 968370170
968375196 968375197
968375885 968376450
968376966 968377364
968377672 968377916
968378261 968378508
968379155 968379252
968379650 968379768
968380214 968380953
968380985 968381076
968381775 968381945
968382232 968382360
968384131 968384133
968384353 968384354
968387769 968387770
968400807 968400808
968406760 968406762
968414619 968415646
968418651 968418652
968421594 968421595
968423637 968424448
968425135 968425705
968431467 968431996
968432526 968432527
968435984 968435985
968442256 968442257
968450621 968450843
968451087 968451970
968484159 968484160
968497677 968498967
968506114 968506403
968506608 968506890
968506943 968507468
968507496 968519936
968522418 968522419
968523101 968523102
968528873 968528874
968533694 968541937
968542557 968544617
968544656 968544688
968544745 968545026
968545066 968545163
968545217 968545292
968545339 968545412
968545737 968545813
968545849 968545973
968546061 968546261
968546363 968546406
968549560 968549673
968549751 968549943
968550023 968550135
968550211 968550308
968550386 968550536
968550615 968552234
968552320 968552408
968552488 968552644
968552728 968552847
968555954 968555956
968558722 968558723
968566302 968566454
968566485 968566590
968566676 968566866
968566961 968567143
968567176 968567619
968569301 968569490
968569502 968569645
968569730 968569873
968570942 968570944
968572924 968574747
968575780 968575782
968575874 968575876
968584484 968584485
968587767 968587768
968587791 968588616
968593117 968593118
968594087 968594088
968596588 968597361
968597837 968597839
968597849 968598001
968604273 968604489
968611456 968611457
968614540 968614764
968615210 968615212
968615213 968615217
968615394 968615578
968616888 968616890
968634895 968637710
968654920 968654921
968668378 968668379
968675357 968675488
968675491 968675765
968679412 968679703
968680284 968680285
968686773 968688198
968691809 968692831
968694077 968694318
968699783 968700136
968700452 968700670
968702487 968702488
968713981 968714244
968714626 968714628
968714649 968714651
968714808 968714809
968715367 968715369
968715646 968715648
968717129 968717934
968719217 968719218
968720547 968720549
968721693 968721694
968726641 968727135
968727942 968727943
968737727 968737728
968739711 968739712
968747052 968747053
968747717 968747719
968752642 968752644
968754972 968755461
968755833 968755986
968756374 968756376
968756655 968756657
968758104 968758106
968758157 968758353
968759047 968759164
968759166 968759230
968759702 968759705
968761745 968762129
968764725 968765043
968766227 968766959
968766992 968767144
968769523 968769524
968776516 968776517
968776696 968776697
968778659 968778660
968789085 968789826
968803943 968804222
968804464 968804830
968805240 968805437
968805920 968805921
968806693 968806694
968813121 968813123
968814348 968814660
968815161 968815163
968818507 968818704
968818946 968819307
968823621 968823623
968824401 968824403
968827333 968827545
968827548 968828042
968828458 968828460
968832419 968832420
968835291 968835859
968836436 968836438
968836455 968836457
968838175 968838177
968839093 968839094
968839667 968839819
968839821 968839923
968840329 968840331
968845375 968845376
968848087 968848226
968848228 968848413
968848655 968848841
968849492 968849494
968849707 968849908
968850350 968850352
968850446 968850448
968851511 968851646
968855356 968855357
968856708 968857675
968860679 968860870
968863539 968863540
968867701 968867703
968872309 968872310
968878819 968878821
968878828 968878830
968879655 968879758
968879761 968879871
968880315 968880317
968881342 968881343
968887837 968887838
968898925 968898927
968899305 968899307
968902151 968902245
968902247 968902380
968902382 968902453
968906377 968906378
968907123 968907401
968908868 968909374
968909898 968909900
968912211 968912212
968913049 968913319
968913616 968913751
968917059 968917607
968924639 968924640
968927945 968928099
968928103 968928186
968930339 968931028
968931449 968931451
968934110 968934112
968934152 968934156
968934164 968934171
968934172 968934174
968934183 968934189
968934191 968934193
968934205 968934207
968934317 968934319
968934658 968934660
968934665 968934666
968934669 968934671
968934679 968934681
968934702 968934704
968934778 968934780
968934785 968934787
968934791 968934793
968934804 968934808
968934854 968934856
968935987 968935989
968936406 968936729
968937439 968937442
968937448 968937450
968937454 968937456
968937521 968937524
968937530 968937531
968937555 968937557
968937558 968937561
968938034 968938170
968938784 968938786
968938871 968938873
968938881 968938882
968938892 968938896
968938908 968938910
968938915 968938917
968938921 968938923
968938925 968938927
968939012 968939014
968939029 968939031
968939035 968939040
968939043 968939045
968939052 968939055
968939057 968939059
968939068 968939070
968939075 968939080
968939081 968939083
968939089 968939091
968939102 968939104
968939116 968939118
968939120 968939124
968939140 968939142
968939144 968939146
968939158 968939160
968943697 968943699
968943864 968943865
968944028 968944030
968950672 968950874
968950877 968951832
968952772 968952773
968952801 968952978
968953446 968953448
968956751 968956752
968960464 968962236
968965871 968965873
968969414 968969416
968978782 968978784
968978801 968980338
968981167 968981543
968982130 968982319
968983668 968983670
968983941 968983943
968985228 968985229
968985347 968985619
968987066 968987239
968987330 968987506
968990685 968990687
969000419 969000420
969004306 969004308
969019197 969019315
969019318 969019485
969019903 969019905
969023443 969023648
969024483 969024485
969024487 969024489
969025178 969025180
969027640 969027750
969030853 969031014
969031410 969031411
969031412 969031414
969031415 969031417
969031418 969031419
969033842 969033843
969034049 969034050
969035290 969035416
969035825 969035827
969037230 969037231
969037642 969037643
969037723 969037724
969043724 969043725
969045130 969045574
969045814 969047612
969049336 969052073
969053396 969053398
969058021 969061447
969062133 969062135
969062951 969062953
969065633 969065637
969065647 969065649
969079506 969079507
969092446 969092447
969104523 969104753
969105120 969106733
969107205 969107207
969110717 969110901
969111833 969119219
969119360 969119496
969125239 969125240
969127675 969128487
969130542 969130811
969131424 969131428
969153188 969171958
969172647 969173034
969173109 969173236
969174150 969174426
969175768 969175770
969175776 969175778
969181460 969182083
969182458 969182679
969182835 969183328
969183525 969183839
969183986 969184235
969184331 969184443
969184490 969184832
969185078 969185282
969188716 969189401
969189568 969190344
969190388 969190609
969193137 969194361
969194407 969194841
969195040 969196621
969196648 969197533
969197569 969198113
969198142 969198219
969198220 969198597
969199064 969199792
969199944 969200612
969200908 969201074
969201369 969201667
969201705 969202010
969202047 969202515
969203025 969204123
969204361 969205875
969205908 969206353
969207140 969207716
969207952 969210445
969210847 969211326
969211478 969211685
969212225 969212229
969212644 969212646
969215595 969216317
969216588 969217385
969217593 969218084
969218434 969219184
969219748 969220416
969220476 969220697
969221115 969221261
969221629 969222003
969222206 969222502
969223007 969223451
969223621 969223742
969226324 969226882
969226896 969227463
969227535 969229066
969229119 969229716
969230680 969230909
969231766 969232867
969233765 969233995
969234816 969235064
969235390 969235569
969236460 969236641
969236864 969237256
969237481 969237636
969237643 969237810
969237852 969238122
969239226 969239336
969239596 969240370
969241405 969241820
969243656 969245560
969246251 969246413
969246823 969246944
969247655 969247657
969253323 969253325
969255027 969255028
969259412 969260064
969260228 969260391
969269594 969269595
969278912 969281032
969281220 969281617
969281870 969282072
969282089 969282320
969283052 969283054
969283057 969283059
969290489 969290490
969292928 969300120
969301341 969301343
969301560 969301886
969302271 969302648
969303023 969303515
969303834 969304262
969304975 969305097
969306638 969306788
969306852 969307216
969307526 969307657
969308501 969308743
969309336 969309849
969309912 969310042
969310496 969310804
969314958 969315334
969317556 969318006
969319828 969320089
969323410 969323867
969325643 969325769
969325851 969325988
969326487 969326586
969327131 969327324
969341273 969341274
969344022 969344024
969344331 969344487
969345086 969345088
969367024 969367025
969376408 969378065
969388964 969388965
969406581 969406582
969421708 969421710
969424419 969424421
969425604 969425607
969425906 969425908
969425911 969425915
969425972 969425974
969425975 969425985
969426022 969426025
969426026 969426028
969426247 969426249
969428171 969428172
969428261 969428262
969432778 969432780
969433390 969433391
969438095 969438098
969452753 969452755
969454941 969455745
969456155 969456334
969458322 969458498
969459280 969459282
969462376 969462377
969462402 969462403
969462862 969462864
969470009 969470010
969470390 969470391
969486664 969486665
969494152 969494154
969497905 969497906
969506266 969506267
969510870 969510871
969514775 969514777
969514780 969514782
969524847 969524848
969530619 969530621
969530815 969530817
969536032 969536033
969539187 969540928
969555128 969555129
969555978 969557563
969558265 969558269
969558277 969558279
969561197 969561199
969562521 969562651
969572075 969572178
969572224 969573141
969573167 969573245
969573294 969573483
969573512 969574485
969576046 969576047
969582993 969583239
969583421 969584099
969584693 969584695
969585261 969585263
969594523 969594524
969597818 969597819
969599126 969599127
969616061 969616062
969626163 969626165
969626231 969626232
969629053 969631311
969631781 969631784
969631791 969631793
969631930 969632232
969632243 969632360
969632725 969632851
969633492 969633493
969633914 969634058
969638559 969638560
969638606 969638607
969647820 969647821
969649891 969650266
969654765 969655061
969655527 969655916
969656011 969656175
969659223 969659224
969660517 969660518
969667186 969667187
969669736 969669857
969675766 969675767
969675844 969675845
969678142 969678920
969678998 969679129
969679226 969679406
969679838 969679840
969679928 969680242
969690089 969690090
969713967 969713968
969714903 969715630
969715726 969715861
969716111 969716806
969717456 969717458
969717621 969717751
969718216 969718219
969718837 969719318
969719325 969719390
969720274 969720276
969720277 969720281
969721415 969722447
969722834 969723077
969723086 969723396
969723413 969723945
969724008 969724156
969724182 969724249
969724250 969724476
969724502 969724624
969729806 969731204
969731455 969731579
969731674 969731792
969741345 969741567
969741578 969742276
969742299 969745836
969746515 969746650
969747262 969747264
969756369 969756573
969756628 969756722
969756775 969756955
969780438 969780439
969786553 969786554
969789902 969789903
969804950 969805095
969805097 969805184
969805386 969805733
969810863 969811092
969811344 969811558
969812499 969812648
969812681 969812852
969816753 969816754
969816840 969828903
969829597 969829599
969833914 969834066
969834867 969834869
969837286 969837584
969837685 969837808
969838065 969838269
969840268 969840269
969842284 969842285
969842416 969842417
969842543 969842649
969843021 969844965
969845035 969845372
969846066 969846168
969847579 969847725
969847726 969847811
969847815 969847935
969854657 969854822
969855274 969855276
969859069 969859070
969859637 969859639
969864773 969864774
969867475 969867476
969874056 969874057
969876536 969876537
969883514 969883645
969883649 969883751
969883764 969884208
969884702 969884893
969889376 969889605
969889609 969889870
969890620 969890621
969893113 969893556
969893650 969893958
969894026 969894716
969895873 969895877
969903161 969903162
969906664 969907424
969908257 969910594
969910686 969911624
969912115 969912117
969923557 969923558
969926196 969926198
969928041 969928303
969928322 969928387
969928450 969928602
969928657 969928772
969929610 969930452
969932167 969932295
969932860 969932964
969933244 969933730
969933742 969933812
969934066 969934272
969934291 969934423
969934457 969934791
969936207 969936209
969936243 969936364
969937811 969937946
969939139 969939140
969939168 969939272
969940763 969941427
969941871 969941873
969941874 969941875
969942955 969943187
969943665 969943667
969943669 969943671
969943922 969943924
969944040 969944146
969949061 969949206
969949287 969949420
969949679 969949819
969951134 969951135
969952000 969952106
969952172 969952295
969953765 969953905
969958458 969958581
969959255 969959373
969960458 969960812
969960827 969960936
969961526 969961656
969962371 969962818
969964295 969964451
969964515 969964618
969979504 969979877
969980196 969980564
969984205 969984210
969984227 969984615
970003595 970003596
970010047 970010199
970010944 970011427
970011444 970011630
970013659 970013769
970014126 970014758
970015238 970015240
970015946 970016329
970019345 970019568
970019882 970020710
970020940 970023598
970024453 970024579
970025286 970025288
970025465 970025884
970025937 970026054
970026739 970028171
970028221 970028339
970028416 970028534
970029491 970029812
970030771 970030880
970031109 970031210
970031590 970031744
970035575 970035691
970036096 970036221
970036442 970036545
970037500 970037601
970037854 970037973
970038007 970038103
970038141 970038230
970038241 970038336
970038507 970038879
970048273 970048368
970049688 970049689
970051646 970051876
970051908 970052033
970052068 970052228
970053328 970053410
970053813 970053912
970054155 970054274
970054307 970054386
970054440 970054758
970055108 970055224
970056494 970056575
970056921 970057240
970057551 970057784
970057795 970057860
970058380 970058381
970059840 970059955
970059991 970060104
970060108 970060190
970060869 970061064
970061322 970061596
970061854 970061992
970062022 970062094
970062149 970062441
970063281 970063505
970063608 970063873
970063935 970064038
970064233 970064651
970065956 970066105
970066503 970066695
970066749 970066908
970067048 970067175
970071005 970071099
970072647 970072738
970072838 970075831
970076581 970076711
970076770 970076936
970077995 970078107
970078313 970078643
970080993 970080994
970082038 970082039
970086103 970086105
970086107 970086109
970091054 970091055
970095544 970099231
970099348 970099530
970105776 970105777
970114544 970114546
970125675 970125676
970128642 970128643
970146601 970147474
970147623 970148146
970148222 970148444
970148900 970148902
970148903 970148905
970155253 970155254
970162062 970162063
970164094 970164095
970169411 970169412
970169512 970169813
970192416 970192417
970197609 970197610
970210089 970210490
970210557 970210693
970218138 970218139
970219912 970220075
970220081 970220173
970220177 970220262
970227382 970227674
970227745 970227850
970227854 970227968
970228708 970228712
970228759 970229200
970229235 970229709
970229763 970229926
970230371 970230373
970230376 970230378
970230524 970230525
970236098 970236445
970236908 970237145
970237157 970241985
970242568 970242570
970242574 970242577
970244147 970244148
970244834 970244835
970249189 970263560
970263618 970263916
970263976 970264199
970264209 970264394
970264435 970264849
970274140 970274256
970274447 970274577
970274769 970274976
970274982 970275112
970275163 970275250
970275494 970275698
970275703 970276122
970281102 970281103
970287899 970287900
970294473 970294596
970294599 970294714
970294718 970294796
970295689 970295691
970305819 970305820
970306404 970306405
970317030 970317032
970318102 970318103
970319297 970319775
970319822 970319937
970319941 970320146
970320147 970320500
970320999 970321001
970321002 970321006
970322324 970322566
970324007 970332745
970332895 970333056
970334215 970357478
970357523 970357835
970357843 970359428
970359481 970359591
970359680 970359780
970359816 970360206
970360208 970360635
970360646 970361427
970361456 970361533
970361545 970361644
970361668 970361740
970361797 970362102
970362131 970362217
970362232 970362306
970363811 970363927
970367436 970367546
970367611 970367743
970368117 970368220
970368584 970368700
970368750 970368854
970369641 970369643
970370577 970370700
970370772 970370919
970370970 970371189
970371540 970371714
970371765 970371868
970371930 970372045
970390528 970390530
970406080 970406082
970406085 970406087
970406877 970406878
970408118 970408119
970411275 970411419
970411983 970412119
970412585 970412589
970412950 970413092
970413117 970413221
970413272 970413481
970413721 970414119
970414170 970414297
970421828 970422180
970422205 970423535
970428314 970428524
970428591 970428988
970430098 970430188
970430227 970431259
970431625 970431708
970431858 970432105
970432125 970432322
970432339 970432416
970432463 970432569
970432620 970432791
970432884 970433045
970433081 970433179
970433422 970433521
970433550 970433742
970436518 970436688
970436779 970437004
970437016 970437182
970444633 970444807
970448906 970449067
970449157 970449260
970449301 970449410
970455214 970455215
970455292 970455293
970458646 970458647
970480559 970480560
970484975 970484976
970486592 970486593
970489550 970489551
970494405 970494406
970497600 970498889
970507177 970507289
970507315 970507409
970510125 970510546
970513695 970534713
970536887 970536889
970536924 970536927
970536938 970536940
970537026 970537028
970544356 970555870
970555899 970556078
970556127 970556216
970556484 970556636
970556761 970556939
970557018 970557262
970557310 970557726
970558280 970558400
970558458 970558551
970559307 970559489
970561060 970561328
970561365 970561464
970561496 970561619
970561672 970561938
970565418 970565529
970565537 970565622
970565661 970565759
970566006 970566144
970566192 970566283
970566720 970566722
970568358 970568482
970568535 970568635
970568639 970568794
970568845 970568943
970568976 970569108
970570537 970570632
970570693 970570799
970573211 970573301
970576973 970577082
970577176 970577347
970577396 970577539
970577542 970577649
970581361 970582026
970582079 970582743
970582785 970583352
970583400 970584529
970584559 970584593
970585052 970585122
970585576 970586329
970586685 970587233
970588286 970588398
970589915 970589998
970590049 970590193
970590223 970590343
970590746 970590748
970590749 970590751
970590823 970590940
970591541 970591542
970591559 970591665
970591670 970591748
970591822 970592204
970592215 970592335
970592340 970592456
970592470 970592617
970592670 970592760
970592787 970592910
970592917 970592998
970593011 970593081
970593121 970593401
970593412 970593490
970593521 970593637
970593643 970593758
970598720 970598804
970599790 970609712
970609739 970609809
970610053 970610137
970610401 970610675
970613088 970613183
970615275 970615383
970615433 970615528
970617282 970617379
970619738 970619856
970619900 970620022
970624716 970627541
970627572 970627773
970635031 970635032
970636215 970636216
970641783 970641784
970642286 970642287
970659310 970659311
970662418 970662419
970670577 970673581
970673584 970673650
970674026 970674128
970674224 970674322
970674378 970674610
970674712 970674923
970674973 970675090
970675713 970675715
970675717 970675719
970675798 970675800
970683888 970693986
970694038 970694201
970695434 970695436
970695437 970695439
970695441 970695443
970699160 970699161
970707761 970707762
970730889 970730890
970744330 970744331
970750413 970750414
970752619 970752620
970758145 970758278
970758280 970759119
970759181 970759454
970763181 970763282
970763753 970763755
970777663 970777829
970778690 970778692
970778697 970779115
970779191 970779386
970784460 970784461
970804437 970804598
970804843 970804948
970805043 970805237
970805793 970807176
970807424 970807604
970807652 970807789
970827408 970828445
970828458 970828738
970828819 970828915
970831029 970831077
970832546 970833025
970833075 970833174
970833246 970833581
970833652 970833762
970834811 970834923
970834972 970835136
970838131 970838437
970838454 970838578
970839394 970839496
970839527 970840247
970840261 970840411
970842411 970842569
970843348 970843350
970849029 970849120
970849205 970849304
970850959 970851995
970852048 970852763
970859471 970861251
970871868 970871973
970872024 970872190
970872200 970872305
970872325 970872389
970872520 970872820
970872978 970873284
970873371 970873554
970881405 970881496
970881501 970881706
970882692 970882694
970886806 970887115
970887911 970887912
970889252 970889253
970894124 970894125
970895365 970895367
970895970 970895971
970896424 970896426
970900973 970901093
970901146 970901248
970901566 970901691
970902299 970902300
970923166 970936819
970936822 970937015
970937423 970937515
970937580 970939026
970940083 970940242
970945236 970946372
970946447 970946805
970947285 970947287
970949995 970950649
970951117 970951119
970951120 970951122
970951125 970951127
970955264 970955265
970959846 970959848
970971415 970971575
970971879 970971974
970972258 970972475
970972968 970972970
970972971 970972973
970972974 970972976
970972977 970972978
970987415 970987416
971005795 971005796
971014164 971015060
971019132 971019914
971031707 971032277
971032372 971032466
971032515 971032792
971033222 971033226
971036022 971036023
971036392 971050088
971050135 971050249
971050785 971051530
971070444 971070445
971072650 971072652
971073250 971073251
971076631 971076633
971089173 971089175
971096295 971097601
971098065 971098067
971102862 971103957
971104005 971104694
971109088 971109606
971109677 971109777
971110391 971110729
971111277 971111279
971120612 971120617
971120732 971120734
971121118 971121456
971122025 971123190
971123563 971123565
971123870 971124049
971124075 971124287
971124459 971124665
971124706 971124850
971124894 971125010
971125020 971125085
971125095 971125161
971125174 971125325
971125819 971125821
971125822 971125824
971125826 971125829
971129002 971129115
971129360 971129453
971129590 971129719
971130111 971130113
971133024 971133143
971133144 971133215
971133261 971133389
971137483 971145462
971145469 971145549
971145641 971145826
971147812 971147814
971148202 971148204
971148396 971148398
971148407 971148409
971152190 971152191
971164345 971164346
971173344 971174240
971174710 971174712
971175613 971175734
971176208 971176210
971176411 971176412
971182090 971182630
971182685 971182788
971183195 971183197
971185221 971185319
971185350 971185475
971185525 971185649
971185742 971185938
971186012 971186165
971191759 971192867
971192898 971193203
971193248 971193399
971194576 971194577
971213069 971213071
971213818 971213820
971219623 971219625
971221626 971221628
971221635 971221636
971227350 971227464
971229075 971229077
971230708 971230710
971232325 971232433
971232699 971232792
971233502 971233918
971235711 971235926
971237296 971237298
971243181 971243183
971243372 971243373
971244868 971244870
971246208 971246210
971246713 971247555
971248101 971248323
971248563 971248737
971248785 971249002
971249429 971249431
971249911 971249913
971250077 971250079
971251280 971251282
971251526 971251528
971253033 971253686
971253779 971254331
971254831 971254832
971255282 971255284
971256938 971256940
971258270 971258272
971258520 971258521
971258974 971259522
971259767 971259924
971260529 971260531
971261051 971261053
971261635 971261637
971261704 971261706
971262186 971262421
971262867 971262868
971263190 971263312
971263923 971264112
971264122 971264195
971264268 971264412
971264868 971264993
971265486 971265749
971265793 971265961
971266778 971266903
971266911 971267093
971267094 971267171
971267221 971267566
971268277 971268279
971268351 971268353
971269052 971269182
971271712 971271714
971272053 971273257
971273351 971283159
971283967 971284105
971284159 971284636
971284650 971284728
971285690 971285692
971287394 971287396
971287861 971288523
971289030 971289031
971289092 971289094
971289179 971289180
971289654 971289656
971290171 971290173
971290460 971290462
971291610 971291916
971292658 971292830
971292880 971294386
971294437 971294677
971294713 971294917
971294927 971295002
971295036 971295382
971295433 971295644
971296145 971296147
971297629 971297631
971297888 971297890
971298048 971298050
971298179 971299281
971299376 971299556
971299698 971300168
971300206 971300602
971301073 971301075
971301388 971301389
971302223 971302224
971302277 971302380
971302468 971302582
971302591 971302707
971302751 971302886
971302961 971303200
971303251 971303416
971303516 971303718
971303791 971303932
971304244 971304353
971304357 971304547
971304622 971304733
971305162 971305317
971305369 971306086
971306134 971306233
971307011 971307167
971307219 971307357
971307395 971307523
971308160 971308162
971308317 971308654
971309629 971309631
971309973 971309975
971309976 971309978
971310016 971310018
971310307 971310309
971310389 971310391
971310545 971310631
971310662 971310768
971310774 971310952
971311410 971311412
971311705 971311707
971312147 971312254
971312332 971312806
971313198 971313310
971313343 971314350
971314515 971314635
971315166 971315168
971315534 971315632
971315886 971316012
971316030 971316106
971316155 971316288
971316289 971316366
971316889 971316891
971317315 971317317
971317479 971317600
971318144 971318313
971319087 971319178
971319227 971319319
971319797 971319799
971319913 971319915
971319998 971320000
971320273 971320275
971321126 971321268
971321301 971321461
971321698 971321924
971322021 971322228
971322276 971322410
971322916 971322918
971323244 971323246
971323378 971323791
971324335 971325466
971326217 971326219
971326239 971327062
971327572 971327680
971327721 971327980
971328082 971328212
971328756 971328758
971328779 971328981
971329056 971329199
971329730 971329731
971329766 971329853
971330353 971330354
971330550 971330723
971330801 971330922
971330956 971331057
971332627 971332712
971332770 971332886
971333418 971333524
971333573 971333809
971337350 971337728
971339441 971339522
971339913 971339915
971339958 971340186
971340217 971340411
971340472 971340585
971340636 971340758
971340985 971341124
971341154 971341237
971341694 971341695
971341732 971341821
971341824 971341927
971341939 971342035
971342356 971342516
971342579 971342707
971343128 971344606
971344615 971344684
971344709 971344813
971344815 971344891
971344941 971345185
971345235 971345358
971345830 971345926
971346712 971346714
971346782 971346859
971347519 971347520
971347538 971347540
971347626 971347628
971347739 971347977
971348185 971348321
971348592 971348710
971348748 971349037
971349051 971349135
971349512 971349685
971349693 971349931
971349988 971350113
971350202 971350347
971350389 971350510
971350526 971350601
971350793 971351114
971351169 971351285
971351314 971351596
971351947 971352047
971352119 971352232
971352304 971352500
971352550 971352778
971352839 971353694
971354019 971354269
971354516 971354651
971354968 971355084
971355264 971355565
971355806 971355924
971356292 971356434
971356541 971357638
971357676 971357878
971357928 971358029
971358048 971358263
971358274 971358441
971358483 971358942
971358992 971359329
971359377 971359567
971359662 971359792
971359843 971359941
971360009 971360228
971360297 971360391
971360441 971360546
971360553 971360636
971360650 971360721
971361207 971361484
971361582 971361686
971361713 971361777
971361795 971361867
971362755 971362923
971362972 971363064
971363444 971363546
971363599 971363692
971363935 971364109
971364407 971364505
971364552 971364732
971365549 971365676
971365695 971365898
971365949 971366629
971367028 971367112
971367142 971367340
971369428 971370659
971372056 971372058
971373801 971373803
971374030 971374032
971374138 971374140
971374836 971374838
971375067 971375069
971375221 971375223
971375820 971375821
971376789 971376791
971377111 971377112
971377510 971377691
971378208 971378210
971387267 971387269
971387463 971387465
971397701 971397703
971397717 971397719
971397934 971397936
971399060 971399062
971400212 971400534
971402947 971402949
971403431 971403571
971403572 971403694
971404185 971404363
971404902 971405004
971405054 971405180
971405908 971405910
971407422 971407424
971407471 971407473
971407828 971407830
971408512 971408514
971408570 971408572
971409077 971409078
971409706 971409708
971411361 971411362
971411545 971412137
971412184 971412282
971413164 971413284
971413740 971413742
971414158 971414160
971414785 971414881
971414883 971414986
971415766 971415768
971424903 971424904
971437028 971437029
971442983 971442984
971444069 971444235
971445095 971445264
971445494 971445906
971460496 971460498
971467046 971467570
971467619 971467751
971468579 971468678
971468726 971468853
971469674 971498101
971498588 971498683
971499112 971499114
971512315 971512316
971527997 971539304
971539306 971539353
971539892 971539991
971540038 971541024
971541028 971542065
971545944 971545945
971550283 971550285
971550349 971550350
971550874 971550875
971551024 971551025
971551113 971551114
971551116 971551117
971552915 971553105
971553154 971553253
971553659 971553661
971554070 971554204
971555107 971555109
971558464 971558465
971558979 971558981
971569920 971569922
971569923 971569925
971583308 971588286
971588966 971588970
971588973 971588975
971593675 971598495
971598540 971598687
971599375 971599377
971600113 971600114
971600916 971600918
971601261 971601263
971601291 971601293
971601466 971601468
971601646 971602702
971603113 971603114
971603115 971603117
971603120 971603122
971603723 971603724
971610648 971611263
971611647 971611903
971611953 971612143
971612782 971612784
971612785 971612787
971612789 971612791
971614936 971654415
