961567212 961574664
961575892 961575907
961582252 961582409
961583672 961583897
961584304 961584319
961594814 961595248
961595762 961595777
961595946 961597166
961597595 961597610
961610883 961611377
961611863 961611878
961636973 961645531
961645704 961645786
961645952 961646030
961646263 961646346
961646510 961646764
961646929 961647017
961647220 961647369
961647539 961647707
961648014 961648355
961648569 961648641
961649311 961649396
961649565 961649660
961649828 961649911
961650851 961650866
961652305 961652315
961652988 961653021
961654206 961654246
961656310 961656821
961657246 961657261
961676159 961676808
961676862 961676978
961677032 961677218
961678027 961678042
961678144 961678272
961678716 961678811
961679091 961679284
961680415 961680430
961692742 961692983
961693465 961693480
961698002 961698194
961698654 961698669
961699991 961700232
961700646 961700661
961705152 961705273
961705681 961705696
961706082 961706282
961710138 961710153
961712744 961719222
961719451 961719550
961719742 961720094
961720493 961720680
961720934 961721031
961721226 961721856
961722032 961722140
961722334 961722418
961723218 961723233
961724462 961724472
961725825 961725858
961726853 961726894
961726929 961727183
961729728 961729743
961730797 961730808
961731876 961731909
961734358 961734399
961735854 961736031
961737314 961737408
961737832 961737973
961738650 961738665
961757655 961758337
961758785 961758800
961759392 961759494
961759519 961759570
961759964 961759979
961762453 961763200
961763670 961763828
961764102 961764215
961765034 961765049
961766284 961767090
961767637 961767652
961768022 961768161
961768678 961768693
961769154 961769490
961769981 961769996
961771184 961796631
961796649 961796695
961796698 961796898
961796904 961797013
961797014 961797188
961797193 961797325
961797803 961799165
961799205 961799446
961800556 961800571
961801087 961801615
961802019 961802034
961811495 961812787
961813332 961813347
961822587 961822664
961822685 961822757
961823229 961823244
961826353 961826497
961826517 961826562
961826566 961826595
961826596 961826659
961827116 961827131
961838810 961838905
961838929 961838975
961838978 961839007
961839414 961839429
961842331 961842412
961842433 961842484
961842883 961842898
961842971 961843128
961843520 961843535
961847053 961847141
961847162 961847243
961847665 961847680
961849519 961849694
961850118 961850133
961850382 961876605
961876625 961876789
961876808 961877066
961877085 961877216
961877235 961877352
961877370 961877629
961877653 961877935
961877953 961878111
961878146 961878546
961878571 961878895
961878913 961879089
961879106 961879582
961879600 961879715
961879735 961879807
961879824 961879936
961879955 961880183
961880202 961880326
961880343 961880428
961880446 961884391
961887035 961887050
961899878 961901044
961901542 961901557
961901716 961901842
961902541 961902556
961902999 961903116
961903819 961903834
961908760 961909991
961910570 961910585
961917983 961929042
961929632 961929647
961935823 961936157
961936630 961936645
961938761 961939243
961939663 961939753
961939783 961939882
961939915 961940187
961941586 961941822
961943856 961944112
961945028 961945150
961945451 961945625
961945949 961946397
961946874 961946889
961947474 961947702
961947974 961948224
961948690 961948705
961949661 961949774
961950074 961950204
961950652 961950956
961951495 961951510
961951534 961951648
961954100 961954115
961956761 961957098
961957951 961957966
962076506 962076622
962077125 962077140
962077487 962077565
962077597 962078503
962078898 962078913
962079302 962079395
962079802 962079817
962079819 962079907
962080335 962080350
962089272 962092143
962092836 962092928
962093337 962093352
962116363 962116655
962116851 962116982
962116991 962117367
962117944 962117959
962118455 962118664
962119150 962119165
962119273 962119405
962119772 962119787
962119860 962119998
962120387 962120402
962122721 962122858
962123261 962123276
962135433 962135690
962136031 962136149
962136560 962136575
962158354 962158953
962160066 962160081
962164035 962164242
962164263 962164316
962164338 962164436
962164459 962164512
962164534 962164616
962164638 962164749
962164771 962164914
962164937 962165010
962165033 962165098
962165751 962165766
962165809 962165969
962166422 962166437
962177785 962177880
962177906 962178009
962178031 962178088
962178110 962178203
962178225 962178285
962178307 962178357
962178360 962178405
962178433 962178488
962178557 962178647
962178668 962178763
962179088 962179297
962179349 962179906
962180395 962180410
962180562 962180751
962181313 962181328
962182201 962182598
962182974 962182989
962183802 962184151
962184527 962184542
962184690 962184773
962184797 962185150
962185518 962185533
962186104 962186229
962186252 962186303
962186327 962186406
962186794 962186809
962192322 962192614
962193223 962193238
962195970 962196850
962197251 962197266
962199735 962199833
962200413 962200428
962202011 962202178
962202645 962202660
962203623 962203685
962203699 962203776
962204217 962204232
962215802 962216190
962216861 962216876
962223522 962223626
962223648 962223717
962223739 962223898
962224463 962224558
962224579 962224645
962225348 962225363
962225589 962225875
962226397 962226412
962227911 962228038
962228529 962228544
962228888 962229011
962229364 962230118
962230430 962230602
962231016 962231031
962235939 962236086
962236578 962236593
962236778 962236886
962237226 962237355
962237723 962237858
962238505 962238520
962239915 962240244
962240505 962240611
962240634 962240680
962241100 962241115
962244291 962244396
962244896 962244911
962249120 962249228
962249624 962249639
962250046 962250126
962250146 962250191
962250586 962250601
962255666 962255777
962255800 962255849
962255852 962255899
962256269 962256284
962264279 962264366
962264727 962264742
962265678 962265783
962266146 962266161
962280386 962280556
962280919 962280934
962282777 962282895
962283279 962283294
962284251 962284333
962285308 962285323
962285775 962286254
962287531 962287745
962288621 962288769
962291408 962291423
962299266 962299406
962299702 962300058
962302997 962303012
962307237 962307413
962308701 962308716
962315328 962315559
962315961 962315976
962316076 962316227
962316600 962316615
962317467 962317546
962317568 962317633
962317657 962318197
962318600 962318615
962318659 962321063
962321070 962321209
962321715 962321730
962322444 962322608
962322961 962322976
962324092 962324344
962324717 962324732
962326010 962326093
962326117 962326180
962326624 962326639
962327078 962327162
962327498 962327699
962328104 962328119
962335091 962335181
962335203 962335305
962335681 962335696
962363357 962363499
962363523 962363615
962364083 962364283
962364794 962364809
962364927 962365079
962365845 962365860
962381238 962381323
962381780 962381795
962382051 962382133
962382155 962382296
962382553 962382667
962383061 962383076
962406594 962406799
962407059 962407541
962408199 962408214
962408464 962408609
962408988 962409003
962410450 962410716
962410723 962410836
962411249 962411264
962411555 962411649
962412038 962412053
962412328 962412504
962412873 962412888
962418565 962418690
962418712 962418763
962418786 962418833
962419224 962419239
962419336 962419421
962419444 962419493
962419865 962419880
962422649 962422796
962423159 962423174
962423317 962423507
962423829 962423925
962424306 962424321
962425049 962425136
962425409 962425562
962425940 962425955
962431774 962431877
962432432 962432615
962441725 962441859
962443360 962454122
962454125 962455215
962455224 962455343
962456280 962456424
962457209 962457224
962459631 962483170
962483364 962483591
962483942 962484098
962484522 962484537
962485488 962486314
962486319 962490779
962490993 962491341
962491518 962491686
962492019 962492709
962492901 962493196
962493392 962494184
962494752 962494882
962495079 962495526
962496178 962496765
962496959 962497705
962497897 962498182
962499283 962499602
962499605 962499642
962499838 962500129
962501004 962501019
962504819 962505005
962505284 962505758
962505770 962506105
962506531 962506546
962508522 962508609
962509004 962509019
962509990 962510159
962510163 962511251
962511662 962511677
962512938 962513315
962513673 962514277
962514719 962514734
962535871 962536977
962537409 962537424
962540254 962540399
962540453 962542041
962542527 962542542
962542921 962543035
962543319 962543450
962543926 962543941
962544768 962545142
962545529 962545544
962546654 962546754
962547126 962547141
962548889 962549025
962549415 962549529
962549982 962549997
962550147 962550988
962551492 962551507
962551830 962552153
962552582 962552597
962555344 962555598
962556005 962556020
962556042 962556414
962556820 962556835
962556950 962557329
962557703 962558064
962558440 962558455
962563407 962563550
962563968 962563983
962564896 962565035
962565428 962565443
962567217 962568267
962568704 962568719
962574440 962574749
962575134 962575149
962576003 962576229
962576709 962576724
962576816 962577054
962577425 962577440
962578864 962578988
962579373 962579388
962580152 962580253
962580681 962580696
962582333 962582427
962582428 962584434
962584615 962585773
962586273 962589951
962589952 962590852
962590853 962591420
962591421 962591618
962591619 962592584
962592585 962594957
962594959 962595299
962595324 962595465
962595600 962595749
962595776 962595821
962595865 962595899
962595902 962596265
962596426 962596470
962598344 962599267
962599362 962599473
962599549 962599628
962599641 962599702
962599788 962599862
962600270 962600321
962600417 962600467
962600578 962600681
962600761 962601084
962601163 962601257
962601329 962601442
962603114 962603129
962603546 962603638
962604057 962604072
962622828 962622947
962623393 962623408
962624032 962624165
962624582 962624597
962625893 962626192
962626586 962626601
962631297 962631496
962631897 962631912
962632074 962632265
962632648 962632663
962635062 962635173
962635558 962635573
962636348 962636424
962636789 962636804
962636870 962636940
962636978 962637100
962637544 962637559
962643548 962643662
962644040 962644055
962644412 962644510
962644918 962644933
962651951 962652509
962652525 962652856
962652895 962652922
962652923 962653260
962653261 962653353
962653774 962653789
962657268 962657496
962657864 962658114
962659050 962659124
962659255 962659434
962660008 962660519
962660520 962660822
962660823 962661139
962661140 962661706
962661707 962662215
962662216 962662493
962662494 962662622
962662623 962662816
962662817 962662919
962662920 962663009
962663184 962663430
962663610 962663844
962664393 962664408
962665377 962665472
962665839 962665854
962668579 962668590
962670667 962670679
962670686 962670702
962670703 962670731
962670752 962670764
962670767 962670948
962671477 962671492
962673075 962673084
962677250 962677321
962677716 962677731
962677964 962678144
962680134 962680149
962681686 962681886
962681894 962682009
962682016 962682124
962682131 962682196
962682205 962682435
962682442 962682490
962682499 962682606
962682616 962682843
962683198 962683376
962683798 962683813
962685267 962685521
962685913 962685928
962686934 962686945
962689317 962689326
962689334 962689343
962689346 962689363
962689374 962689383
962689384 962689396
962689425 962689437
962689444 962689453
962689463 962689477
962689554 962689577
962689582 962689601
962689611 962689620
962689625 962689637
962689684 962689765
962691501 962691619
962692405 962692420
962709479 962709823
962710318 962710333
962717356 962717509
962717892 962717907
962726542 962726755
962726772 962726898
962727173 962727649
962728097 962728112
962731219 962731355
962731737 962731752
962731889 962731958
962732331 962732346
962732387 962732471
962732842 962732857
962753010 962759134
962759424 962759833
962760107 962760404
962761032 962761047
962766965 962768114
962768557 962768572
962770827 962770946
962771329 962771344
962786967 962787381
962787808 962787823
962799791 962803420
962803984 962803999
962805146 962805547
962806031 962806046
962806061 962806482
962806489 962807785
962808275 962808290
962809551 962809647
962810019 962810034
962812083 962812169
962812531 962812546
962812814 962813001
962813362 962813377
962818085 962818176
962818739 962818754
962819280 962819428
962819874 962819889
962828135 962828247
962828692 962828707
962828775 962829004
962829437 962829452
962830064 962830561
962830834 962830918
962831201 962831604
962832115 962832130
962842675 962842784
962842816 962843022
962844757 962844772
962845087 962845177
962845552 962845567
962846001 962846131
962846599 962846614
962847189 962847419
962847428 962847494
962847499 962848254
962848257 962848296
962848301 962848372
962848376 962848472
962848476 962848663
962848669 962848761
962848767 962849006
962849011 962849272
962849276 962849327
962849812 962849827
962850804 962850899
962850910 962851046
962851052 962852053
962854866 962854881
962889009 962889176
962889202 962889249
962889252 962889335
962889918 962891008
962891582 962891673
962892040 962892055
962894577 962895112
962895507 962895522
962895575 962895752
962896135 962896150
962910335 962910865
962911235 962911346
962911368 962911444
962911447 962911670
962911978 962912285
962912693 962913010
962913286 962913437
962913900 962913915
962928359 962928736
962929374 962929389
962929438 962929706
962929730 962934769
962934779 962934860
962935504 962935519
962940251 962940648
962941117 962941132
962949021 962949252
962949669 962949684
962954871 962955240
962955633 962955648
962967225 962967390
962967413 962967552
962968042 962968057
962968097 962968192
962968215 962968630
962968921 962969013
962969040 962969626
962970041 962970056
962970194 962970487
962970870 962970885
962971034 962972280
962972698 962972713
962972849 962980126
962981634 962981649
962987661 962987762
962987951 962988175
962988638 962988653
962995230 962995946
962996412 962996427
962997342 962999055
963000038 963000053
963011924 963014655
963014922 963018797
963019568 963019583
963019993 963020439
963020891 963020906
963023249 963023408
963024203 963024218
963031729 963031862
963032273 963032288
963052199 963052349
963052352 963052400
963052423 963052507
963052530 963053559
963054083 963054307
963054879 963055118
963055392 963055776
963056435 963077192
963077195 963077392
963077393 963077545
963077570 963077629
963077652 963077719
963077722 963077837
963077848 963077950
963077957 963078019
963078037 963078166
963078172 963078218
963078223 963078245
963078299 963078427
963078449 963078493
963078645 963078687
963078691 963078800
963078897 963079008
963079725 963079740
963080705 963080820
963081615 963081630
963083318 963083408
963083775 963083790
963085272 963085447
963086070 963086085
963087920 963088085
963088408 963088856
963089327 963089342
963102781 963102937
963103830 963103845
963112933 963113219
963113491 963114109
963114994 963115091
963115135 963115194
963115225 963115386
963115397 963116252
963116525 963117927
963118204 963118742
963119446 963119461
963127980 963128349
963128375 963128484
963128505 963128639
963128661 963128763
963128879 963129262
963130000 963130015
963132777 963138166
963138972 963138987
963142821 963143478
963144793 963144808
963144894 963145002
963145623 963145638
963145711 963146029
963146290 963147048
963147382 963147602
963148761 963148776
963149933 963150139
963150532 963150714
963150988 963151143
963151418 963151527
963151946 963152398
963152697 963153032
963154909 963154924
963156623 963156726
963157580 963157595
963159479 963159618
963160301 963160316
963161238 963161375
963161632 963161874
963162290 963162743
963163094 963163364
963163814 963163829
963165125 963165226
963165850 963165865
963165936 963166033
963166312 963166513
963166818 963166980
963167443 963167595
963168931 963168946
963170368 963170457
963170716 963170958
963171752 963172193
963172492 963173041
963173652 963173667
963187253 963188437
963189106 963189121
963202032 963202128
963202150 963202436
963202458 963202544
963202566 963202645
963202667 963202717
963202765 963202865
963202885 963202933
963202981 963203034
963203082 963203135
963203184 963203259
963203308 963203427
963203478 963204467
963205502 963205517
963216428 963216548
963216570 963216678
963216701 963216957
963216979 963217151
963217174 963217431
963218490 963218505
963226362 963226482
963226505 963226590
963226795 963227583
963228633 963228648
963229660 963229979
963230336 963230549
963230938 963231224
963231624 963231720
963232157 963232172
963232907 963233033
963233728 963233743
963235490 963235631
963236306 963236321
963236989 963237070
963237536 963237613
963238351 963238366
963241364 963241485
963241797 963241995
963243920 963243935
963247687 963247920
963248467 963248482
963250419 963250771
963251050 963251137
963251250 963251789
963251809 963251937
963252205 963252536
963255546 963255561
963255933 963256148
963256827 963256956
963257429 963257444
963258546 963259079
963259350 963260672
963261273 963261288
963262335 963262477
963262993 963263008
963271653 963271862
963272571 963272586
963272734 963272854
963274129 963274248
963275074 963275089
963302266 963302514
963302526 963303254
963303944 963303959
963304269 963304363
963304998 963305013
963306236 963306490
963307116 963307131
963313128 963313615
963313640 963313705
963313728 963313818
963313841 963313912
963313975 963314081
963314874 963314889
963316143 963316234
963316491 963317070
963317282 963317569
963318239 963318413
963318720 963318825
963319237 963319364
963319640 963319803
963320088 963320397
963320680 963320911
963321431 963321598
963322152 963322320
963323050 963323282
963324237 963324252
963327161 963327872
963328316 963328647
963330501 963331255
963333404 963334172
963334446 963334964
963337148 963337842
963338190 963338467
963338811 963338994
963339320 963339481
963340960 963340975
963341497 963341867
963342215 963342656
963343207 963343222
963349437 963351365
963351640 963351726
963353531 963353546
963361869 963362388
963362996 963363011
963374669 963375042
963375568 963375583
963404057 963404445
963404468 963405089
963405110 963405298
963405934 963405949
963405955 963406054
963406799 963406814
963407182 963407339
963407694 963407864
963408773 963408788
963422610 963422891
963423145 963423309
963423969 963424253
963425385 963425400
963468425 963478896
963479139 963480030
963482953 963484002
963485050 963485065
963489526 963489613
963489622 963489751
963489773 963490312
963490576 963491414
963491739 963491835
963492561 963492576
963493918 963494206
963494742 963494757
963495098 963506437
963506446 963506953
963511273 963511380
963511582 963511692
963512276 963512394
963514154 963514169
963514670 963515574
963516294 963516309
963519781 963522287
963522298 963522411
963523234 963524477
963524483 963524900
963524906 963525197
963525204 963525392
963526129 963526144
963526152 963526351
963530465 963530621
963534801 963534915
963535555 963535570
963547560 963551540
963553932 963554123
963555094 963555274
963556186 963556388
963556666 963558638
963559496 963559511
963559563 963559698
963560249 963560264
963565131 963567041
963567789 963567804
963573216 963573411
963573933 963573948
963573984 963574156
963574596 963575863
963576379 963576394
963576948 963577034
963577408 963577602
963577998 963578177
963579326 963579341
963581480 963583129
963583968 963583983
963583994 963584106
963584599 963584729
963585142 963585254
963585721 963585736
963587556 963587753
963588085 963588396
963588808 963588902
963589317 963589332
963589384 963589500
963589933 963590042
963590432 963590569
963590998 963591068
963591738 963591753
963591884 963591972
963592485 963592500
963595699 963595958
963596275 963605735
963606374 963606479
963606645 963606746
963606937 963607105
963608009 963608024
963609508 963609782
963610376 963610391
963616658 963616875
963617482 963617497
963619449 963619599
963620384 963620399
963654513 963655121
963655169 963655523
963655942 963656612
963657363 963657378
963657730 963657850
963658307 963658708
963658752 963659407
963659416 963659779
963659785 963659989
963660042 963681830
963682039 963682162
963682979 963683104
963684070 963684085
963684773 963684933
963685536 963685672
963686253 963686453
963687646 963687661
963687962 963688187
963689350 963689365
963689806 963689933
963690814 963691022
963691183 963698480
963698489 963698614
963698619 963698649
963698709 963699072
963699270 963699461
963699756 963700298
963700392 963700536
963700724 963701154
963701290 963701595
963701606 963701705
963701741 963701781
963701968 963702197
963702646 963703847
963703858 963703974
963703975 963704087
963704098 963704246
963704254 963704328
963704367 963704428
963704469 963704527
963704757 963704833
963704835 963704874
963704877 963704925
963704946 963705059
963705240 963706270
963706375 963706502
963706587 963706868
963706977 963707059
963707261 963707369
963707601 963707828
963707840 963707905
963708011 963708219
963708579 963708669
963708707 963708849
963708890 963708989
963709021 963709071
963709078 963709221
963709230 963709317
963709321 963709365
963709411 963709547
963709627 963712406
963712611 963712708
963713188 963713203
963713347 963713451
963713651 963720276
963720308 963720722
963721541 963722156
963722251 963722333
963722568 963722712
963722881 963723147
963723154 963723201
963723205 963723246
963723248 963723306
963723311 963723342
963723346 963723394
963723396 963724113
963724124 963724343
963725227 963726092
963727032 963730707
963732256 963732359
963732754 963732769
963734919 963735004
963735282 963735376
963735787 963735802
963744179 963744277
963744278 963744327
963744731 963744746
963745201 963745284
963745687 963745702
963747036 963748159
963748597 963748612
963749100 963749177
963749567 963749582
963750763 963751508
963752593 963753054
963753497 963753512
963753732 963753844
963754173 963754257
963754721 963754736
963755708 963755803
963755809 963755838
963756213 963756228
963756385 963756491
963756763 963756843
963756936 963757105
963757486 963757501
963759088 963759257
963760035 963760050
963760447 963760762
963761143 963761158
963762820 963762992
963763397 963763412
963763729 963763864
963764295 963764310
963764581 963764725
963765133 963765231
963765594 963765609
963767000 963767121
963767502 963767622
963768102 963768117
963768128 963768226
963768789 963768804
963768856 963769029
963769784 963770017
963770769 963770784
963770898 963771052
963771254 963771943
963772418 963772433
963772553 963772658
963772959 963773088
963773462 963773586
963773627 963773705
963773736 963773801
963773833 963773924
963773950 963774020
963774047 963774115
963774141 963774247
963774271 963774334
963774359 963774487
963774515 963774590
963774617 963776850
963777059 963777159
963777266 963777349
963777937 963777952
963778194 963778275
963778649 963778664
963778836 963778989
963779355 963779448
963779696 963779827
963780101 963780217
963780455 963780799
963781156 963781356
963781638 963781796
963782111 963782761
963783117 963786844
963788325 963788340
963789457 963789546
963789931 963789946
963792195 963792280
963792677 963792692
963793277 963793380
963793751 963793766
963795042 963795149
963795173 963795224
963795247 963795393
963795798 963795813
963800705 963801983
963802417 963802432
963803494 963803650
963804105 963804120
963809032 963809185
963809209 963809312
963809846 963809861
963813771 963814781
963815272 963815287
963817266 963817420
963817618 963817847
963818274 963818444
963818824 963818839
963819652 963820078
963820353 963820478
963820896 963820911
963824360 963824543
963824916 963824931
963832855 963832952
963833399 963833414
963837010 963837183
963837548 963837563
963838754 963838867
963839198 963839293
963839752 963840391
963840641 963840758
963841074 963841157
963841560 963841716
963842089 963842189
963842566 963842581
963842984 963843141
963843549 963843659
963844066 963844192
963844466 963844549
963844595 963844637
963844743 963844907
963845606 963845621
963846393 963846574
963846984 963846999
963847445 963847535
963847950 963847965
963848094 963848183
963848483 963849177
963849520 963849630
963850073 963850191
963850675 963850812
963851321 963851417
963851780 963851864
963852638 963852727
963853174 963853288
963853921 963853936
963855176 963855265
963855552 963855875
963856224 963856310
963856801 963856882
963857465 963857480
963857887 963858002
963858354 963858471
963858884 963858899
963859144 963859229
963859259 963859322
963859347 963859397
963859402 963859475
963859590 963859694
963859716 963859801
963860865 963861760
963861795 963861868
963865101 963865116
963865671 963865748
963866103 963866118
963866224 963866428
963866755 963866932
963867377 963867392
963867762 963872939
963872985 963873704
963873918 963874046
963874063 963874118
963874123 963874171
963874190 963874235
963874811 963874826
963876659 963876752
963876776 963876894
963877263 963877278
963877600 963877773
963877776 963877825
963877830 963877863
963877865 963877930
963877932 963878292
963878773 963878788
963879007 963879131
963879226 963879319
963879342 963879413
963879714 963879814
963881377 963881480
963881932 963881947
963884402 963884805
963885042 963885160
963885588 963885603
963885928 963886032
963886269 963886356
963886780 963886795
963895175 963895429
963895665 963896999
963897453 963897468
963916856 963925070
963925550 963925754
963926040 963926171
963926616 963926708
963926868 963927051
963927999 963928014
963929640 963929773
963930051 963930247
963930520 963930726
963931098 963931113
963931218 963931842
963932205 963932220
963932229 963932338
963932722 963932737
963932985 963933088
963933460 963933475
963934271 963934556
963934944 963934959
963935102 963935343
963935696 963935711
963936087 963936406
963936730 963936844
963937254 963937269
963937456 963937834
963938026 963938517
963938894 963938909
963939266 963939449
963939528 963939793
963940220 963940235
963940692 963940889
963941245 963941260
963942098 963942219
963942583 963942598
963942835 963942949
963943296 963943691
963944012 963944344
963944821 963944836
963945423 963945657
963945701 963945819
963945859 963945984
963946018 963946233
963946262 963946324
963946353 963946432
963946461 963946566
963946595 963946708
963946738 963947116
963947145 963947249
963947275 963947377
963947404 963947882
963947910 963948300
963948326 963948412
963948436 963948498
963948526 963948574
963948576 963948718
963948743 963949121
963949147 963949570
963949597 963949733
963949758 963949963
963949989 963950096
963950121 963950204
963950228 963950825
963950851 963950906
963950931 963950991
963951017 963951172
963951196 963952325
963952357 963952500
963952522 963952811
963952833 963953235
963953420 963953517
963953868 963953944
963954035 963954232
963954626 963954641
963959345 963970868
963971056 963971421
963971613 963971736
963971894 963972065
963972296 963972640
963972826 963973032
963973263 963973383
963973616 963973731
963973966 963974052
963974183 963974348
963974581 963974665
963974898 963974975
963975066 963975152
963975384 963975476
963975709 963975794
963976025 963976118
963976350 963977177
963977985 963978000
964003164 964003321
964003664 964003829
964003910 964004009
964004813 964004828
964006106 964006311
964006393 964006475
964006740 964006893
964007270 964007285
964009342 964009470
964009949 964010143
964010224 964010376
964010914 964010929
964013036 964013122
964013523 964013538
964013645 964013722
964013804 964013899
964013980 964014085
964014169 964014348
964014437 964014547
964014943 964014958
964016722 964016821
964017215 964017230
964028906 964029512
964029962 964029977
964043808 964043902
964044678 964044693
964083179 964083256
964083279 964083341
964083364 964083430
964083879 964083894
964090503 964090621
964091060 964091075
964093214 964093312
964093321 964093853
964095009 964095096
964095576 964095591
964114398 964114489
964114511 964114722
964114987 964115370
964115801 964115816
964145199 964145287
964145308 964145361
964145746 964145761
964145981 964146072
964146095 964146162
964146502 964146663
964147343 964147358
964149542 964149629
964149708 964149783
964149862 964150007
964150380 964150395
964152620 964152737
964153857 964153872
964178646 964180633
964180715 964180931
964181341 964181356
964182401 964182521
964182610 964182712
964182973 964183142
964183575 964183590
964187524 964188675
964188678 964188754
964189140 964189155
964191634 964191775
964191862 964191994
964192082 964192270
964192652 964192667
964197691 964197839
964198259 964198274
964198524 964198700
964199062 964199077
964199938 964200186
964201158 964201173
964201878 964202114
964202472 964202487
964204258 964204497
964204942 964204957
964208704 964208947
964209452 964209467
964259462 964259696
964260128 964260143
964262656 964262892
964263152 964263741
964264244 964264259
964264857 964265976
964266261 964266349
964266762 964266777
964266988 964267217
964267497 964267594
964268046 964268196
964268778 964268793
964268949 964269127
964269547 964269562
964269585 964269855
964270121 964293951
964295138 964296614
964296630 964296655
964296726 964296793
964296826 964296959
964296991 964297040
964297071 964297191
964297219 964297290
964297320 964297494
964297527 964297736
964297762 964298366
964298554 964298635
964298923 964299005
964299097 964299213
964299968 964300058
964301375 964301390
964301448 964301550
964301639 964301793
964302474 964302489
964303432 964303528
964303539 964304507
964304876 964304891
964306805 964307114
964307474 964307489
964308488 964308605
964308612 964308677
964309086 964309101
964312387 964312515
964312902 964312917
964318001 964318081
964318102 964318217
964318595 964318610
964321541 964321928
964322004 964322097
964322492 964322507
964323974 964324334
964324785 964324800
964329100 964329464
964329545 964329633
964330262 964330277
964343166 964376662
964376705 964376791
964376971 964377308
964377335 964377847
964378001 964378247
964380633 964380648
964380786 964380878
964383293 964383308
964383556 964383656
964383866 964383965
964384320 964384479
964385545 964385560
964390341 964392499
964392698 964392825
964393051 964393202
964393461 964393544
964393770 964393932
964394370 964394385
964397469 964397551
964397946 964397961
964399855 964399944
964400326 964400341
964400539 964400645
964401028 964401043
964404418 964404531
964405139 964405154
964408195 964408297
964408814 964408829
964411156 964411358
964411361 964411405
964411841 964411856
964412596 964413132
964413389 964413475
964413930 964413945
964437085 964437189
964437538 964437553
964437734 964437833
964437881 964438105
964438365 964438587
964438878 964438980
964439133 964439453
964439742 964439812
964440227 964440242
964440710 964440850
964441087 964442426
964442815 964442830
964443143 964443848
964444192 964444271
964444434 964444564
964444791 964444882
964445259 964445274
964446100 964446221
964446605 964446701
964447324 964447407
964447633 964447776
964448299 964448380
964448778 964448793
964448904 964448985
964449212 964449437
964449885 964449965
964450548 964450563
964473885 964474595
964474818 964474886
964475478 964475493
964475795 964475876
964476230 964476245
964477140 964477228
964477600 964477615
964480313 964480395
964480884 964480899
964481886 964481970
964482230 964482309
964482634 964482711
964482974 964483045
964483492 964483571
964483835 964483903
964484422 964484437
964484524 964484616
964485032 964485047
964485241 964485358
964485588 964485734
964485964 964486145
964486534 964486549
964493051 964493133
964493519 964493534
964493828 964493918
964494310 964494325
964498109 964506179
964506410 964506506
964507025 964507040
964510400 964510852
964511115 964511201
964511529 964511615
964512015 964512030
964517260 964517371
964517602 964517758
964518149 964518164
964530069 964533245
964533660 964533675
964563800 964565017
964565436 964565451
964605398 964605649
964605652 964606892
964607308 964607323
964613426 964613511
964614005 964614020
964630131 964630327
964631290 964631305
964631602 964633305
964633308 964633596
964634037 964634052
964639269 964640060
964640291 964640359
964640727 964640742
964667591 964667702
964668148 964668163
964671063 964671193
964671424 964671518
964671917 964671932
964680791 964680959
964681376 964681391
964710277 964710420
964710814 964710829
964726642 964728043
964728442 964728457
964742167 964742374
964742640 964742950
964743333 964743348
964758879 964760617
964761050 964761065
964782319 964785664
964786096 964786111
964790111 964790237
964790661 964790676
964791639 964791752
964792131 964792146
964797304 964800371
964800958 964800973
964811150 964811324
964811555 964811902
964812968 964812983
964815560 964817780
964818222 964818237
964868324 964870984
964871214 964871323
964871748 964871763
964875378 964881220
964881930 964882026
964882259 964882357
964882586 964882704
964882713 964882762
964882765 964882839
964883815 964883927
964884083 964884546
964884777 964885093
964885254 964885996
964886723 964886738
964887516 964888130
964890129 964891034
964892401 964892416
964897233 964897335
964898284 964898299
964898682 964898766
964899285 964899300
964906744 964906835
964906848 964906910
964907355 964907448
964907810 964907825
964947786 964948309
964948686 964948701
964955084 964955236
964955636 964955651
964955873 964955968
964955989 964956055
964956465 964956480
964959033 964959156
964959539 964959554
964959610 964959799
964960013 964960165
964960463 964962235
964963029 964963044
964963076 964972388
964972393 964973959
964974069 964974315
964974317 964974367
964974391 964974460
964974510 964974662
964974669 964974868
964974904 964975006
964975060 964975324
964975442 964975551
964975569 964975706
964975790 964975922
964975931 964976030
964976036 964976162
964976650 964976754
964978185 964978200
964979284 964979578
964979603 964979765
964979789 964980532
964980843 964981033
964981037 964981081
964981188 964981570
964981728 964981821
964981860 964981957
964982186 964982355
964982461 964982692
964983273 964983288
964983580 964983739
964983970 964984101
964984363 964984456
964984478 964984541
964984728 964984825
964984847 964984920
964985262 964985357
964985562 964985707
964985708 964985756
964986197 964986212
964986355 964986443
964986465 964986524
964986755 964986880
964987047 964987222
964987246 964987372
964987692 964987821
964987842 964987888
964987890 964988078
964988604 964988732
964988909 964989293
964989525 964989690
964990233 964990248
964995051 964995196
964995753 965005408
965005452 965005565
965005590 965005732
965006972 965006987
965009013 965009150
965009171 965009373
965009580 965012573
965013103 965013118
965022283 965022754
965022755 965022844
965023216 965023231
965025173 965025260
965025458 965025546
965025552 965025834
965025850 965025976
965026001 965026239
965026408 965026482
965026505 965026664
965027057 965027072
965032440 965032546
965032575 965032731
965032753 965033928
965034341 965034356
965042056 965042178
965042557 965042572
965044939 965045437
965045824 965045930
965046191 965046395
965047374 965047389
965050139 965051174
965052134 965052149
965053495 965053774
965053933 965054131
965054288 965054570
965054726 965054805
965055028 965055135
965055736 965055751
965058388 965058612
965058875 965059061
965059731 965059746
965060890 965061075
965062196 965062211
965070811 965071398
965071420 965071466
965071468 965071503
965071524 965072187
965073009 965073024
965093575 965101801
965101860 965102117
965102653 965102668
965129038 965129517
965129888 965129903
965130255 965130332
965130353 965130415
965130839 965130854
965131520 965133423
965133812 965133827
965136373 965136494
965136996 965137011
965142251 965142339
965142766 965142781
965144806 965144948
965145633 965145648
965148305 965148654
965148885 965148973
965149349 965149485
965149746 965149819
965150080 965150178
965150584 965150599
965217509 965219014
965219242 965219402
965219821 965219836
965219971 965220191
965220418 965220527
965220895 965220910
965223608 965225899
965226333 965226348
965276332 965276622
965276645 965278214
965278654 965278669
965279117 965279272
965279652 965279667
965306292 965307246
965307249 965307356
965307378 965307422
965307424 965307787
965308795 965308810
965323401 965324704
965325175 965325190
965371947 965372143
965372165 965372224
965372247 965373207
965373211 965373241
965373805 965373820
965387338 965387727
965387992 965388311
965388360 965388442
965388492 965388592
965389077 965389092
965392037 965392389
965392750 965392765
965397341 965399171
965399571 965399586
965401421 965401545
965401936 965401951
965405153 965405307
965405574 965405766
965406154 965406169
965406252 965406379
965406445 965406606
965407035 965407050
965407065 965407167
965407554 965407569
965415690 965433937
965433999 965434104
965434897 965434912
965454175 965466086
965466122 965466245
965466291 965466360
965466405 965466588
965466631 965466679
965466720 965467281
965467357 965467691
965467974 965468101
965468125 965468177
965468452 965468592
965468861 965468928
965468932 965468984
965469217 965469304
965469335 965469402
965469404 965469466
965469748 965469812
965469865 965470034
965470571 965470586
965473291 965473426
965473689 965473759
965474212 965474227
965476586 965476699
965477070 965477085
965484630 965487431
965487582 965493128
965493177 965499541
965500416 965500431
965539027 965539123
965539150 965539207
965539233 965539366
965539396 965539512
965539965 965539980
965561048 965561163
965561191 965561267
965561295 965561448
965561748 965562271
965562754 965562769
965563154 965563249
965563679 965563694
965563912 965564007
965564311 965564488
965564903 965564918
965564969 965565066
965565482 965565497
965586926 965587006
965587008 965587028
965587359 965587789
965587977 965588060
965588317 965588420
965588890 965588905
965637574 965638927
965638951 965639314
965639698 965639799
965640294 965640309
965643299 965643921
965644353 965644368
965649649 965660342
965660965 965660980
965661826 965662240
965662677 965662692
965669897 965670265
965670516 965670614
965671034 965671049
965681390 965681585
965681998 965682013
965682186 965685822
965686507 965686522
965687707 965687811
965688068 965688179
965688628 965688643
965688983 965689100
965689353 965689615
965690051 965690066
965691931 965692016
965692476 965692491
965692526 965692605
965692991 965693006
965693317 965693514
965693905 965693920
965694823 965695006
965695261 965695425
965695455 965695542
965695844 965696009
965696406 965696421
965696664 965696748
965697183 965697198
965698613 965698695
965699234 965699249
965699258 965699413
965699944 965699959
965706430 965707108
965707532 965707547
965708003 965708305
965708731 965708746
965715516 965715805
965716899 965716914
965718389 965718566
965720030 965720045
965725188 965725305
965725332 965725444
965726005 965726020
965728840 965728927
965728954 965729155
965729703 965729718
965732197 965732371
965732893 965733021
965733451 965733466
965740744 965741160
965741459 965741637
965741931 965743902
965744335 965744350
965752933 965753774
965754188 965754203
965761051 965761413
965761772 965761787
965770891 965779542
965780535 965780550
965810012 965811417
965811426 965811605
965812056 965812071
965822968 965823386
965823409 965823493
965823543 965824004
965824656 965824671
965824972 965825050
965825053 965825188
965825649 965825664
965827026 965827155
965828294 965828309
965863076 965863994
965864002 965867592
965868494 965868509
965903867 965904457
965904497 965904708
965905402 965905538
965906033 965906048
965916619 965916808
965916830 965917000
965917021 965917190
965918024 965918039
965918711 965918803
965919164 965919179
965919387 965919725
965920124 965920139
965922704 965922782
965922805 965922966
965923338 965923353
965969848 965971036
965971312 965971388
965971816 965971831
965995626 965996214
965996615 965996630
965996963 965997148
965997511 965997526
965999238 965999376
966000023 966000038
966000754 966001436
966001851 966001866
966018184 966018362
966018729 966018744
966019135 966019384
966019722 966019822
966020086 966020393
966020772 966020787
966021757 966021942
966022418 966022433
966025380 966027850
966028272 966028287
966035651 966035744
966036151 966036166
966045759 966047360
966047794 966047809
966047894 966048044
966048384 966048476
966048829 966048844
966081003 966081992
966082397 966082412
966086175 966101570
966102166 966102181
966108405 966109084
966109503 966109518
966116119 966116230
966116775 966116790
966170183 966170273
966170294 966170345
966170368 966170414
966170418 966170464
966170487 966171155
966171558 966171573
966174866 966175143
966175541 966175556
966175572 966175699
966176440 966176455
966209332 966210389
966210795 966210810
966254998 966255117
966255139 966255221
966255244 966255378
966255803 966255818
966255981 966256152
966256545 966256560
966264542 966264749
966265171 966265186
966265564 966266384
966266925 966266940
966280739 966280877
966281630 966281645
966282476 966282584
966282940 966282955
966291620 966292027
966292456 966292471
966293673 966293766
966294125 966294140
966295021 966295319
966295691 966295706
966340553 966341662
966342333 966342348
966343359 966343700
966343769 966344022
966344684 966344699
966348037 966348348
966349229 966349244
966357501 966357764
966358339 966358354
966358677 966358774
966359196 966359291
966360148 966360163
966365770 966368345
966368864 966368879
966428254 966428370
966428393 966428534
966428671 966428735
966429491 966429506
966433714 966434623
966435111 966435182
966435594 966435699
966437367 966437502
966438393 966438408
966443713 966443953
966444389 966444404
966451639 966451819
966452190 966452205
966452722 966452923
966453313 966453328
966453434 966453521
966453970 966453985
966455329 966455523
966455885 966455900
966456141 966456349
966456760 966456775
966470755 966470894
966470916 966470962
966470988 966471187
966471612 966471627
966494210 966494306
966494332 966494418
966495101 966495116
966518153 966518263
966518290 966518631
966519345 966519360
966531792 966532166
966532712 966532727
966533664 966533821
966534219 966534234
966541746 966541916
966541942 966542073
966542496 966542511
966564203 966564652
966565095 966565110
966600448 966602044
966602440 966602563
966602871 966603011
966603284 966603434
966604524 966604539
966618113 966618333
966618651 966618775
966619254 966619269
966630217 966631715
966632023 966633136
966633678 966633693
966651406 966655362
966656055 966656070
966686540 966686920
966687455 966687470
966687953 966700516
966701364 966703985
966705169 966705184
966715840 966716068
966716498 966716513
966717828 966717982
966718435 966718450
966730022 966730690
966731068 966731083
966772299 966773484
966773902 966773917
966776696 966778155
966778653 966778789
966779216 966779231
966792734 966792821
966792827 966792966
966793375 966793390
966794192 966794301
966794313 966794426
966794429 966794548
966794567 966794799
966795309 966795324
966796661 966796736
966796759 966796838
966796992 966797203
966797217 966797301
966797817 966797832
966798768 966798861
966798871 966798934
966798936 966799132
966799286 966799444
966799541 966799734
966800006 966800304
966800705 966800720
966811991 966813102
966813481 966813496
966813535 966813638
966814018 966814033
966864277 966865137
966865841 966865856
966879092 966879535
966879974 966879989
966946065 966946609
966946986 966947001
966948048 966948365
966948460 966948682
966948689 966948751
966949146 966949161
966961068 966961549
966961931 966961946
966967662 966967907
966968214 966968343
966968763 966968778
966971455 966971762
966971768 966972064
966972809 966972824
966974559 966974713
966974875 966975187
966975342 966975536
966975940 966975955
966976062 966976668
966977007 966977022
966994129 966994248
966994254 966994300
966994302 966994359
966994710 966994725
967023273 967023478
967023500 967023674
967024119 967024134
967024183 967024347
967024732 967024747
967029316 967029657
967030058 967030073
967032055 967032359
967032758 967032773
967033896 967034181
967034227 967034290
967034314 967034362
967034742 967034757
967040522 967041501
967041507 967041755
967042214 967042346
967042804 967042819
967056660 967058372
967058749 967058764
967059064 967059171
967059508 967059523
967059638 967059844
967060250 967060265
967060757 967060945
967061504 967061519
967062154 967062477
967062877 967062892
967062937 967063191
967063527 967063542
967075790 967075805
967085718 967104174
967104219 967104302
967104383 967104460
967104523 967104612
967119750 967119765
967128824 967129139
967129566 967129581
967130778 967131145
967131662 967131677
967143310 967143442
967143818 967143833
967164655 967164807
967164809 967164840
967165183 967165198
967177645 967177727
967177748 967177873
967178257 967178272
967178696 967179750
967180165 967180180
967209364 967209573
967209738 967209795
967209821 967210528
967210552 967210596
967212117 967212132
967232335 967232631
967232992 967233007
967291613 967291879
967291899 967294100
967294214 967297302
967298537 967298641
967298739 967299058
967299663 967299826
967300440 967318811
967322875 967322890
967335328 967335451
967335455 967335514
967335889 967335904
967337672 967337770
967337792 967337938
967338329 967338344
967383284 967384464
967384725 967384831
967385332 967385347
967394797 967394996
967395395 967395410
967417243 967418258
967418670 967418685
967471583 967474179
967475713 967475728
967476261 967476365
967476556 967476768
967477004 967477097
967477554 967477725
967478077 967478092
967490503 967490677
967490758 967490836
967491225 967491240
967548921 967557541
967558829 967558911
967562465 967562480
967568587 967581000
967584246 967584261
967645738 967645910
967646337 967646352
967663699 967663877
967664232 967664247
967731412 967731515
967731536 967731631
967731639 967731871
967731881 967731973
967732066 967732261
967732581 967732688
967732807 967733005
967733563 967733578
967762194 967762419
967762793 967762808
967763031 967763116
967763533 967763548
967776229 967776334
967776355 967776409
967776430 967776487
967776509 967776562
967776976 967776991
967777157 967777249
967777624 967777639
967813310 967813450
967813570 967814477
967814879 967814959
967815450 967815465
967898300 967902659
967902666 967904643
967904661 967905853
967905854 967920094
967921301 967921316
967922906 967924095
967924986 967925001
967925413 967925529
967926958 967926973
967928306 967928383
967928740 967928755
967944809 967944954
967944976 967945073
967945433 967945448
967982279 967982373
967982395 967986424
967987200 967987215
967987383 967987810
967988235 967988250
967998570 967998685
967999079 967999094
968053707 968058239
968058744 968058759
968065678 968066414
968066843 968066858
968075442 968076041
968076066 968076138
968076163 968076447
968076472 968076719
968076745 968076798
968076824 968076888
968076919 968077029
968077055 968077159
968077187 968077246
968077274 968077432
968077459 968077524
968077635 968078041
968078093 968078180
968078209 968079010
968079039 968079162
968079189 968079242
968079271 968079318
968079321 968079391
968079420 968079466
968079469 968079513
968079541 968079686
968079714 968079795
968079826 968079883
968079912 968079975
968080001 968080143
968080781 968081669
968082380 968082673
968083793 968083891
968083939 968084021
968084199 968084383
968084678 968084768
968085448 968085463
968085860 968085952
968086268 968086437
968086701 968086812
968088059 968088154
968088584 968088738
968089600 968089775
968090058 968090322
968091294 968091395
968092290 968092305
968114701 968116048
968116523 968116538
968116644 968116772
968117163 968117178
968117404 968193757
968193828 968195374
968195429 968195584
968195638 968195853
968195908 968196071
968196126 968196202
968196256 968196528
968196583 968196672
968196728 968196807
968196862 968196995
968197051 968198130
968198186 968198776
968198830 968198930
968198985 968199087
968199141 968199231
968199287 968199389
968199463 968199651
968199704 968199777
968199830 968199905
968200412 968200578
968200817 968201140
968202331 968202662
968208229 968208300
968208356 968208451
968208504 968208600
968208884 968208963
968212370 968212481
968212538 968212601
968213202 968214244
968214302 968214377
968214432 968214515
968214588 968214690
968214745 968214816
968214950 968215049
968219093 968219538
968219598 968219695
968219757 968219845
968220166 968220237
968220324 968220422
968220477 968220652
968220731 968220912
968220974 968221106
968221656 968224084
968224152 968234370
968234428 968241744
968241804 968241899
968241962 968245511
968247355 968247457
968247626 968247732
968247947 968248048
968248083 968248135
968248171 968248218
968248241 968248294
968248363 968248431
968248786 968248849
968248952 968249023
968249090 968249198
968249844 968249914
968250291 968250361
968251402 968252054
968252168 968252234
968252284 968252330
968253080 968253152
968254391 968254438
968254521 968254608
968256486 968256647
968256739 968256812
968257064 968257206
968257258 968257342
968257405 968257472
968258506 968258550
968258567 968258658
968259322 968259389
968261818 968261833
968283286 968285637
968286180 968286195
968336405 968338070
968338562 968338577
968338624 968338709
968339227 968339242
968352753 968353264
968353977 968353992
968363915 968367654
968368357 968368372
968368384 968368469
968369068 968369083
968369283 968369423
968369876 968369891
968370022 968370170
968370703 968370718
968375900 968376450
968376882 968376897
968376981 968377364
968377692 968377916
968378281 968378508
968378894 968378909
968379170 968379252
968379670 968379768
968380234 968380953
968381005 968381076
968381795 968381945
968382252 968382360
968383418 968383433
968414634 968415646
968416169 968416184
968423652 968424448
968425155 968425705
968426194 968426209
968431482 968431996
968432510 968432525
968450636 968450843
968451107 968451970
968452376 968452391
968497692 968498967
968499646 968499661
968506129 968506403
968506628 968506890
968506963 968507468
968507516 968519936
968521248 968521263
968533709 968541937
968542577 968544252
968544256 968544617
968544676 968544688
968544765 968544895
968544910 968544962
968544969 968545026
968545086 968545163
968545237 968545292
968545359 968545412
968545757 968545813
968545869 968545973
968546081 968546214
968546229 968546261
968546383 968546406
968548861 968548876
968549575 968549673
968549771 968549943
968550043 968550135
968550231 968550308
968550406 968550536
968550635 968552159
968552175 968552234
968552340 968552408
968552508 968552644
968552748 968552847
968554651 968554666
968566317 968566454
968566505 968566590
968566696 968566866
968566981 968567143
968567196 968567619
968568241 968568256
968569316 968569490
968569522 968569645
968569750 968569873
968570625 968570640
968572939 968574747
968575443 968575458
968587806 968588616
968589041 968589056
968596603 968597361
968597827 968597842
968597864 968598001
968598402 968598417
968604288 968604489
968604927 968604942
968614555 968614764
968615200 968615215
968615409 968615578
968616873 968616888
968634910 968637710
968638278 968638293
968675372 968675488
968675511 968675606
968675616 968675765
968676175 968676190
968679427 968679703
968680090 968680105
968686788 968688198
968688630 968688645
968691824 968692831
968693230 968693245
968694092 968694318
968694681 968694696
968699798 968700136
968700472 968700670
968701053 968701068
968713996 968714244
968714618 968714633
968717144 968717934
968718396 968718411
968726656 968727135
968727543 968727558
968754987 968755461
968755828 968755843
968755848 968755986
968756363 968756378
968758172 968758353
968758729 968758744
968759062 968759164
968759186 968759230
968759652 968759667
968761760 968762129
968762499 968762514
968764740 968765043
968765467 968765482
968766242 968766959
968767012 968767144
968767542 968767557
968789100 968789826
968790214 968790229
968803958 968804222
968804484 968804830
968805230 968805245
968805255 968805437
968805878 968805893
968814363 968814660
968815042 968815057
968818522 968818704
968818966 968819307
968819700 968819715
968827348 968827545
968827568 968827859
968827875 968828042
968828423 968828438
968835306 968835859
968836422 968836437
968839682 968839819
968839841 968839885
968839889 968839923
968840300 968840315
968848102 968848226
968848248 968848413
968848675 968848841
968849478 968849493
968849721 968849908
968850335 968850350
968851526 968851646
968852035 968852050
968856723 968857675
968858183 968858198
968860694 968860870
968861676 968861691
968879670 968879758
968879781 968879871
968880275 968880290
968902166 968902245
968902267 968902380
968902402 968902453
968902854 968902869
968907138 968907401
968907812 968907827
968908883 968909374
968909776 968909791
968913064 968913319
968913636 968913751
968914126 968914141
968917074 968917607
968917982 968917997
968927960 968928099
968928123 968928186
968928562 968928577
968930354 968931028
968931435 968931450
968936421 968936729
968937113 968937128
968938049 968938170
968938558 968938573
968950687 968950874
968950897 968951759
968951762 968951832
968952258 968952273
968952816 968952978
968953392 968953407
968960479 968962236
968962726 968962741
968978816 968980338
968980785 968980800
968981182 968981543
968981910 968981925
968982145 968982319
968982878 968982893
968985362 968985619
968985997 968986012
968987081 968987239
968987350 968987506
968987887 968987902
969019212 969019315
969019338 969019485
969019888 969019903
969023458 969023648
969024473 969024488
969027655 969027750
969028148 969028163
969030868 969031014
969031402 969031417
969035305 969035416
969035811 969035826
969045145 969045574
969045834 969047612
969048650 969048665
969049351 969052073
969053380 969053395
969058036 969061447
969062119 969062134
969104538 969104753
969105140 969106733
969107187 969107202
969110732 969110901
969111545 969111560
969111848 969119219
969119380 969119496
969120266 969120281
969127690 969128487
969129026 969129041
969130557 969130811
969131412 969131427
969153203 969171958
969172667 969173034
969173129 969173236
969174170 969174426
969175209 969175224
969181475 969182083
969182478 969182679
969182855 969183328
969183545 969183839
969184006 969184235
969184351 969184443
969184510 969184832
969185098 969185282
969185862 969185877
969188731 969189401
969189588 969190344
969190408 969190609
969191039 969191054
969193152 969194361
969194427 969194841
969195060 969196167
969196180 969196567
969196574 969196621
969196668 969197279
969197282 969197533
969197589 969198113
969198162 969198219
969198240 969198597
969199084 969199792
969199964 969200455
969200456 969200612
969200928 969201074
969201389 969201667
969201725 969202010
969202067 969202515
969203045 969204123
969204381 969205875
969205928 969206353
969207160 969207716
969207972 969210445
969210867 969211326
969211498 969211685
969212211 969212226
969215610 969216014
969216016 969216317
969216608 969217385
969217613 969218084
969218454 969219184
969219768 969220416
969220496 969220697
969221124 969221261
969221649 969222003
969222226 969222502
969223027 969223451
969223641 969223742
969226344 969226882
969226916 969227463
969227555 969227997
969228005 969228146
969228161 969229066
969229139 969229375
969229377 969229716
969230700 969230909
969231786 969232867
969233785 969233995
969234635 969234650
969234831 969235064
969235410 969235569
969236480 969236641
969236884 969237256
969237501 969237636
969237663 969237810
969237872 969238122
969239246 969239336
969239616 969240176
969240186 969240370
969241425 969241820
969243676 969245560
969246271 969246413
969246843 969246944
969247431 969247446
969259427 969260064
969260248 969260391
969260896 969260911
969278927 969281032
969281240 969281617
969281890 969282007
969282024 969282072
969282109 969282320
969283018 969283033
969292943 969300023
969300024 969300120
969301325 969301340
969301575 969301886
969302291 969302648
969303043 969303515
969303854 969304262
969304995 969305097
969305694 969305709
969306653 969306788
969306872 969307216
969307546 969307657
969308521 969308743
969309356 969309682
969309696 969309757
969309773 969309849
969309932 969310042
969310516 969310737
969310740 969310804
969314978 969315334
969317576 969318006
969319848 969320089
969323430 969323867
969325663 969325769
969325871 969325988
969326507 969326586
969327151 969327324
969328766 969328781
969344346 969344487
969345070 969345085
969376423 969378065
969378481 969378496
969454956 969455745
969456148 969456163
969456170 969456334
969456876 969456891
969458337 969458498
969459265 969459280
969539202 969540928
969543007 969543022
969555993 969557563
969558072 969558087
969562536 969562651
969563196 969563211
969572090 969572178
969572244 969573141
969573187 969573245
969573314 969573483
969573532 969574485
969574978 969574993
969583008 969583239
969583441 969584099
969584556 969584571
969629068 969631311
969631743 969631758
969631945 969632232
969632263 969632360
969632745 969632851
969633291 969633306
969633929 969634058
969634417 969634432
969649906 969650266
969650698 969650713
969654780 969655061
969655547 969655916
969656031 969656175
969656577 969656592
969669751 969669857
969670270 969670285
969678157 969678920
969679018 969679129
969679246 969679406
969679822 969679837
969679943 969680242
969680609 969680624
969714918 969715630
969715746 969715861
969716131 969716806
969717311 969717326
969717636 969717751
969718203 969718218
969718852 969719318
969719345 969719390
969720264 969720279
969721430 969722447
969722854 969722989
969722994 969723077
969723106 969723179
969723182 969723396
969723433 969723526
969723541 969723632
969723646 969723945
969724028 969724156
969724202 969724249
969724270 969724476
969724522 969724624
969725143 969725158
969729821 969731204
969731475 969731579
969731694 969731792
969732205 969732220
969741360 969741497
969741505 969741567
969741598 969741811
969741826 969741958
969741963 969742054
969742058 969742276
969742319 969742687
969742691 969742737
969742741 969742873
969742874 969742944
969742953 969743317
969743325 969743713
969743715 969745836
969746415 969775215
969804965 969805095
969805117 969805184
969805406 969805733
969806131 969806146
969810878 969811092
969811364 969811558
969812048 969812063
969812514 969812648
969812701 969812852
969813639 969813654
969816855 969828903
969829586 969829601
969833929 969834066
969834850 969834865
969837301 969837584
969837705 969837808
969838085 969838269
969839277 969839292
969842558 969842649
969843041 969844965
969845055 969845201
969845212 969845372
969846086 969846168
969847428 969847443
969847594 969847725
969847746 969847811
969847835 969847935
969849494 969849509
969854672 969854822
969855213 969855228
969883529 969883645
969883669 969883751
969883784 969884208
969884598 969884613
969884717 969884893
969885283 969885298
969889391 969889605
969889629 969889870
969890266 969890281
969893128 969893556
969893670 969893958
969894046 969894716
969895842 969895857
969906679 969906885
969906886 969907424
969907916 969907931
969908272 969910594
969910706 969911624
969912105 969912120
969928057 969928303
969928342 969928387
969928470 969928602
969928677 969928772
969929215 969929230
969929625 969930452
969930918 969930933
969932182 969932295
969932804 969932819
969932875 969932964
969933264 969933730
969933762 969933812
969934086 969934272
969934311 969934423
969934477 969934546
969934566 969934648
969934659 969934791
969935463 969935478
969936258 969936364
969936916 969936931
969937826 969937946
969938360 969938375
969939183 969939272
969939673 969939688
969940778 969941427
969941845 969941860
969942970 969943187
969943633 969943648
969944055 969944146
969944532 969944547
969949076 969949206
969949307 969949420
969949699 969949819
969950222 969950237
969952015 969952106
969952192 969952295
969952704 969952719
969953780 969953905
969954295 969954310
969958473 969958581
969958968 969958983
969959270 969959373
969959802 969959817
969960473 969960812
969960847 969960936
969961318 969961333
969961541 969961656
969962032 969962047
969962386 969962818
969963211 969963226
969964310 969964451
969964535 969964618
969965006 969965021
969979519 969979877
969980216 969980564
969981126 969981141
969984242 969984571
969984574 969984615
969985116 969985131
970010062 970010145
970010154 970010199
970010873 970010888
970010959 970011338
970011342 970011427
970011464 970011561
970011578 970011630
970012047 970012062
970013674 970013769
970014135 970014758
970015224 970015239
970015961 970016329
970017596 970017611
970019360 970019568
970019902 970020400
970020408 970020710
970020960 970023598
970024295 970024310
970024468 970024579
970025013 970025028
970025480 970025856
970025858 970025884
970025957 970026054
970026433 970026448
970026754 970028171
970028241 970028339
970028436 970028534
970028936 970028951
970029506 970029812
970030207 970030222
970030786 970030880
970031129 970031210
970031610 970031744
970032224 970032239
970035590 970035691
970036092 970036107
970036111 970036221
970036462 970036545
970036996 970037011
970037515 970037601
970037874 970037973
970038027 970038103
970038161 970038230
970038261 970038336
970038527 970038879
970039283 970039298
970048288 970048368
970048766 970048781
970051661 970051778
970051789 970051876
970051928 970052033
970052088 970052228
970052655 970052670
970053343 970053410
970053810 970053825
970053828 970053912
970054175 970054274
970054327 970054386
970054460 970054637
970054645 970054699
970054713 970054758
970055128 970055224
970055730 970055745
970056509 970056575
970056941 970057240
970057571 970057784
970057815 970057860
970058242 970058257
970059855 970059955
970060011 970060104
970060128 970060190
970060625 970060640
970060884 970061064
970061342 970061596
970061874 970061992
970062042 970062094
970062169 970062262
970062266 970062323
970062334 970062441
970062865 970062880
970063296 970063505
970063628 970063873
970063955 970064038
970064253 970064651
970065201 970065216
970065971 970066105
970066482 970066497
970066517 970066695
970066769 970066908
970067068 970067175
970067551 970067566
970071020 970071099
970071628 970071643
970072662 970072738
970072858 970074472
970074490 970075831
970076601 970076711
970076790 970076869
970076870 970076936
970077673 970077688
970078011 970078107
970078333 970078643
970079278 970079293
970083741 970084765
970095559 970099231
970099368 970099530
970100305 970100320
970146616 970147474
970147643 970148028
970148040 970148146
970148242 970148391
970148399 970148444
970148892 970148907
970169527 970169813
970170871 970170886
970174373 970175589
970176363 970177579
970210104 970210490
970210577 970210693
970211293 970211308
970219927 970220075
970220101 970220173
970220197 970220262
970220669 970220684
970227397 970227605
970227606 970227674
970227765 970227850
970227874 970227968
970228450 970228465
970228774 970229200
970229255 970229709
970229783 970229926
970230360 970230375
970236113 970236445
970236897 970236912
970236925 970237145
970237177 970241985
970242560 970242575
970249204 970263560
970263638 970263753
970263760 970263841
970263846 970263916
970263996 970264199
970264229 970264394
970264455 970264557
970264566 970264622
970264638 970264849
970274160 970274256
970274467 970274577
970274789 970274976
970275002 970275112
970275183 970275250
970275514 970275698
970275723 970275915
970275926 970276122
970276813 970276828
970294488 970294596
970294619 970294667
970294668 970294714
970294738 970294796
970295266 970295281
970319312 970319775
970319842 970319937
970319961 970320047
970320063 970320146
970320167 970320500
970320990 970321005
970322339 970322566
970324027 970332745
970332915 970333056
970333738 970333753
970334230 970357478
970357543 970357835
970357863 970359428
970359501 970359591
970359700 970359780
970359836 970360206
970360228 970360412
970360429 970360635
970360666 970361427
970361476 970361533
970361565 970361644
970361688 970361740
970361817 970362102
970362151 970362217
970362252 970362306
970363831 970363927
970364469 970364484
970367451 970367546
970367631 970367743
970368137 970368220
970368604 970368700
970368770 970368854
970369603 970369618
970370592 970370700
970370792 970370919
970370990 970371189
970371560 970371714
970371785 970371868
970371950 970372045
970373291 970373306
970381123 970382155
970382931 970384131
970384731 970385755
970411290 970411419
970411991 970412119
970412572 970412587
970412965 970413092
970413137 970413221
970413292 970413481
970413741 970414119
970414190 970414297
970414812 970414827
970421843 970421932
970421937 970421986
970421993 970422180
970422225 970422281
970422282 970423535
970428334 970428524
970428611 970428749
970428763 970428882
970428889 970428988
970430118 970430188
970430247 970430793
970430813 970431259
970431645 970431708
970431878 970432105
970432145 970432232
970432238 970432322
970432359 970432416
970432483 970432569
970432640 970432791
970432904 970433045
970433101 970433179
970433442 970433521
970433570 970433742
970435493 970435508
970436533 970436595
970436608 970436688
970436799 970437004
970437036 970437182
970437905 970437920
970444648 970444807
970445273 970445288
970448921 970449067
970449177 970449260
970449321 970449410
970450065 970450080
970497615 970498889
970499326 970499341
970507192 970507289
970507335 970507409
970510145 970510546
970513715 970534713
970536313 970536328
970544371 970555870
970555919 970556078
970556147 970556216
970556504 970556636
970556781 970556870
970556886 970556939
970557038 970557262
970557330 970557726
970558300 970558400
970558478 970558551
970559327 970559489
970561080 970561328
970561385 970561464
970561516 970561619
970561692 970561938
970563279 970563294
970565433 970565529
970565557 970565622
970565681 970565759
970566026 970566144
970566212 970566283
970566705 970566720
970568373 970568482
970568555 970568635
970568659 970568708
970568717 970568794
970568865 970568943
970568996 970569108
970569493 970569508
970570552 970570632
970570713 970570799
970571189 970571204
970573226 970573301
970573711 970573726
970576988 970577082
970577196 970577347
970577416 970577539
970577562 970577649
970578057 970578072
970581376 970582026
970582099 970582743
970582805 970583352
970583420 970583939
970583951 970584529
970584579 970584593
970585072 970585122
970585596 970586329
970586705 970587042
970587050 970587233
970587737 970587752
970588301 970588398
970589228 970589243
970589930 970589998
970590069 970590193
970590243 970590343
970590739 970590754
970590838 970590940
970591527 970591542
970591574 970591665
970591690 970591748
970591842 970592204
970592235 970592335
970592360 970592456
970592490 970592617
970592690 970592760
970592807 970592855
970592858 970592910
970592937 970592998
970593031 970593081
970593141 970593240
970593242 970593305
970593312 970593401
970593432 970593490
970593541 970593637
970593663 970593710
970593712 970593758
970594287 970594302
970598735 970598804
970599193 970599208
970599805 970609712
970609759 970609809
970610073 970610137
970610421 970610675
970613108 970613183
970615295 970615383
970615453 970615528
970617302 970617379
970619758 970619856
970619920 970620022
970624736 970627541
970627592 970627714
970627727 970627773
970629941 970629956
970670592 970673581
970673604 970673650
970674046 970674128
970674244 970674322
970674398 970674497
970674515 970674610
970674732 970674923
970674993 970675090
970675703 970675718
970683903 970684240
970684241 970689256
970689257 970693986
970694058 970694201
970695018 970695033
970758160 970758278
970758300 970759032
970759047 970759119
970759201 970759454
970760024 970760039
970763196 970763282
970763746 970763761
970777678 970777829
970778215 970778230
970778712 970778887
970778898 970779115
970779211 970779386
970779748 970779763
970804452 970804598
970804863 970804948
970805063 970805237
970805813 970806265
970806277 970807176
970807444 970807604
970807672 970807789
970808412 970808427
970827423 970828445
970828478 970828738
970828839 970828915
970832566 970833025
970833095 970833174
970833266 970833474
970833482 970833581
970833672 970833762
970834831 970834923
970834992 970835136
970838151 970838275
970838276 970838437
970838474 970838523
970838530 970838578
970839414 970839496
970839547 970840247
970840281 970840343
970840346 970840411
970842431 970842569
970843238 970843253
970849044 970849120
970849225 970849304
970850979 970851995
970852068 970852763
970859491 970860365
970860372 970861251
970871888 970871973
970872044 970872127
970872147 970872190
970872220 970872305
970872345 970872389
970872540 970872645
970872663 970872820
970872998 970873144
970873151 970873284
970873391 970873500
970873510 970873554
970878409 970878424
970881420 970881496
970881521 970881706
970882314 970882329
970886821 970887006
970887014 970887115
970887467 970887482
970900988 970901093
970901166 970901248
970901586 970901691
970902245 970902260
970923181 970936819
970936842 970937015
970937443 970937515
970937600 970939026
970940103 970940242
970940633 970940648
970945251 970946372
970946467 970946805
970947232 970947247
970950010 970950649
970951111 970951126
970971430 970971575
970971899 970971974
970972278 970972475
970972961 970972976
971014179 971015060
971015875 971015890
971019147 971019914
971020374 971020389
971031722 971032277
971032392 971032466
971032535 971032792
971033209 971033224
971036407 971050088
971050155 971050249
971050805 971051530
971052920 971052935
971096310 971097601
971098054 971098069
971102877 971103699
971103702 971103957
971104025 971104694
971105794 971105809
971109103 971109606
971109697 971109777
971110411 971110729
971111263 971111278
971121133 971121456
971122045 971122523
971122530 971122652
971122659 971123190
971123552 971123567
971123885 971124049
971124095 971124141
971124143 971124287
971124479 971124599
971124613 971124665
971124726 971124850
971124914 971125010
971125040 971125085
971125115 971125161
971125194 971125325
971125812 971125827
971129017 971129115
971129380 971129453
971129610 971129719
971130098 971130113
971133039 971133143
971133164 971133215
971133281 971133389
971133830 971133845
971137498 971145462
971145489 971145549
971145661 971145826
971146342 971146357
971173359 971174240
971174671 971174686
971175628 971175734
971176155 971176170
971182105 971182630
971182705 971182788
971183179 971183194
971185236 971185319
971185370 971185475
971185545 971185649
971185762 971185842
971185857 971185938
971186032 971186165
971186947 971186962
971191774 971192560
971192570 971192867
971192918 971193149
971193152 971193203
971193268 971193399
971194152 971194167
971227365 971227464
971228038 971228053
971232341 971232433
971232719 971232792
971233363 971233378
971233517 971233811
971233827 971233918
971234337 971234352
971235726 971235926
971236325 971236340
971246728 971247555
971247938 971247953
971248116 971248323
971248583 971248737
971248805 971248922
971248937 971249002
971249389 971249404
971253048 971253558
971253576 971253686
971253799 971254292
971254296 971254331
971254768 971254783
971258989 971259522
971259787 971259924
971260324 971260339
971262201 971262421
971262831 971262846
971263205 971263312
971263694 971263709
971263938 971264112
971264142 971264195
971264288 971264412
971264860 971264875
971264883 971264993
971265470 971265485
971265501 971265629
971265643 971265687
971265690 971265749
971265813 971265895
971265910 971265961
971266437 971266452
971266793 971266903
971266931 971267093
971267114 971267171
971267241 971267566
971268262 971268277
971269067 971269182
971271383 971271398
971272068 971272357
971272368 971272415
971272418 971273060
971273066 971273257
971273371 971273452
971273468 971283159
971283626 971283641
971283982 971284105
971284179 971284636
971284670 971284728
971285680 971285695
971287876 971288523
971289014 971289029
971291625 971291916
971292466 971292481
971292673 971292830
971292900 971293078
971293085 971294301
971294312 971294386
971294457 971294677
971294733 971294917
971294947 971295002
971295056 971295382
971295453 971295533
971295543 971295644
971296058 971296073
971298194 971299281
971299396 971299556
971299718 971300168
971300226 971300602
971301059 971301074
971302292 971302380
971302488 971302582
971302611 971302707
971302771 971302886
971302981 971303119
971303126 971303200
971303271 971303416
971303536 971303718
971303811 971303932
971304264 971304353
971304377 971304434
971304441 971304547
971304642 971304733
971305182 971305317
971305389 971306086
971306154 971306233
971306766 971306781
971307026 971307109
971307114 971307167
971307239 971307357
971307415 971307523
971307878 971307893
971308332 971308601
971308608 971308654
971309066 971309081
971310560 971310631
971310682 971310768
971310794 971310890
971310902 971310952
971311344 971311359
971312162 971312254
971312352 971312614
971312622 971312806
971313201 971313310
971313363 971314350
971314535 971314635
971315148 971315163
971315549 971315632
971315906 971316012
971316050 971316106
971316175 971316288
971316309 971316366
971316831 971316846
971317494 971317600
971317960 971317975
971318159 971318313
971318922 971318937
971319102 971319178
971319247 971319319
971319745 971319760
971321141 971321268
971321321 971321461
971321718 971321924
971322041 971322136
971322150 971322228
971322296 971322410
971322864 971322879
971323393 971323563
971323574 971323640
971323654 971323791
971324234 971324249
971324350 971325466
971325856 971325871
971326255 971327062
971327533 971327548
971327587 971327680
971327741 971327980
971328102 971328212
971328608 971328623
971328794 971328889
971328908 971328981
971329076 971329199
971329593 971329608
971329781 971329853
971330246 971330261
971330565 971330662
971330676 971330723
971330821 971330922
971330976 971331057
971331424 971331439
971332642 971332712
971332790 971332886
971333438 971333524
971333593 971333734
971333736 971333809
971337370 971337488
971337494 971337553
971337554 971337635
971337652 971337728
971338256 971338271
971339456 971339522
971339901 971339916
971339973 971340103
971340123 971340186
971340237 971340348
971340365 971340411
971340492 971340585
971340656 971340758
971341005 971341124
971341174 971341237
971341662 971341677
971341747 971341821
971341844 971341927
971341959 971342035
971342376 971342450
971342461 971342516
971342599 971342707
971343069 971343084
971343143 971344606
971344635 971344684
971344729 971344813
971344835 971344891
971344961 971345185
971345255 971345358
971345850 971345926
971346502 971346517
971346797 971346859
971347294 971347309
971347754 971347977
971348205 971348321
971348612 971348710
971348768 971348852
971348865 971348972
971348982 971349037
971349071 971349135
971349532 971349685
971349713 971349931
971350008 971350113
971350222 971350347
971350409 971350510
971350546 971350601
971350813 971351114
971351189 971351285
971351334 971351455
971351462 971351545
971351548 971351596
971351967 971352047
971352139 971352232
971352324 971352420
971352438 971352500
971352570 971352720
971352732 971352778
971352859 971353694
971354039 971354126
971354145 971354269
971354536 971354651
971354988 971355084
971355284 971355565
971355826 971355924
971356312 971356434
971356561 971357474
971357481 971357560
971357575 971357638
971357696 971357878
971357948 971358029
971358068 971358263
971358294 971358441
971358503 971358646
971358654 971358942
971359012 971359329
971359397 971359491
971359506 971359567
971359682 971359792
971359863 971359941
971360029 971360106
971360112 971360228
971360317 971360391
971360461 971360546
971360573 971360636
971360670 971360721
971361227 971361372
971361381 971361484
971361602 971361686
971361733 971361777
971361815 971361867
971362775 971362857
971362876 971362923
971362992 971363064
971363464 971363546
971363619 971363692
971363955 971364109
971364427 971364505
971364572 971364644
971364648 971364732
971365569 971365676
971365715 971365791
971365799 971365844
971365847 971365898
971365969 971366629
971367048 971367112
971367162 971367340
971369448 971369546
971369563 971369762
971369767 971370659
971372031 971372046
971377525 971377691
971378071 971378086
971400227 971400534
971400957 971400972
971403446 971403571
971403592 971403694
971404162 971404177
971404200 971404363
971404811 971404826
971404917 971405004
971405074 971405180
971405619 971405634
971411560 971412137
971412204 971412282
971412704 971412719
971413179 971413284
971413693 971413708
971414800 971414881
971414903 971414986
971415544 971415559
971444084 971444235
971445115 971445264
971445514 971445906
971446289 971446304
971457557 971457617
971462958 971467570
971467639 971467751
971468599 971468678
971468746 971468853
971469694 971497991
971498004 971498101
971498516 971498531
971498603 971498683
971499097 971499112
971528012 971539304
971539326 971539353
971539912 971539991
971540058 971540948
971540964 971541024
971541048 971542065
971545764 971545779
971552930 971553105
971553174 971553253
971553644 971553659
971554085 971554204
971555097 971555112
971583323 971588286
971588863 971588878
971593690 971598495
971598560 971598687
971599212 971599227
971601661 971602702
971603101 971603116
971610663 971611263
971611667 971611903
971611973 971612143
971612774 971612789
971614951 971654415
