961556235 961556574
961556968 961556974
961557475 961557533
961557598 961558154
961558660 961558665
961559188 961559203
961566208 961567090
961567096 961567450
961567451 961567526
961567557 961569091
961569322 961570146
961570861 961570876
961570997 961571012
961571541 961571556
961582316 961582781
961583437 961583452
961583604 961583619
961584142 961584157
961589248 961589735
961590325 961590340
961590494 961590509
961591036 961591051
961591762 961591970
961592365 961593311
961594636 961594651
961594783 961594798
961595320 961595335
961603567 961604423
961604839 961604844
961605371 961605386
961605979 961606488
961606985 961606990
961607518 961607533
961615969 961616353
961616792 961616797
961617324 961617339
961637570 961638995
961639491 961639498
961640026 961640041
961642555 961644551
961644986 961645001
961648175 961648187
961649063 961649722
961650238 961650243
961650771 961650786
961655628 961656100
961656585 961656590
961657112 961657127
961659240 961659592
961660180 961660185
961660709 961660724
961664953 961665114
961665491 961665497
961666024 961666039
961666438 961666724
961667102 961667108
961667635 961667650
961683039 961683211
961683585 961683594
961684120 961684135
961710472 961710730
961711147 961711162
961711178 961711193
961711722 961711737
961717703 961717832
961718204 961718212
961718741 961718756
961727407 961728599
961729090 961729105
961730093 961730522
961730889 961730904
961734654 961735333
961735740 961735755
961735814 961735829
961736354 961736369
961742835 961744238
961744682 961744687
961745212 961745227
961751292 961751762
961752321 961752326
961752854 961752869
961757522 961758030
961758447 961758459
961758984 961758999
961776179 961776963
961777392 961777398
961777925 961777940
961780385 961780893
961781121 961781264
961781672 961781677
961782199 961782214
961787470 961787654
961788070 961788079
961788290 961788654
961789050 961789055
961789584 961789599
961792766 961792956
961793192 961793320
961793741 961793746
961794273 961794288
961796819 961797000
961797376 961797384
961797909 961797924
961798654 961798729
961799096 961799102
961799630 961799645
961802476 961809642
961809644 961809675
961810055 961810070
961814090 961814101
961814110 961814121
961818018 961818487
961818565 961819826
961819869 961822844
961822930 961823097
961823489 961823494
961824024 961824039
961829611 961833296
961833683 961833690
961834219 961834234
961838444 961838905
961839304 961839310
961839839 961839854
961848146 961848246
961848626 961848632
961849162 961849177
961859002 961860665
961860720 961860881
961861045 961861396
961862054 961862069
961862506 961862521
961862803 961863258
961863671 961863677
961864203 961864218
961864535 961870641
961870727 961871708
961872350 961872472
961872524 961872672
961872714 961872870
961872878 961873240
961873317 961873473
961873485 961873820
961873916 961874644
961874754 961874892
961874961 961875053
961875121 961875272
961875307 961875675
961876098 961876105
961876632 961876647
961877217 961877415
961877497 961877767
961877847 961877996
961878034 961878270
961878330 961878651
961879027 961879172
961879227 961879297
961879851 961879861
961880055 961880182
961880197 961880722
961881100 961881115
961881341 961881459
961881506 961882529
961883304 961883312
961883805 961883982
961885605 961885612
961886140 961886155
961886647 961886911
961887000 961887131
961887279 961889507
961891192 961891202
961891729 961891744
961895721 961900950
961901337 961901349
961901877 961901892
961902231 961902381
961902435 961903687
961904094 961904103
961904631 961904646
961908193 961908668
961909089 961909096
961909621 961909636
961916418 961916533
961916923 961916930
961917460 961917475
961918170 961919360
961920412 961920418
961920947 961920962
961959578 961959721
961960074 961960183
961960611 961990204
961990646 961990651
961991180 961991195
962002217 962003452
962003840 962003855
962005331 962005346
962005876 962005891
962008486 962009253
962009619 962009626
962010155 962010170
962021224 962021380
962021761 962021767
962022282 962022423
962022833 962022838
962023365 962023380
962031038 962031379
962031434 962031566
962032010 962032015
962032543 962032558
962040880 962068544
962069399 962069404
962069904 962069919
962072340 962072734
962072782 962073243
962073687 962073694
962074193 962074208
962076985 962077156
962077219 962077547
962077927 962077932
962078434 962078449
962089192 962089354
962089742 962089748
962090251 962090266
962098616 962098798
962099179 962099185
962099685 962099700
962101778 962101942
962102312 962102318
962102818 962102833
962123503 962146215
962148142 962148282
962148925 962148954
962149450 962149465
962151150 962156475
962156821 962156827
962157321 962157336
962157831 962158104
962158473 962158479
962158973 962158988
962161871 962216351
962217202 962217217
962217222 962217237
962217736 962217751
962231314 962232914
962233376 962233382
962233882 962233897
962255037 962255223
962255585 962255591
962256088 962256103
962276980 962277095
962277471 962277478
962277975 962277990
962295455 962295599
962295958 962295962
962296050 962296589
962296758 962297891
962298658 962298667
962299164 962299179
962310020 962310695
962312161 962312598
962313208 962313218
962313716 962313731
962316423 962317581
962317599 962319480
962320073 962321623
962321680 962322029
962322312 962322580
962322607 962323515
962323571 962324304
962324539 962328298
962328357 962328743
962328799 962330165
962330200 962330490
962331308 962331683
962331738 962332260
962333562 962333568
962334065 962334080
962334169 962334835
962334893 962335324
962335819 962335829
962336327 962336342
962336497 962336603
962336857 962337459
962337995 962338001
962338395 962338580
962338833 962339034
962339582 962339588
962340085 962340100
962340130 962340319
962340684 962340690
962341195 962341210
962341246 962341415
962341792 962341798
962342293 962342308
962358182 962358732
962359200 962359207
962359704 962359719
962415661 962424261
962426880 962426895
962427194 962427209
962427711 962427726
962428673 962428941
962429292 962429296
962429790 962429805
962452423 962452543
962452887 962452891
962453384 962453399
962461402 962461541
962461898 962461903
962462399 962462414
962465281 962466003
962466060 962466156
962466211 962468221
962468223 962468408
962468442 962468539
962468585 962478254
962479009 962479114
962479174 962479306
962480150 962480165
962480499 962480514
962481009 962481024
962489135 962489654
962490102 962490107
962490602 962490617
962497640 962505157
962506318 962506333
962507037 962507063
962507071 962507090
962507091 962507104
962507110 962507119
962507120 962507134
962507135 962507147
962507163 962507176
962507177 962507188
962507190 962507201
962507206 962507216
962507238 962507247
962507714 962507728
962507735 962507846
962510537 962510548
962510640 962510656
962510681 962510701
962510987 962511005
962511016 962511030
962511058 962511068
962511098 962511110
962511154 962511169
962511667 962511682
962532521 962532636
962532985 962532990
962533483 962533498
962547072 962547517
962547567 962548043
962548090 962548911
962549314 962549320
962549813 962549828
962551805 962552493
962552975 962552979
962553471 962553486
962562634 962563875
962564904 962564911
962565415 962565430
962567955 962568120
962568485 962568491
962568573 962569260
962569626 962569631
962570131 962570146
962574187 962574526
962574578 962574933
962574983 962575263
962575309 962575557
962575587 962577226
962577759 962577765
962578246 962578374
962578417 962583230
962583302 962583628
962584076 962584091
962594477 962594858
962595213 962595228
962595690 962597080
962597112 962597156
962597528 962597543
962600036 962600051
962600547 962600562
962608209 962608387
962608747 962608752
962609247 962609262
962634131 962634367
962634418 962634490
962634539 962634639
962634669 962634975
962635011 962636090
962636115 962638286
962638503 962638816
962638864 962639185
962639215 962639472
962639503 962639839
962639846 962640420
962641001 962641007
962641502 962641517
962645445 962645844
962646213 962646220
962646714 962646729
962651028 962651234
962651946 962651953
962652459 962652474
962655091 962655227
962655443 962656540
962656868 962657478
962657508 962658178
962658229 962658702
962659089 962659478
962659521 962660135
962660614 962660619
962661114 962661129
962662912 962664277
962664588 962664700
962665023 962665121
962665167 962665443
962665612 962669375
962669719 962669727
962670231 962670246
962672076 962672230
962672273 962672864
962673243 962673252
962673749 962673764
962674886 962675021
962675445 962675453
962675948 962675963
962680754 962682237
962682267 962682317
962682349 962682883
962682906 962683223
962683245 962683336
962683734 962683749
962689815 962689920
962690370 962690385
962696081 962696325
962696684 962696699
962696782 962696797
962697293 962697308
962706826 962707602
962707663 962707750
962708197 962708202
962708700 962708715
962710699 962711085
962711458 962711464
962711958 962711973
962729237 962729472
962729826 962729831
962730327 962730342
962743296 962743475
962743842 962743849
962744344 962744359
962749288 962749517
962749879 962749885
962750384 962750399
962757602 962759513
962759913 962759919
962760414 962760429
962767599 962769279
962769709 962769714
962770211 962770226
962774644 962774932
962775187 962775563
962775820 962775904
962776346 962776647
962777051 962777070
962777565 962777580
962798199 962798357
962798715 962798724
962799223 962799238
962814196 962815021
962815463 962815481
962815975 962815990
962859459 962859616
962860071 962860077
962860572 962860587
962881324 962881664
962882034 962882039
962882535 962882550
962927066 962927081
962927899 962931616
962932166 962932172
962932667 962932682
962944457 962945172
962945224 962945680
962946146 962946151
962946644 962946659
962953859 962954427
962954460 962955591
962956099 962956105
962956605 962956620
962979854 962980325
962980380 962980719
962980777 962981774
962981801 962982707
962982739 962984007
962984248 962984308
962984947 962984970
962985469 962985484
962985486 962985929
962986294 962986309
962986328 962986343
962986840 962986855
962996801 962998033
962998098 962998164
962998612 962998617
962999109 962999124
963002785 963003318
963003693 963003698
963004194 963004209
963004622 963004697
963005059 963005065
963005563 963005578
963009794 963010319
963010701 963010708
963011205 963011220
963011468 963011687
963012055 963012061
963012556 963012571
963014184 963014278
963014742 963014751
963015253 963015268
963015564 963016085
963016457 963016463
963016804 963017563
963017608 963017748
963017779 963021585
963021633 963026297
963027962 963028168
963028225 963028493
963028551 963028719
963029746 963029752
963030250 963030265
963030688 963032058
963032346 963032458
963033403 963033795
963033829 963034249
963034283 963034365
963034399 963034604
963035863 963035868
963036361 963036376
963068872 963191528
963191585 963191805
963192627 963192633
963193132 963193147
963326096 963328459
963328548 963328632
963328955 963329371
963329733 963330123
963330228 963330790
963330950 963331441
963331560 963331645
963331678 963332158
963332310 963333250
963333287 963333812
963334726 963334731
963335223 963335238
963352164 963352421
963352838 963352844
963353338 963353353
963468203 963473502
963473633 963473927
963473939 963474044
963474053 963474550
963476674 963476909
963477495 963477511
963478005 963478020
963481519 963482193
963482568 963482574
963483071 963483086
963494260 963501172
963501173 963502298
963502299 963506594
963507859 963507874
963507943 963507958
963508460 963508475
963509554 963510970
963511863 963511878
963512113 963512128
963512623 963512638
963518087 963518317
963518631 963522267
963525299 963525534
963526266 963526281
963526282 963526297
963526790 963526805
963556981 963557552
963557931 963557936
963558096 963558466
963558828 963558832
963558906 963571525
963571532 963571705
963571712 963571790
963571799 963572038
963572050 963572079
963572083 963572285
963572290 963572812
963572820 963572878
963572881 963573243
963573962 963573966
963574463 963574478
963592463 963593832
963593891 963594280
963594615 963596291
963596788 963596794
963597289 963597304
963672438 963672905
963673236 963674933
963674989 963675605
963676490 963676500
963676996 963677011
963677303 963677492
963677853 963677858
963678355 963678370
963678384 963678520
963678570 963678636
963678692 963678856
963679221 963679226
963679723 963679738
963679811 963680088
963680446 963680461
963682707 963682808
963682859 963683155
963683506 963683521
963684975 963685108
963685450 963685465
963686669 963686684
963687182 963687197
963687812 963687970
963688027 963688188
963688251 963688412
963688494 963688565
963688642 963688701
963689222 963689229
963689735 963689750
963690968 963691377
963691418 963692609
963692641 963692797
963692828 963692962
963693469 963693473
963693969 963693984
963697851 963698704
963699087 963699092
963699586 963699601
963717865 963718065
963718426 963718431
963718926 963718941
963751088 963751367
963751734 963751740
963752236 963752251
963758971 963759327
963759785 963759791
963760285 963760300
963779422 963779797
963779852 963779920
963780118 963780297
963780323 963780581
963780647 963780759
963780819 963780993
963781044 963782421
963783754 963783760
963784255 963784270
963811033 963812818
963813496 963813511
963813582 963813597
963814093 963814108
963852915 963853723
963863161 963863190
963863326 963864322
963864620 963867791
963867822 963868199
963868232 963868503
963868564 963868779
963869270 963869275
963869769 963869784
963872000 963872991
963873413 963873417
963873911 963873926
963874630 963875865
963875916 963876276
963878287 963878371
963878395 963878760
963878792 963879854
963879889 963880239
963880270 963880530
963882700 963882933
963883491 963883506
963884462 963884477
963884971 963884986
963888254 963889384
963889433 963894649
963895931 963895946
963895976 963895991
963896492 963896507
963904955 963905693
963905992 963906174
963906675 963906690
963935005 963935020
963935517 963935532
963951590 963952214
963952596 963952603
963953101 963953116
963956599 963957036
963958110 963958396
963960434 963960439
963960936 963960951
963961484 963967075
963967078 963967962
963967972 963968377
963968415 963969046
963969061 963969174
963969207 963969869
963969893 963971065
963971886 963971901
963972233 963972248
963972746 963972761
964030679 964030858
964030956 964031124
964031505 964031510
964032007 964032022
964058083 964058923
964059355 964059370
964059383 964059398
964059898 964059913
964169138 964170349
964170789 964170797
964171297 964171312
964201433 964202030
964202416 964202422
964202915 964202930
964280553 964291908
964293185 964306728
964308641 964308647
964309150 964309165
964309524 964309945
964309983 964310358
964310411 964310518
964310911 964310918
964311428 964311443
964320319 964320758
964321121 964321125
964321621 964321636
964368809 964370765
964370767 964370829
964371043 964371194
964371279 964371350
964372120 964372125
964372621 964372636
964383937 964384557
964384558 964384763
964384831 964384889
964385805 964385811
964386315 964386330
964412223 964412708
964413078 964413082
964413578 964413593
964465922 964466013
964466075 964466143
964466558 964466564
964467064 964467079
964474320 964474527
964474891 964474897
964475394 964475409
964497920 964498500
964498532 964501386
964501961 964501977
964502469 964502484
964503381 964504119
964504174 964504349
964504789 964504794
964505288 964505303
964522235 964522815
964523246 964523251
964523747 964523762
964526132 964526341
964526423 964526534
964526911 964526917
964527356 964527468
964527470 964529000
964529054 964529307
964529956 964529962
964530462 964530477
964596859 964597340
964599882 964599888
964600384 964600399
964615335 964616780
964617516 964617521
964618015 964618030
964632226 964632557
964632590 964633048
964633513 964633518
964634012 964634027
964723901 964724338
964725135 964725144
964725650 964725665
964826068 964826371
964826407 964826759
964826816 964827869
964827926 964827984
964828497 964828502
964829000 964829015
964884098 964900861
964900925 964901008
964901066 964901634
964901691 964901883
964902107 964904430
964905269 964905274
964905767 964905782
964933198 964933311
964933723 964933729
964934226 964934241
964962349 964965080
964965097 964967065
964967073 964967430
964968247 964968253
964968747 964968762
964993767 964994281
964994360 964994769
964994838 964994973
964995018 964995139
964995174 964995322
964995355 964996363
964996379 965011301
965011321 965011470
965011500 965011868
965011941 965011998
965012028 965012401
965012429 965012517
965012546 965012650
965012693 965013361
965013378 965013412
965014009 965014150
965014862 965022102
965022172 965022241
965022283 965023118
965023352 965023644
965024031 965024111
965024552 965024697
965025077 965025715
965026705 965027999
965028201 965028806
965029741 965030222
965030282 965030570
965030621 965030774
965030806 965031025
965031056 965031416
965032048 965032481
965032550 965032959
965033210 965033731
965035038 965035053
965035275 965035356
965035700 965035715
965035718 965035733
965036224 965036239
965037860 965039561
965039564 965039578
965039877 965041389
965042024 965042039
965042200 965042215
965042710 965042725
965044740 965045149
965045553 965045568
965055696 965056391
965056434 965056937
965057311 965057317
965057811 965057826
965086082 965095160
965096015 965096030
965096150 965096165
965096658 965096673
965102609 965104720
965105364 965105379
965105485 965105500
965105995 965106010
965125877 965126230
965126893 965126898
965127387 965127402
965144292 965144443
965144798 965144803
965145294 965145309
965249695 965263974
965264332 965264411
965264798 965265220
965266031 965266775
965266783 965266979
965267966 965268566
965268584 965268725
965268759 965271066
965272817 965272832
965286739 965286763
965304712 965305179
965305203 965305353
965305383 965305515
965305543 965305660
965305686 965305762
965305782 965305897
965305915 965306000
965306018 965306317
965306333 965306437
965306451 965306607
965306621 965306808
965306817 965306847
965306857 965306889
965306900 965307035
965307047 965307108
965307120 965307148
965307155 965307313
965307320 965307357
965307366 965307487
965307497 965307529
965307539 965307735
965307745 965307802
965307812 965307927
965307936 965308039
965308047 965308148
965308155 965308223
965308231 965308275
965308284 965308314
965308325 965308450
965308459 965308490
965308501 965308533
965308542 965308703
965308714 965308824
965308832 965309142
965309150 965309186
965309196 965309333
965309344 965309467
965309475 965309537
965309545 965309681
965309692 965309723
965309736 965309784
965309793 965309880
965309889 965310108
965310115 965310157
965310165 965310509
965310518 965310616
965310624 965310753
965310760 965310889
965310898 965310960
965310968 965311039
965311047 965311088
965311096 965311193
965311202 965311249
965311262 965311752
965311761 965311794
965311801 965311921
965311928 965311980
965311989 965312104
965312111 965312142
965312149 965312197
965312205 965312278
965312284 965312592
965312599 965312922
965312928 965313704
965313711 965313742
965313748 965313839
965313846 965313919
965313927 965314088
965314097 965314311
965314319 965314724
965314731 965314787
965314793 965314988
965315000 965316337
965316341 965316725
965316729 965316770
965316773 965316835
965316843 965317386
965317390 965317455
965323384 965323399
965324311 965324326
965324839 965324854
965326842 965327865
965328404 965328419
965328565 965328580
965329070 965329085
965351313 965365447
965365450 965449751
965450479 965466461
965482753 965482818
965483507 965484176
965486499 965486716
965486972 965487246
965487275 965487587
965489117 965490044
965490169 965490452
965490518 965491661
965491989 965492506
965492999 965494106
965494156 965494464
965494691 965495156
965495908 965496030
965496031 965497388
965497429 965497516
965497522 965498730
965498782 965498838
965498843 965499522
965500461 965500508
965500538 965502594
965503654 965503748
965509785 965510353
965510411 965510489
965510509 965520457
965521588 965521854
965522658 965522673
965522710 965522725
965523249 965523873
965524558 965524564
965525082 965525187
965525427 965525631
965526066 965526081
965526817 965526832
965527337 965527352
965533739 965534348
965534833 965536252
965537100 965537105
965537611 965537626
965594454 965594807
965595378 965595385
965595896 965595911
965641814 965642148
965642249 965642589
965643422 965643427
965643937 965643952
965649847 965652403
965652412 965653496
965653910 965654239
965654480 965654537
965654586 965654811
965654872 965655416
965656284 965656290
965656528 965656704
965656768 965656940
965656992 965657042
965657599 965657606
965658113 965658128
965669700 965670914
965672152 965672157
965672666 965672681
965673300 965674023
965674076 965674215
965674744 965674749
965675256 965675271
965681981 965682497
965683058 965683063
965683570 965683585
965684155 965684648
965684700 965685213
965685718 965685724
965686228 965686243
965686445 965686906
965687422 965687427
965687933 965687948
965688680 965689169
965689617 965689625
965690130 965690145
965694772 965695188
965696417 965697294
965698450 965698469
965698974 965698989
965763817 965764658
965765467 965765473
965765978 965765993
965770354 965777791
965777882 965778113
965778168 965778668
965778719 965778870
965779586 965779606
965780113 965780128
965807048 965807836
965807852 965808755
965809310 965809325
965809415 965809430
965809936 965809951
965830935 965831158
965831585 965831591
965832097 965832112
965835251 965835668
965836112 965836117
965836623 965836638
965862329 965866337
965867243 965867258
965867281 965867296
965867801 965867816
965873999 965874631
965875743 965875758
965875787 965875802
965876307 965876322
965921232 965921934
965922464 965922469
965922973 965922988
965944755 965945007
965945064 965945239
965948809 965948824
965949535 965949786
965950442 965950457
965950462 965950477
965950981 965950996
965951168 965951424
965951648 965952377
965952915 965952923
965953435 965953450
965965894 965966129
965966591 965966596
965967101 965967116
965969414 965969889
965970354 965970359
965970864 965970879
965995632 965995872
965996299 965996307
965996811 965996826
966023265 966024091
966024764 966024769
966024991 966025151
966025202 966026604
966026659 966027371
966027868 966027873
966028379 966028394
966031438 966033440
966034122 966034128
966034635 966034650
966036068 966037116
966040752 966040767
966043538 966043974
966044703 966044718
966044918 966044933
966045439 966045454
966048722 966049713
966050370 966050385
966051126 966051141
966051646 966051661
966052046 966052949
966053807 966053822
966053830 966053845
966054351 966054366
966080594 966080960
966081775 966081781
966082291 966082306
966092870 966093188
966093231 966093460
966093765 966099429
966099488 966100125
966101330 966107685
966107764 966109770
966110732 966110747
966112466 966112481
966112671 966113664
966114105 966114129
966114638 966114653
966136208 966136348
966136852 966136858
966137367 966137382
966184901 966185311
966186187 966186193
966186703 966186718
966189330 966189462
966189514 966189672
966190137 966190142
966190652 966190667
966192548 966192651
966193100 966193105
966193621 966193636
966196243 966196343
966197092 966197101
966197619 966197634
966286861 966286949
966288989 966289964
966290734 966290739
966291255 966291270
966291948 966292301
966292773 966292779
966293292 966293307
966294527 966294777
966294821 966294904
966294937 966295013
966295535 966295541
966296055 966296070
966296407 966296508
966296714 966297078
966298451 966298456
966298969 966298984
966300953 966301491
966302278 966302293
966302361 966302376
966302885 966302900
966308408 966309300
966310034 966310049
966310054 966310069
966310579 966310594
966365089 966365316
966365317 966365737
966365769 966366310
966366341 966366859
966367722 966367727
966368236 966368251
966371328 966381694
966382039 966382116
966382148 966382340
966382775 966382781
966383292 966383307
966383887 966384109
966384360 966384460
966384513 966384609
966385134 966385139
966385568 966385668
966385721 966386066
966386515 966386524
966387035 966387050
966414854 966415153
966415753 966415758
966416269 966416284
966437768 966438000
966438054 966439363
966440149 966440164
966440346 966440361
966440872 966440887
966457125 966457503
966457596 966458443
966459281 966459296
966459384 966459399
966459908 966459923
966467673 966468336
966469133 966469139
966469547 966469898
966470338 966470344
966470853 966470868
966490656 966490765
966490816 966491076
966491128 966491697
966492230 966492236
966492745 966492760
966505515 966505725
966506198 966506204
966506713 966506728
966507138 966507153
966507177 966507192
966550265 966550503
966550969 966550973
966551485 966551500
966554674 966554827
966555077 966555483
966555539 966555861
966556815 966556821
966556916 966557830
966558235 966558242
966558281 966558470
966558538 966558607
966558999 966559004
966559013 966559597
966560000 966560005
966560114 966560721
966560780 966562410
966562771 966563806
966564349 966564354
966564865 966564880
966566543 966566828
966567042 966567091
966567594 966567601
966568111 966568126
966613773 966614112
966614725 966614740
966614763 966614778
966615289 966615304
966637418 966637527
966637596 966637770
966638405 966638420
966638906 966638921
966639432 966639447
966640454 966640589
966640843 966640931
966641370 966641374
966641882 966641897
966651528 966651752
966651803 966655558
966656502 966656506
966657015 966657030
966703996 966704110
966704163 966719487
966719541 966720425
966721123 966721128
966721639 966721654
966727727 966728131
966728697 966728706
966729213 966729228
966779954 966780257
966780732 966780737
966781247 966781262
966783225 966783883
966784416 966784422
966784931 966784946
966800696 966800901
966800960 966801912
966802420 966802425
966802935 966802950
966804636 966808970
966809648 966809653
966809948 966810100
966810506 966810512
966811022 966811037
966811450 966811774
966812254 966812261
966812767 966812782
966871166 966871302
966871731 966871740
966872250 966872265
966889970 966889989
966890192 966898129
966898158 966898443
966898473 966898582
966899304 966899310
966899756 966900314
966900843 966901180
966901731 966902049
966902425 966902828
966902877 966903251
966903300 966903461
966903511 966904090
966904695 966905933
966906579 966906897
966907323 966907600
966908706 966908711
966909219 966909234
966910212 966911278
966912051 966912057
966912565 966912580
966916645 966917106
966919878 966919883
966920392 966920407
966945716 966946116
966946647 966946652
966947163 966947178
967054536 967054804
967055314 967055319
967055829 967055844
967060094 967060486
967060995 967061004
967061523 967061538
967144160 967144412
967146234 967146239
967146749 967146764
967200093 967200444
967200991 967200996
967201503 967201518
967245860 967246109
967246626 967246631
967247140 967247155
967272412 967272616
967272703 967272838
967272887 967273006
967273058 967273138
967273229 967273520
967273606 967274269
967274357 967274438
967274525 967274698
967274796 967274903
967274945 967275137
967275234 967275341
967275396 967275450
967275865 967276726
967277172 967285516
967285533 967285563
967285580 967285639
967285667 967286138
967286157 967286277
967286302 967286905
967286917 967288533
967288539 967288565
967288566 967288945
967288998 967289266
967289268 967289968
967290196 967290641
967290642 967290664
967290735 967291066
967291219 967291944
967292071 967292124
967292360 967293004
967293021 967293168
967293213 967293588
967293660 967293808
967293819 967293936
967294167 967294228
967294251 967294325
967294751 967295045
967295308 967295775
967296168 967296281
967296349 967296426
967297100 967297457
967297472 967297880
967298620 967298628
967298861 967299201
967299282 967300256
967300466 967301900
967302000 967302305
967302414 967302879
967303044 967303697
967304114 967304869
967305416 967305510
967305541 967305739
967305761 967306039
967306520 967307332
967307610 967307989
967308395 967308779
967308903 967314844
967315078 967321409
967321453 967321714
967321729 967322040
967322069 967322217
967322676 967322744
967323331 967323629
967323642 967323679
967323705 967324367
967324789 967325001
967326736 967327056
967327147 967327209
967327222 967327303
967327354 967327558
967327842 967327946
967327984 967328051
967330147 967330151
967330275 967330376
967330759 967332138
967335556 967335560
967336072 967336087
967337033 967338237
967338716 967338731
967339856 967340407
967341239 967341322
967342732 967342976
967344121 967344126
967344639 967344654
967344831 967345531
967345818 967345959
967346172 967346641
967346847 967347103
967347291 967347528
967347689 967347771
967347831 967349622
967349681 967351998
967355430 967355445
967355495 967355510
967355528 967355699
967356108 967356117
967356630 967356645
967357510 967357704
967357733 967357824
967357850 967358442
967358483 967358642
967358674 967358882
967358913 967359808
967360426 967360431
967360945 967360960
967361616 967361882
967361913 967362171
967362197 967362634
967363124 967363129
967363148 967363288
967363766 967363772
967363850 967364503
967364559 967364827
967364873 967365277
967365305 967365568
967366101 967366116
967366139 967366154
967366663 967366678
967367466 967368030
967368059 967368156
967368184 967368278
967369122 967369137
967383779 967384189
967384589 967384604
967384613 967384628
967385141 967385156
967385452 967385466
967385643 967386062
967386102 967386468
967387157 967387168
967387184 967387396
967387867 967387882
967390244 967390436
967391895 967391910
967393780 967394000
967394706 967401065
967401167 967401307
967401789 967401856
967401896 967402178
967402450 967402608
967402615 967402700
967403468 967403794
967404337 967405916
967405990 967406137
967407406 967407430
967407938 967407953
967500382 967500397
967506701 967569918
967570925 967571184
967571216 967571388
967571877 967572770
967572880 967573315
967573348 967587321
967587322 967587421
967587422 967649561
967650482 967650488
967651000 967651015
967651075 967651923
967652489 967652504
967652519 967652534
967653046 967653061
967658964 967659284
967659522 967659605
967661183 967661188
967661700 967661715
967665568 967666331
967666364 967666478
967666510 967666702
967667236 967667241
967667751 967667766
967679980 967680074
967680326 967680388
967680641 967680762
967682868 967683091
967683135 967684554
967684866 967685208
967685262 967685373
967685973 967686600
967686930 967688466
967689055 967690004
967690076 967690231
967690700 967690715
967690720 967690735
967690869 967691342
967691731 967691736
967691794 967692090
967692476 967692483
967692558 967692860
967693132 967693236
967693293 967693463
967693719 967696837
967697421 967697429
967697941 967697956
967701051 967701675
967701936 967702347
967702976 967702982
967703491 967703506
967742059 967742418
967743844 967744187
967745971 967746313
967747733 967747922
967748400 967748415
967748434 967748449
967748976 967748991
967759426 967759759
967760012 967760487
967761144 967761161
967761741 967761756
967766510 967767005
967767525 967767531
967768037 967768052
967816851 967816962
967816963 967817283
967818873 967818880
967819391 967819406
967827264 967827656
967828295 967828303
967828817 967828832
967832891 967833327
967833861 967833866
967834374 967834389
967835601 967835818
967836097 967836207
967836757 967836765
967837281 967837296
967845886 967846013
967846015 967846069
967846427 967846584
967847473 967847480
967847992 967848007
967850694 967851708
967852636 967852642
967853154 967853169
967877883 967878023
967878081 967878131
967878388 967878580
967879213 967879240
967879749 967879764
967885450 967885658
967885743 967886313
967886957 967886963
967887472 967887487
967887655 967888091
967888562 967888567
967889080 967889095
967889484 967889676
967889926 967890318
967890913 967890918
967891427 967891442
967893501 967893650
967893723 967893844
967894105 967894189
967894766 967894771
967895280 967895295
967895819 967895988
967896242 967896412
967896923 967896928
967897440 967897455
967899003 967899100
967899509 967899515
967899528 967899615
967899672 967899731
967899764 967899821
967899870 967900659
967901107 967901112
967901410 967901926
967902370 967902375
967902882 967902897
967905720 967908490
967908524 967908641
967909854 967910781
967910920 967911397
967911428 967915288
967915346 967915410
967915441 967915519
967915550 967915669
967915698 967915742
967915756 967915852
967916044 967916120
967916152 967916358
967916382 967916417
967917164 967917228
967917503 967917979
967918949 967923466
967923757 967925477
967927779 967927794
967927922 967927937
967928535 967928550
967931453 967933249
967933898 967933905
967934164 967934333
967934386 967934473
967934858 967934864
967935370 967935385
967935391 967935747
967936045 967936170
967936851 967936866
967936930 967936945
967937453 967937468
967938571 967939762
967940424 967940439
967940469 967940484
967940994 967941009
967944204 967945089
967945666 967945672
967946183 967946198
967951136 967951226
967951469 967951644
967952326 967952331
967952842 967952857
967981893 967982026
967982711 967982716
967983228 967983243
968004043 968004144
968004608 968004614
968005128 968005143
968017235 968017500
968018306 968018311
968018493 968018612
968018633 968018844
968019412 968019428
968019998 968020013
968029046 968029165
968029419 968030080
968030627 968030642
968030733 968030748
968031259 968031274
968032019 968032151
968032414 968032579
968032891 968033084
968034360 968034367
968034881 968034896
968037542 968038415
968038773 968039088
968039667 968040616
968041296 968041301
968041812 968041827
968042464 968042622
968042677 968042789
968043126 968043301
968043352 968043647
968044321 968044484
968044638 968044784
968045483 968045652
968045732 968045896
968046124 968046275
968046863 968046973
968047620 968047635
968047641 968047656
968048222 968048237
968057513 968057897
968058454 968058459
968058972 968058987
968059505 968059615
968059882 968060530
968060563 968060665
968060701 968060768
968061854 968061860
968062371 968062386
968067415 968067617
968069013 968069168
968069751 968069757
968069788 968069853
968069921 968071167
968072685 968072692
968073203 968073218
968076658 968077202
968077907 968077912
968078301 968078504
968078552 968079108
968079161 968079381
968079395 968079532
968079577 968079695
968079727 968080159
968080625 968080632
968081145 968081160
968081501 968082019
968083046 968085450
968085530 968085869
968085946 968086927
968087752 968087767
968087771 968087786
968088299 968088314
968089475 968090375
968090923 968090952
968091468 968091483
968091623 968091882
968092143 968092272
968092323 968092416
968092468 968092607
968092658 968092756
968092774 968093048
968093101 968094086
968094093 968095116
968095182 968095225
968095230 968095266
968095282 968095434
968096727 968096741
968097257 968097272
968099336 968099642
968099889 968100093
968100551 968100556
968101069 968101084
968106397 968115298
968115822 968115837
968115844 968115859
968116373 968116388
968118045 968119453
968120225 968120232
968120747 968120762
968174438 968174527
968175480 968175485
968176003 968176018
968188821 968189052
968189576 968189581
968190094 968190109
968230976 968231083
968231338 968231507
968231966 968231972
968232488 968232503
968267921 968268112
968278307 968278326
968278904 968278919
968284264 968284466
968284708 968284806
968285504 968285514
968286026 968286041
968287035 968287378
968292778 968292784
968293296 968293311
968312908 968313339
968313942 968313948
968314463 968314478
968357520 968357864
968357877 968358077
968358253 968358475
968358493 968358730
968358859 968359162
968365292 968365308
968365377 968365696
968366124 968366129
968366642 968366657
968370494 968371031
968371267 968371715
968378417 968378423
968378938 968378953
968381175 968381756
968382348 968382354
968382867 968382882
968392740 968392896
968393541 968393556
968394133 968394148
968398040 968398282
968398776 968398783
968399297 968399312
968442004 968442029
968442040 968442056
968459007 968459022
968460026 968461011
968461154 968461325
968462033 968462044
968462556 968462571
968463974 968465408
968465972 968466037
968466102 968466471
968466601 968466859
968466923 968466974
968467036 968467114
968467785 968467807
968468319 968468334
968489489 968489687
968490183 968490190
968490701 968490716
968492370 968492803
968493358 968493365
968493678 968493813
968494214 968494220
968494737 968494752
968495253 968495429
968495864 968495869
968496284 968496560
968496966 968497259
968497277 968497679
968497976 968498265
968498753 968498857
968498911 968499005
968499256 968499531
968499940 968500180
968500497 968500873
968501464 968501470
968501475 968501664
968501983 968502195
968502857 968502862
968502877 968503078
968503443 968503528
968504504 968504510
968504521 968504647
968505029 968505034
968505209 968505516
968505902 968505907
968506017 968506240
968506725 968506730
968507241 968507256
968508758 968509252
968509634 968509984
968510406 968510590
968510643 968510707
968510760 968510916
968510968 968511260
968511840 968511943
968511958 968516606
968516730 968516838
968517020 968517429
968519061 968519076
968519103 968519988
968520242 968525343
968525419 968527124
968527586 968527596
968528121 968528136
968528718 968529907
968530441 968530447
968530965 968530980
968531312 968531645
968531904 968532202
968532910 968532916
968533437 968533452
968533635 968533809
968534065 968534183
968534751 968534757
968535274 968535289
968537214 968537315
968538245 968540232
968540296 968540342
968540887 968540894
968541245 968541448
968541880 968542402
968542821 968542984
968543128 968543947
968543953 968544424
968545188 968545601
968545673 968545940
968546198 968546348
968546846 968547079
968547650 968547927
968547963 968548156
968548195 968548265
968548300 968548695
968548728 968548772
968548808 968548959
968548981 968549039
968549070 968549293
968549578 968549677
968550018 968550648
968551105 968551491
968551554 968551620
968551653 968552076
968552268 968552507
968552665 968552853
968553424 968553439
968553486 968553501
968553558 968553727
968553810 968555600
968555698 968555929
968556681 968556696
968556743 968556758
968557138 968557335
968558491 968558506
968558512 968558527
968559037 968559052
968560646 968562236
968562686 968562929
968563603 968563618
968564130 968564145
968566435 968566958
968566959 968567675
968567745 968568252
968568891 968568901
968569419 968569434
968572455 968572496
968572512 968572622
968572825 968573348
968573943 968573948
968574460 968574475
968597619 968598120
968598474 968598860
968598904 968599475
968599528 968599769
968599812 968600704
968600751 968602041
968602352 968602565
968602617 968603003
968603104 968603302
968604006 968604012
968604522 968604537
968607606 968607894
968608528 968608544
968609056 968609071
968609931 968610030
968610318 968610448
968610984 968610989
968611511 968611928
968612386 968612393
968612908 968612923
968614094 968614300
968614550 968614952
968615009 968615071
968615642 968615647
968616160 968616175
968623990 968624100
968625261 968625276
968626086 968626101
968626613 968626628
968630167 968630279
968630324 968630390
968630636 968630735
968631285 968631291
968631802 968631817
968640996 968641455
968642020 968642025
968642535 968642550
968644417 968644750
968645358 968645365
968645877 968645892
968681192 968684800
968685484 968685489
968686005 968686020
968686563 968687038
968687093 968687369
968687997 968688002
968688517 968688532
968690936 968691176
968691229 968691592
968692177 968692182
968692697 968692712
968714390 968715730
968716570 968716585
968716692 968716707
968717217 968717232
968778110 968778251
968778680 968778832
968778899 968779004
968779709 968779715
968780229 968780244
968786166 968787030
968787358 968788364
968788421 968788558
968788614 968789315
968789389 968789733
968789758 968789810
968789838 968790158
968790223 968790273
968795182 968795197
968795454 968795469
968795984 968795999
968829104 968829418
968829442 968829506
968829587 968829754
968830889 968830904
968831005 968831020
968831558 968831573
968873462 968873708
968874188 968874194
968874710 968874725
968874951 968875120
968875801 968875806
968876321 968876336
968949274 968949457
968949935 968949939
968950455 968950470
968955431 968955721
968956208 968956214
968956727 968956742
968959241 968959484
968960046 968960052
968960568 968960583
968963859 968964008
968964477 968964482
968964999 968965014
968979072 968979272
968980180 968980188
968980703 968980718
968990844 968991154
968991185 968991429
968991465 968991605
968992169 968992178
968992691 968992706
968997875 968998900
968999160 968999832
968999886 969000030
969000062 969000253
969000284 969000614
969000649 969000829
969001602 969001607
969002128 969002143
969002474 969002684
969002735 969003288
969003759 969003764
969004279 969004294
969042917 969043248
969043722 969043727
969044243 969044258
969050466 969050768
969051242 969051247
969051476 969051854
969052254 969052259
969052388 969052687
969052742 969053510
969053577 969056584
969057245 969057250
969057765 969057780
969058559 969059333
969059943 969059948
969060463 969060478
969116739 969117362
969117884 969118738
969118797 969119239
969119285 969119960
969120594 969120798
969120972 969121415
969121463 969134524
969134621 969134671
969135091 969135097
969135618 969135633
969136968 969137132
969137447 969137602
969138167 969138172
969138684 969138699
969155599 969155846
969156370 969156376
969156888 969156903
969159338 969159526
969160210 969160215
969160265 969160659
969160689 969161368
969161399 969161744
969161780 969162180
969162235 969163289
969163351 969163472
969163504 969163876
969163906 969163976
969164612 969164618
969164643 969165238
969165868 969165874
969166386 969166401
969167502 969167831
969170069 969170074
969170606 969170621
969178294 969178583
969179054 969179058
969179571 969179586
969206216 969206938
969207015 969208209
969208277 969208811
969208960 969210366
969210409 969211982
969212289 969212380
969212432 969212533
969213456 969213479
969213881 969214077
969214600 969214606
969215119 969215134
969217252 969217666
969217733 969218062
969218179 969218457
969219203 969219209
969219719 969219734
969222184 969222335
969222633 969222732
969223335 969223341
969223850 969223865
969226900 969227070
969227088 969227161
969227233 969227388
969227949 969227955
969228509 969228524
969228558 969228577
969228682 969228742
969232378 969233463
969234005 969234010
969234322 969235626
969236581 969236590
969237103 969237118
969238492 969239183
969239741 969239747
969240260 969240275
969240618 969241250
969242093 969242099
969242128 969242417
969242797 969242803
969243314 969243329
969255351 969256120
969256273 969256338
969256974 969256984
969257567 969257582
969288249 969289088
969289985 969289989
969290499 969290514
969295721 969297662
969298441 969298445
969298956 969298971
969302488 969303076
969303134 969304146
969304203 969304345
969304389 969305859
969305912 969306298
969307204 969307220
969307735 969307750
969317652 969320759
969321337 969321342
969321862 969321877
969329856 969330756
969331594 969331601
969332113 969332128
969343652 969343826
969344348 969344353
969344865 969344880
969380026 969380135
969380197 969380245
969380764 969380770
969381067 969381229
969381672 969381681
969382197 969382212
969387509 969387754
969388236 969388241
969388757 969388772
969390739 969391206
969391845 969391852
969392365 969392380
969424027 969424293
969424351 969424455
969424990 969424995
969425514 969425529
969451891 969453521
969454296 969454304
969454823 969454838
969506064 969506561
969506621 969506888
969507585 969507591
969508109 969508124
969517817 969517905
969518902 969518907
969519048 969519286
969519566 969520583
969521113 969521119
969521397 969521599
969522051 969522056
969522575 969522590
969522607 969524813
969525613 969525618
969526129 969526144
969542685 969543759
969544266 969544271
969544785 969544800
969561309 969561729
969562717 969562723
969563244 969563259
969563668 969564243
969564899 969564908
969565428 969565443
969574462 969575096
969575811 969575816
969576331 969576346
969582415 969582967
969583024 969583590
969583627 969584024
969585282 969585296
969585814 969585829
969630951 969634769
969635691 969635719
969636233 969636248
969652515 969653759
969653826 969654240
969654332 969654567
969654619 969654704
969654803 969654946
969655714 969655724
969656239 969656254
969656439 969656732
969657200 969657205
969657723 969657738
969713798 969714205
969714554 969715392
969716129 969716144
969716163 969716178
969716692 969716707
969721268 969722087
969723393 969729915
969730191 969734023
969734052 969734782
969734837 969734959
969735082 969735390
969735571 969735667
969736313 969736322
969736855 969736870
969738234 969738909
969739403 969739408
969739924 969739939
969742162 969742199
969742210 969742269
969744576 969744736
969745049 969745176
969745191 969745321
969745328 969745365
969745417 969745681
969745752 969745946
969746501 969746506
969747022 969747037
969749229 969749446
969749922 969749926
969750441 969750456
969753943 969754734
969754763 969755362
969756017 969756021
969756536 969756551
969773026 969773907
969773936 969774646
969775577 969775592
969775610 969775625
969776041 969776437
969776895 969776900
969777144 969777662
969778090 969778095
969778479 969779417
969780399 969780405
969780916 969780931
969792860 969793391
969794229 969794234
969794748 969794763
969798791 969799044
969799649 969799654
969800168 969800183
969814638 969814919
969815370 969815375
969815890 969815905
969816629 969816939
969817504 969817508
969818020 969818035
969818096 969818356
969818368 969819893
969819957 969820706
969820769 969821005
969821038 969821926
969821940 969822034
969822044 969822982
969822983 969823144
969823761 969823767
969824283 969824298
969824738 969825327
969825390 969825611
969826116 969826122
969826634 969826649
969827984 969828026
969828039 969828073
969828876 969829215
969829466 969829609
969829662 969829719
969830610 969830615
969831128 969831143
969837054 969837405
969837464 969837559
969838224 969838230
969838743 969838758
969871365 969871469
969871979 969871984
969872496 969872511
969914506 969914721
969914867 969915514
969915567 969915649
969916173 969916178
969916698 969916713
969918418 969918713
969918758 969918896
969919377 969919382
969919896 969919911
969959076 969959338
969959806 969959811
969960320 969960335
970006442 970006576
970006999 970007005
970007519 970007534
970026361 970026498
970026939 970026944
970027457 970027472
970041244 970041569
970042030 970042034
970042545 970042560
970083733 970084949
970084983 970084988
970085500 970085515
970090163 970090611
970091115 970091120
970091632 970091647
970134229 970134487
970134587 970134704
970135087 970135590
970136240 970136244
970136756 970136771
970144851 970145054
970145066 970145363
970146114 970146119
970146630 970146645
970168269 970168404
970168969 970168974
970169493 970169508
970174373 970175589
970176371 970177579
970207191 970207456
970208057 970208072
970208180 970208195
970208710 970208725
970227421 970227774
970228219 970228224
970228737 970228752
970234903 970235210
970235670 970235675
970236215 970236230
970239237 970239868
970239878 970240232
970241372 970241376
970241891 970241906
970245625 970245635
970254557 970271960
970272122 970272220
970281762 970281851
970282142 970282321
970282325 970282414
970282416 970283102
970283802 970283812
970284325 970284340
970284479 970285767
970286403 970286409
970286922 970286937
970306377 970306613
970307155 970307160
970307249 970307368
970307611 970307730
970308165 970308170
970308680 970308695
970327060 970336935
970337092 970337295
970337327 970337500
970337638 970337751
970337880 970338005
970338035 970338268
970338290 970338775
970338796 970339318
970339658 970339874
970339905 970340267
970342155 970368492
970369012 970369022
970369532 970369547
970370066 970370403
970370663 970370747
970371474 970371489
970371595 970371610
970371842 970372283
970372338 970373150
970373809 970373824
970373830 970373845
970374360 970374375
970381123 970382155
970382931 970384131
970384731 970385755
970397243 970397365
970397871 970397877
970398387 970398402
970414153 970414493
970414960 970414966
970415475 970415490
970417444 970417751
970418536 970418541
970419049 970419064
970420095 970420326
970420377 970420589
970421046 970421051
970421560 970421575
970426256 970437607
970438873 970438878
970439390 970439405
970441716 970454683
970454919 970455106
970455107 970455210
970455214 970455254
970455274 970455362
970455384 970455495
970455526 970455597
970455683 970455812
970456737 970456754
970457268 970457283
970463290 970464491
970465025 970465033
970465546 970465561
970480107 970480487
970481407 970481412
970481926 970481941
970492271 970492561
970492612 970492743
970493257 970493264
970493776 970493791
970494278 970494546
970495647 970495662
970496223 970496238
970496240 970496341
970499556 970499778
970500952 970500957
970501471 970501486
970504105 970504228
970504276 970504419
970504451 970504739
970504789 970504880
970504940 970505112
970506290 970506391
970506437 970507469
970507522 970507735
970507754 970508186
970510346 970510482
970510512 970510670
970510679 970510968
970511523 970511584
970511617 970511686
970513283 970513356
970513387 970513546
970513584 970513715
970514337 970514616
970514818 970515630
970517708 970517762
970518208 970518213
970518725 970518740
970519995 970520978
970521030 970521225
970521277 970521367
970521424 970521496
970522327 970522630
970522640 970522990
970523022 970523258
970523291 970523418
970523494 970525015
970525046 970525170
970525462 970534015
970534543 970534549
970535062 970535077
970535934 970536794
970537426 970537431
970537944 970537959
970544009 970551571
970551586 970551866
970551897 970552704
970553611 970553619
970554133 970554148
970565700 970566401
970568111 970568120
970568635 970568650
970586368 970586784
970586834 970587752
970588336 970588341
970588642 970590001
970590069 970590182
970590662 970590668
970590884 970591097
970591521 970591526
970592044 970592059
970592478 970592860
970593448 970593453
970593555 970593725
970593783 970594100
970594131 970594972
970595028 970595190
970595669 970595674
970596193 970596208
970608634 970608867
970610317 970610322
970610349 970628773
970628783 970630439
970630447 970630541
970630547 970630873
970630907 970631128
970631143 970631762
970631893 970631944
970632482 970632489
970633003 970633018
970633653 970634446
970634970 970634978
970635496 970635511
970638048 970638059
970670043 970670291
970671372 970671387
970671621 970671636
970672156 970672171
970692093 970692555
970693803 970693809
970694325 970694340
970696762 970697284
970697305 970713878
970714439 970714444
970714960 970714975
970717693 970718200
970718745 970718750
970719268 970719283
970719487 970719890
970719943 970720402
970720480 970722768
970723293 970723300
970723816 970723831
970724779 970729062
970729124 970729346
970730050 970730056
970730581 970730596
970858723 970888862
970889002 970889355
970889424 970889514
970889972 970889978
970890491 970890506
970901018 970901064
970922772 970925137
970925808 970925813
970926325 970926340
970930815 970931295
970931387 970932102
970932176 970932246
970932366 970932723
970932768 970933969
970934064 970934785
970934938 970939994
970941319 970941546
970941576 970941696
970941727 970941897
970941899 970942153
970942361 970943227
970943278 970943898
970944605 970944609
970945120 970945135
970948537 970949797
970950906 970950912
970951427 970951442
970955273 970956020
970956574 970956578
970957087 970957102
970957212 970957372
970957618 970957738
970958289 970958294
970958803 970958818
971002349 971002791
971003445 971003456
971003963 971003978
971014269 971014910
971014911 971015011
971015032 971015726
971015759 971015841
971015871 971015911
971015941 971016003
971016034 971018764
971018983 971019333
971019484 971019653
971019684 971020217
971020372 971020576
971020608 971020818
971020849 971021252
971021328 971021544
971021621 971022003
971022073 971022272
971022563 971023818
971024639 971024645
971025155 971025170
971030335 971031298
971031845 971031851
971032195 971032422
971032943 971033800
971033845 971034479
971035006 971035013
971035251 971043510
971043963 971043968
971044479 971044494
971046482 971046878
971047238 971047452
971048214 971048219
971048533 971048692
971049186 971050207
971050292 971050356
971050768 971050772
971051281 971051296
971051621 971052156
971052227 971052336
971052835 971052840
971053349 971053364
971053788 971053987
971054223 971054487
971054938 971054943
971055451 971055466
971055978 971056200
971056476 971056810
971057334 971057339
971057848 971057863
971058327 971058703
971058949 971059265
971059701 971059706
971060215 971060230
971060751 971060846
971061103 971061310
971061767 971061776
971062300 971062315
971063407 971063594
971063833 971064086
971065773 971065785
971066294 971066309
971098772 971099362
971099943 971099947
971100514 971100529
971100593 971101760
971101873 971102455
971103081 971103087
971103616 971103631
971104176 971105022
971106212 971106227
971106413 971106428
971106940 971106955
971107748 971108104
971108159 971108234
971108635 971108819
971109512 971109527
971109647 971109662
971110171 971110186
971110808 971110970
971111022 971111463
971111542 971111602
971112211 971112507
971113480 971113495
971113554 971113569
971114078 971114093
971114314 971114541
971114786 971115294
971115336 971115583
971115635 971115734
971116327 971116342
971116459 971116474
971116982 971116997
971117407 971117572
971118762 971118770
971118774 971118900
971118953 971119404
971119414 971119460
971119486 971119597
971119855 971120532
971121055 971121112
971121165 971121328
971121524 971121570
971122238 971122253
971122328 971122343
971122857 971122872
971123406 971123599
971123856 971125371
971125420 971129176
971129893 971129908
971129924 971129939
971130447 971130462
971131655 971132555
971133655 971133670
971133765 971133780
971134295 971134310
971137462 971137818
971138642 971138647
971139157 971139172
971172014 971173106
971173731 971173736
971174250 971174265
971178969 971179725
971179761 971179856
971180707 971180712
971181224 971181239
971181279 971181320
971187555 971188553
971188611 971189331
971189388 971189624
971189870 971190286
971190340 971190442
971190639 971191855
971192615 971192620
971193129 971193144
971193591 971195448
971195501 971195599
971195656 971195899
971195955 971196104
971196776 971196782
971197294 971197309
971201624 971202271
971202293 971202352
971202384 971202639
971202695 971203142
971204489 971204736
971205431 971205437
971205953 971205968
971211837 971211973
971212222 971212306
971213162 971213167
971213679 971213694
971213815 971213912
971214757 971214763
971215273 971215288
971218202 971218644
971223110 971224519
971224532 971224659
971224689 971225172
971225209 971225312
971225768 971229415
971230710 971230716
971231233 971231248
971241004 971241308
971241821 971241826
971242339 971242354
971243005 971243368
971243890 971243896
971244411 971244426
971260575 971260719
971260966 971261529
971261560 971262166
971263183 971263194
971263710 971263725
971271656 971272046
971272796 971272802
971273349 971273364
971280624 971280834
971281380 971281395
971281464 971281479
971281991 971282006
971292267 971292484
971293150 971293156
971293667 971293682
971297508 971298992
971299562 971299567
971300077 971300092
971301007 971306394
971308296 971308306
971308818 971309513
971310878 971310883
971311393 971320311
971351845 971352064
971352670 971352676
971353186 971353201
971361493 971361773
971362033 971362188
971362735 971362740
971363258 971363273
971385635 971385886
971386619 971386624
971387135 971387150
971427298 971427425
971427684 971427945
971428432 971428437
971428946 971428961
971429036 971429164
971429713 971429723
971430237 971430252
971450792 971451241
971451274 971451444
971452028 971452034
971452050 971452249
971452832 971452838
971453044 971453821
971453882 971454085
971454158 971454232
971454710 971454715
971455063 971455281
971455332 971457793
971457825 971457871
971457901 971458913
971458966 971459097
971459754 971459759
971460272 971460287
971462598 971463611
971464210 971464477
971464626 971477544
971477546 971477659
971477691 971477825
971477887 971477959
971477961 971478086
971478094 971478303
971478349 971478387
971478402 971479241
971479514 971480011
971482748 971482899
971482903 971483545
971483598 971483689
971483726 971483828
971483902 971483979
971484433 971484448
971484526 971484541
971485054 971485069
971485546 971486410
971486468 971486825
971487598 971487605
971487811 971487880
971488326 971488503
971489448 971489633
971490226 971490232
971490446 971490672
971491092 971491279
971491939 971491944
971492157 971492367
971492837 971493032
971493675 971493680
971493913 971494323
971495071 971495249
971495821 971495827
971496340 971496355
971496827 971497673
971497723 971497769
971498265 971498271
971498783 971498798
971499168 971500518
971501255 971501260
971501771 971501786
971530759 971531161
971532579 971532709
971532838 971535090
971535123 971538454
971538477 971538958
971538993 971539024
971539151 971539464
971539517 971539589
971540654 971540665
971540772 971541200
971541255 971541901
971541954 971542374
971542433 971542564
971542621 971543780
971545445 971560256
971560331 971560387
971560448 971560589
971560643 971560829
971561368 971561433
971562325 971562486
971562543 971562715
971562770 971562837
971563605 971563745
971563893 971563945
971566488 971571385
971572164 971572489
971572983 971573162
971573700 971573863
971574526 971574843
971576086 971576107
971576237 971576303
971576684 971577046
971577503 971577944
971578339 971578354
971578470 971578485
971578998 971579013
971579015 971579198
971579455 971579707
971580215 971580221
971580736 971580751
971581316 971583601
971583656 971586054
971586061 971586258
971586790 971586795
971587310 971590673
971593253 971593268
971593358 971593373
971593415 971594474
971595519 971595534
971595582 971595597
971596110 971596125
971622066 971637312
