961587438 961587471
961603143 961603270
961619294 961619375
961631918 961632046
961660761 961660890
961689505 961689634
961747113 961747242
961811305 961811378
961833561 961833690
961891102 961891231
961932934 961933015
961959102 961959135
961977934 961978063
962006782 962006911
962035271 962035399
962064143 962064271
962208214 962208343
962254095 962254127
962260422 962260495
962274254 962274287
962282239 962282270
962294310 962294439
962297470 962297543
962347158 962347191
962352102 962352231
962391103 962391134
962525287 962525415
962611422 962611551
962613990 962614023
962634759 962634791
962639934 962640063
962697614 962697743
962699774 962699855
962707806 962707839
962734822 962734855
962741943 962741975
962750382 962750415
962783918 962784047
962786158 962786239
962791503 962791535
962835726 962835807
962841702 962841831
962856958 962856991
962865422 962865503
962870774 962870903
962899382 962899511
962957166 962957295
962960079 962960151
962985775 962985903
963043655 963043783
963094471 963094503
963158829 963158958
963210050 963210129
963215929 963216057
963245001 963245129
963246986 963247017
963266897 963266929
963346706 963346737
963360185 963360314
963377490 963377521
963384106 963384138
963403905 963403937
963417858 963417986
963420666 963420698
963427866 963427897
963433625 963433657
963446738 963446866
963456601 963456633
963571713 963571785
963614650 963614730
963643866 963643937
963648345 963648473
963743313 963743386
963822713 963822744
963829217 963829249
963900592 963900624
963907545 963907672
963982081 963982112
963993945 963994073
964001896 964001928
964009297 964009376
964022833 964022961
964051145 964051273
964074225 964074257
964097585 964097616
964108888 964109016
964119072 964119144
964131697 964131729
964137728 964137856
964166456 964166584
964195280 964195408
964219169 964219200
964253056 964253184
964334932 964334965
964339100 964339228
964713502 964713630
964722406 964722438
964728999 964729079
964771102 964771230
964788142 964788174
964829254 964829383
964837351 964837383
964845846 964845878
964857878 964858006
964865967 964865999
964911185 964911216
964915433 964915561
964952928 964953008
965025233 965025305
965074601 965074632
965082881 965082913
965088021 965088144
965116880 965117008
965153841 965153872
965161337 965161417
965170440 965170472
965174464 965174592
965176881 965176912
965203320 965203442
965206001 965206032
965232193 965232322
965248992 965249024
965261096 965261224
965263889 965263921
965290057 965290185
965292497 965292528
965318369 965318497
965327057 965327089
965335456 965335528
965347217 965347345
965364048 965364080
965370496 965370528
965376096 965376225
965379177 965379209
965385416 965385488
965405145 965405273
965477784 965477856
965550840 965550872
965572897 965572977
965577840 965577968
965606552 965606680
965614745 965614776
965623033 965623065
965635304 965635432
965663976 965664104
965679369 965679449
965701809 965701841
965737417 965737448
965750576 965750704
965760217 965760249
965788369 965788401
965803160 965803192
965808008 965808137
965816521 965816553
965831001 965831032
965836841 965836968
965874314 965874345
965881808 965881840
965894488 965894617
965940865 965940896
965952417 965952545
965981185 965981313
965989992 965990072
966009825 966009953
966012321 966012352
966024992 966025064
966038833 966038960
966067592 966067720
966076312 966076344
966083121 966083152
966104680 966104712
966113193 966113225
966118241 966118321
966125048 966125176
966127608 966127640
966153912 966154040
966169521 966169553
966182864 966182992
966191072 966191144
966211512 966211640
966214432 966214464
966225929 966225961
966240328 966240461
966263712 966263792
966269296 966269424
966297873 966298001
966306569 966306601
966320048 966320128
966326432 966326561
966355617 966355744
966384128 966384257
966386897 966386929
966393721 966393752
966401081 966401112
966406752 966406784
966413121 966413249
966415481 966415513
966420473 966420504
966441633 966441761
966449824 966449856
966457496 966457528
966464729 966464761
966470745 966470873
966473561 966473593
966480160 966480192
966486817 966486848
966499625 966499753
966508872 966508904
966516337 966516368
966521713 966521744
966528209 966528337
966531040 966531072
966536560 966536592
966543537 966543608
966551265 966551297
966556705 966556832
966558776 966558808
966573392 966573465
966581297 966581329
966585840 966585968
966588456 966588488
966594488 966594520
966609129 966609161
966614440 966614568
966617592 966617624
966629297 966629329
966638665 966638696
966643480 966643608
966646392 966646424
966650825 966650856
966659841 966659873
966667162 966667193
966671984 966672112
966674056 966674088
966681736 966681768
966774289 966774321
966782896 966782928
966787217 966787344
966789649 966789681
966804320 966804352
966810321 966810392
966831512 966831544
966845233 966845361
966854161 966854241
966868096 966868128
966873857 966873985
966876569 966876601
966884009 966884041
966912283 966912362
966914226 966914354
966921366 966921490
966928954 966929082
966931235 966931363
966935307 966935435
966940578 966940610
966957794 966957923
966960387 966960515
966963699 966963827
966970938 966971066
966978394 966978522
966986387 966986515
966988803 966988931
966990891 966990923
966992699 966992827
967000274 967000402
967007899 967008029
967014971 967015099
967017707 967017835
967019955 967019987
967021118 967021221
967022899 967023026
967028811 967028941
967035995 967036123
967043419 967043547
967046659 967046787
967050834 967050962
967064586 967064715
967069875 967069907
967072339 967072467
967075355 967075482
967122458 967122585
967133232 967133360
967136992 967137120
967140504 967140536
967145201 967145328
967150225 967150257
967159344 967159472
967161776 967161904
967172578 967172704
967187632 967187760
967190624 967190752
967195545 967195672
967201817 967201946
967205945 967205977
967208889 967209020
967215808 967215936
967219185 967219312
967223705 967223832
967227273 967227305
967230209 967230337
967235313 967235345
967237961 967238088
967245993 967246120
967252049 967252170
967259633 967259761
967263561 967263593
967267161 967267284
967273488 967273616
967281667 967281793
967287729 967287857
967324783 967324911
967331040 967331167
967338872 967339000
967353968 967354095
967359655 967359783
967368144 967368272
967374128 967374256
967379039 967379071
967382096 967382223
967388895 967389023
967396424 967396552
967404127 967404255
967411319 967411447
967414207 967414239
967421360 967421392
967425816 967425944
967432839 967432967
967439048 967439175
967442808 967442889
967446778 967446904
967453120 967453248
967460657 967460783
967468031 967468160
967483072 967483200
967490199 967490327
967497096 967497223
967505304 967505432
967515158 967515261
967515615 967515695
967519199 967519327
967526127 967526256
967531624 967531656
967533376 967533504
967540455 967540583
967547784 967547911
967591112 967591240
967594911 967594943
967610336 967610415
967616128 967616160
967637544 967637575
967661023 967661055
967666992 967667023
967709201 967709329
967766841 967766969
967774794 967774874
967795322 967795449
967818859 967818962
967824098 967824225
967825506 967825577
967834354 967834386
967846721 967846753
967852921 967853049
967854361 967854394
967875018 967875049
967882066 967882193
967932681 967932712
967939609 967939737
967961281 967961313
967968233 967968361
967997289 967997417
968012064 968012144
968020449 968020481
968025625 968025753
968069841 968069872
968099137 968099168
968112201 968112328
968313633 968313761
968342424 968342552
968344688 968344721
968358912 968358944
968371641 968371768
968393456 968393536
968400232 968400361
968421968 968422001
968428873 968429001
968457713 968457841
968458273 968458305
968466833 968466864
968486849 968486977
968487417 968487489
968573001 968573129
968587728 968587801
968611512 968611544
968630673 968630800
968633600 968633680
968654461 968654564
968654985 968655017
968659448 968659576
968717192 968717224
968745616 968745744
968754137 968754208
968774656 968774784
968776481 968776512
968803144 968803272
968827072 968827104
968832257 968832385
968854208 968854240
968860728 968860856
968889672 968889801
968906016 968906048
968918872 968919001
968927761 968927793
968933177 968933256
968947409 968947536
968970585 968970656
968976129 968976257
968992056 968992088
969005025 969005153
969005697 969005729
969013418 969013450
969033505 969033633
969041617 969041648
969070112 969070192
969078617 969078648
969085817 969085849
969091369 969091497
969093537 969093569
969099512 969099544
969143209 969143241
969148785 969148912
969177889 969178016
969179960 969180040
969250145 969250217
969258718 969258749
969264189 969264314
969346029 969346061
969350606 969350733
969351310 969351341
969379646 969379773
969382150 969382221
969403269 969403301
969408326 969408453
969465630 969465757
969494822 969494950
969496390 969496470
969503710 969503743
969510853 969510885
969523582 969523710
969552118 969552246
969552886 969552918
969580718 969580846
969645966 969645997
969667238 969667366
969696343 969696474
969705486 969705565
969734417 969734448
969754072 969754200
969769497 969769529
969814008 969814041
969840032 969840160
969869259 969869385
969877466 969877498
969897682 969897809
969926762 969926889
969951057 969951090
969955234 969955362
969971986 969972017
969992546 969992626
970006489 970006521
970128262 970128391
970129607 970129639
970157294 970157423
970180007 970180080
970185656 970185784
970210056 970210088
970214520 970214648
970243176 970243304
970300975 970301104
970309495 970309528
970317423 970317456
970387571 970387700
970416363 970416492
970461292 970461323
970469179 970469252
970473835 970473964
970502643 970502772
970589910 970589943
970646750 970646879
970648991 970649023
970661654 970661727
970697726 970697759
970704199 970704327
970714150 970714183
970719446 970719479
970733143 970733271
970755286 970755319
970761791 970761919
970785911 970785943
970790335 970790462
970813599 970813631
970819646 970819775
970826806 970826887
970848414 970848543
970905670 970905799
970906302 970906383
970921842 970921874
970985743 970985776
970992143 970992272
971020703 971020832
971029967 971030048
971078396 971078525
971107343 971107473
971114303 971114431
971117903 971118031
971150302 971150431
971153902 971154031
971157502 971157631
971161102 971161231
971164702 971164831
971168303 971168431
971171903 971172031
971175504 971175631
971179102 971179231
971181422 971181455
971189902 971190031
971236702 971236831
971240302 971240431
971251103 971251231
971258302 971258431
971261902 971262032
971269102 971269231
971287102 971287231
971290702 971290831
971297902 971298031
971301502 971301631
971311726 971311807
971377102 971377231
971380703 971380831
971384303 971384431
971387903 971388030
971391502 971391631
971395102 971395231
971395678 971395807
971398702 971398831
971402302 971402431
971409502 971409631
971413103 971413231
971416702 971416831
971420302 971420431
971423902 971424031
971424350 971424479
971427502 971427631
971431102 971431231
971432086 971432167
971434703 971434832
971438303 971438431
971441903 971442030
971449102 971449231
971452702 971452831
971499503 971499631
971503102 971503231
971506702 971506831
971510302 971510431
971513902 971514031
971517502 971517631
971521098 971521232
971524703 971524832
971525455 971525537
971546303 971546431
971549903 971550031
971557102 971557231
971560702 971560831
971564303 971564431
971568646 971568727
971571502 971571631
971575103 971575231
971578702 971578830
971582302 971582431
971589502 971589631
971593102 971593231
971600303 971600431
971603903 971604031
971604583 971604910
971605782 971606111
971607502 971607634
971614702 971614831
