961545615 961556248
961559720 961566220
961573355 961582329
961585019 961589261
961596192 961603580
961605811 961605991
961607878 961615982
961617672 961637584
961641212 961642554
961651627 961655641
961657355 961659252
961661612 961664965
961669268 961683052
961684473 961710485
961712768 961717716
961720002 961724624
961737304 961742464
961745524 961751306
961754202 961757535
961759540 961776192
961778359 961780398
961782387 961787482
961789812 961792779
961794747 961796833
961798388 961798668
961799750 961802482
961827382 961827833
961835601 961837592
961837626 961838456
961840192 961848159
961849593 961858982
961910386 961916431
961917900 961918183
961921393 961945755
961946082 961959590
961995751 962002230
962006244 962008499
962010436 962021236
962023656 962031051
962033276 962040501
962079329 962089204
962090551 962098630
962099958 962101790
962103136 962123515
962218902 962225680
962226136 962231327
962238052 962239286
962241246 962255050
962256815 962276944
962278804 962295468
962302965 962310033
962314608 962316436
962344524 962358195
962360660 962415674
962430175 962434104
962434612 962452435
962453629 962461416
962462801 962464655
962484346 962489148
962491069 962497654
962512296 962532534
962533929 962547085
962549932 962551818
962553883 962562648
962565880 962567968
962572167 962574201
962600905 962608221
962609752 962634145
962641861 962645457
962647169 962651041
962652636 962655104
962661855 962662925
962697963 962706838
962708981 962710712
962712270 962729250
962730436 962743309
962745566 962749301
962752294 962757614
962761222 962767612
962770596 962773640
962778633 962798212
962799695 962801251
962801807 962814208
962816372 962859472
962861391 962881337
962882799 962927081
962933779 962944469
962948181 962953659
962959502 962979866
963006913 963009807
963012920 963014197
963037411 963068872
963201875 963242220
963244299 963245103
963249966 963286102
963299807 963326109
963335750 963352177
963353884 963468215
963478836 963481531
963483671 963494273
963514650 963518101
963527880 963556993
963575140 963592476
963598570 963672450
963694542 963697865
963700818 963717877
963719161 963745933
963747533 963751101
963752286 963758984
963760848 963779423
963785011 963811046
963815495 963829255
963830679 963853723
963870642 963871291
963897626 963901319
963901758 963902480
963908762 963934995
963935945 963951602
963973083 964000429
964001388 964029079
964032622 964033831
964036809 964058096
964060171 964169151
964172581 964201446
964203527 964232507
964233015 964280001
964315151 964318068
964318695 964320331
964321814 964329505
964330255 964343695
964343911 964368822
964373425 964383950
964387835 964412236
964414280 964443357
964444243 964465936
964469181 964474334
964476445 964488875
964489510 964496867
964497784 964497934
964505764 964522248
964524534 964526144
964530930 964596872
964601408 964615349
964618458 964632239
964634737 964723914
964726450 964826081
964829879 964871823
964872417 964883173
964908968 964933211
964934695 964962363
964969304 964977516
964979291 964993780
965043531 965044617
965046108 965055709
965060380 965085309
965098147 965102623
965106489 965125891
965127908 965144305
965146355 965148800
965504788 965508638
965529827 965533752
965541133 965545820
965546074 965553144
965553527 965583892
965584699 965594467
965596365 965601213
965601982 965641827
965645826 965649860
965658742 965666564
965673037 965673312
965675528 965681003
965691494 965694784
965699646 965750745
965753873 965763830
965768076 965770367
965781288 965797299
965797779 965807061
965811674 965830948
965832600 965835264
965836828 965862323
965868363 965874012
965876809 965921245
965923163 965944757
965959324 965965906
965967787 965969427
965971585 965984648
965984827 965991899
965992451 965995644
965997338 966023279
966047120 966048735
966055558 966080606
966082620 966092446
966119231 966136221
966138174 966184914
966194457 966196255
966198259 966216644
966217200 966286874
966305401 966308421
966311909 966365102
966369221 966371341
966388140 966414867
966416641 966437781
966441389 966457137
966460486 966467685
966471228 966490668
966493081 966505527
966507409 966550278
966551748 966554687
966565457 966566556
966568416 966613786
966616104 966637431
966642146 966651541
966657442 966697660
966723378 966727740
966729881 966779966
966782217 966783238
966785151 966800709
966803258 966804650
966812926 966871178
966872466 966889521
966912834 966916658
966920757 966945729
966947490 967054549
967056247 967060107
967061880 967144173
967147000 967200106
967201703 967245873
967247330 967269441
967271201 967272412
967357045 967357522
967361430 967361630
967366781 967367479
967369771 967383791
967385565 967385656
967388167 967390256
967391965 967393793
967414776 967486812
967663096 967665581
967668392 967679994
967704535 967742073
967749348 967759439
967762112 967766523
967771817 967816864
967820168 967827277
967829196 967832904
967834564 967835614
967837483 967845900
967848140 967850707
967853803 967877896
967880357 967885463
967889388 967889497
967891699 967893514
967895471 967895831
967897568 967899016
967903073 967905733
967930478 967931467
967946924 967951149
967953605 967981906
967983752 968004056
968005742 968016905
968020385 968029059
968031954 968032032
968035241 968037555
968042392 968042476
968049156 968057526
968059194 968059518
968062582 968067428
968073269 968076671
968081304 968081514
968088779 968089488
968098510 968099350
968101272 968106400
968123315 968173339
968178685 968188834
968190279 968199849
968200823 968230989
968232954 968267933
968279879 968282906
968286821 968287027
968293822 968312921
968315002 968356337
968356625 968356975
968366905 968369404
968380383 968381188
968383115 968392753
968394475 968398052
968399606 968459018
968463190 968463987
968469840 968489501
968490873 968492382
968495044 968495266
968507607 968508770
968559470 968560658
968564839 968564854
968564990 968566447
968569775 968572468
968576594 968597632
968605094 968607619
968609629 968609944
968613339 968614108
968616456 968624002
968626943 968630179
968632249 968641010
968642871 968644430
968646220 968681205
968686357 968686575
968688760 968690950
968692881 968714403
968719346 968778123
968780608 968786178
968796318 968829116
968832459 968873476
968874869 968874963
968876500 968949287
968950937 968955444
968957054 968959255
968960842 968963872
968965334 968979085
968981134 968990857
968992828 968997887
969004524 969042931
969044519 969050478
969058001 969058572
969060677 969116717
969139130 969144098
969144595 969154548
969171767 969178308
969179808 969206228
969215864 969217264
969220206 969222196
969224615 969226913
969229037 969232391
969237881 969238505
969240547 969240630
969244075 969255364
969258313 969288262
969290995 969295734
969299257 969302501
969308158 969317665
969322761 969329869
969332622 969343665
969345158 969380039
969382579 969383867
969383938 969387522
969389217 969390753
969393044 969424040
969425872 969451903
969455030 969506077
969508725 969517829
969526275 969542699
969544984 969561322
969563467 969563680
969565506 969574474
969576461 969582428
969586001 969630963
969636722 969652528
969658202 969713812
969717809 969721228
969741560 969744589
969747238 969749242
969750734 969753956
969757018 969773038
969781218 969792873
969794909 969798804
969806271 969814652
969816076 969816642
969824554 969824751
969826868 969828889
969831521 969837067
969839325 969871377
969872854 969914518
969917004 969918430
969920035 969959088
969960759 970006454
970007824 970026375
970027693 970041257
970042980 970084305
970085607 970090176
970091735 970093192
970097402 970134243
970137093 970144864
970146859 970168282
970170027 970207203
970208876 970227434
970228894 970234916
970236649 970239251
970242019 970254142
970294911 970306390
970309583 970326186
970375709 970376463
970377488 970379983
970387059 970397256
970398564 970414166
970415821 970417458
970419465 970420108
970421809 970426269
970460478 970463303
970465974 970474722
970489242 970492284
970496463 970497253
970539326 970544022
970554692 970565713
970584625 970586381
970592304 970592491
970596480 970608647
970636027 970670056
970672642 970692106
970694627 970696775
970715552 970717706
970724199 970724791
970731804 970858696
970891547 970900379
970901164 970922784
970926997 970931207
970958958 970965075
970966115 971002362
971004792 971014282
971026186 971030348
971044771 971046496
971068791 971084705
971085391 971098784
971110609 971110821
971114263 971114327
971148838 971172026
971175352 971178585
971181822 971187568
971193550 971193604
971198668 971201637
971231745 971241018
971244991 971259153
971265717 971271669
971283721 971291138
971291952 971292280
971293866 971297521
971321073 971351857
971354464 971361506
971363682 971385649
971387354 971427311
971430972 971450805
971460805 971462611
971502047 971530773
971596522 971622052
