961545615 961556599 10984
961556668 961567227 10559
961576273 961582267 5994
961584505 961592892 8387
961593105 961593947 842
961597857 961610898 13041
961614042 961635194 21152
961657568 961676174 18606
961681424 961692756 11332
961694870 961698017 3147
961699890 961700005 115
961701428 961705166 3738
961739652 961757670 18018
961758839 961759408 569
961760097 961762468 2371
961765420 961766299 879
961767799 961768037 238
961768876 961769168 292
961770098 961770389 291
961770415 961770906 491
961808053 961811510 3457
961813727 961815690 1963
961816081 961822603 6522
961823375 961823463 88
961823688 961826368 2680
961827264 961838826 11562
961839458 961842346 2888
961842984 961842985 1
961843639 961847069 3430
961847816 961849535 1719
961850166 961850397 231
961887913 961894713 6800
961894847 961899583 4736
961901626 961901731 105
961904103 961908774 4671
961910673 961917999 7326
961929810 961935838 6028
961936789 961937008 219
961937061 961937440 379
961937504 961938776 1272
961947076 961947490 414
961948725 961949677 952
961954162 961956777 2615
961958086 962075453 117367
962075595 962076521 926
962079033 962079316 283
962080540 962089288 8748
962093623 962116378 22755
962118349 962118470 121
962119811 962119875 64
962120399 962122735 2336
962123267 962135157 11890
962137431 962146322 8891
962146562 962150482 3920
962150636 962154377 3741
962154840 962158370 3530
962160378 962162937 2559
962163005 962164050 1045
962166876 962177800 10924
962187303 962191112 3809
962192004 962192336 332
962193649 962195985 2336
962198614 962199749 1135
962201087 962202027 940
962203073 962203638 565
962205338 962211214 5876
962211909 962215004 3095
962217533 962223537 6004
962231588 962235171 3583
962251224 962254439 3215
962254788 962255682 894
962256811 962264100 7289
962266918 962280402 13484
962281237 962282792 1555
962283347 962284266 919
962291609 962299281 7672
962304184 962307252 3068
962308779 962315342 6563
962329153 962333150 3997
962334304 962335107 803
962336243 962363372 27129
962366582 962381253 14671
962381822 962382067 245
962383163 962394362 11199
962394402 962394409 7
962394516 962405586 11070
962412915 962417871 4956
962420172 962421605 1433
962421720 962422663 943
962426029 962431789 5760
962457950 962459646 1696
962484633 962485503 870
962509470 962510006 536
962515135 962535885 20750
962537826 962540268 2442
962546096 962546669 573
962548696 962548904 208
962550125 962550163 38
962554098 962555359 1261
962558740 962563280 4540
962563334 962563422 88
962564003 962564910 907
962565464 962567232 1768
962568759 962574299 5540
962574373 962574455 82
962575431 962575713 282
962575930 962576017 87
962577677 962578768 1091
962578857 962578880 23
962581013 962582348 1335
962604338 962622842 18504
962623626 962624047 421
962624809 962625908 1099
962626757 962630392 3635
962633084 962635078 1994
962636174 962636364 190
962637824 962643563 5739
962644366 962644427 61
962644941 962651807 6866
962653899 962657283 3384
962692790 962709494 16704
962710538 962717372 6834
962718383 962726557 8174
962728666 962731234 2568
962731781 962731904 123
962732872 962738348 5476
962738663 962738949 286
962739101 962753025 13924
962773417 962786982 13565
962788610 962799806 11196
962809067 962809567 500
962810326 962812099 1773
962813606 962818100 4494
962820152 962828150 7998
962832236 962832238 2
962832261 962835260 2999
962835422 962842668 7246
962846871 962847205 334
962856735 962889024 32289
962892690 962894593 1903
962897630 962910350 12720
962914183 962926576 12393
962949992 962954886 4894
962955934 962967239 11305
962982135 962987677 5542
962988902 962995245 6343
962996673 962997356 683
963000518 963005720 5202
963005946 963011389 5443
963011470 963011940 470
963034418 963048888 14470
963049561 963052214 2653
963079957 963080017 60
963080075 963080720 645
963081800 963082226 426
963082260 963083332 1072
963083940 963085287 1347
963086293 963087935 1642
963089371 963102682 13311
963105246 963108370 3124
963130693 963132791 2098
963139291 963142837 3546
963149283 963149948 665
963155202 963156638 1436
963157613 963159494 1881
963160390 963161253 863
963163842 963163870 28
963163898 963165139 1241
963168984 963170383 1399
963175213 963184769 9556
963189245 963195653 6408
963206222 963216443 10221
963219293 963226378 7085
963228893 963229675 782
963232467 963232526 59
963233965 963235506 1541
963236714 963237004 290
963238420 963241379 2959
963243980 963247703 3723
963248481 963250434 1953
963255634 963255949 315
963257487 963258562 1075
963261349 963262351 1002
963263014 963268624 5610
963268674 963271539 2865
963276272 963276540 268
963276579 963276583 4
963276599 963286380 9781
963287191 963302281 15090
963305861 963306251 390
963307497 963313143 5646
963315148 963316159 1011
963324299 963327175 2876
963341015 963341513 498
963343238 963349073 5835
963349360 963349431 71
963353604 963361880 8276
963363463 963366144 2681
963366187 963366189 2
963366395 963367645 1250
963367825 963373709 5884
963376790 963384653 7863
963385329 963404072 18743
963408931 963422625 13694
963425450 963459612 34162
963460263 963468440 8177
963485876 963489541 3665
963493355 963493933 578
963516338 963519796 3458
963560668 963565146 4478
963568030 963573231 5201
963579544 963581496 1952
963587499 963587571 72
963594663 963595714 1051
963608140 963609524 1384
963610516 963616522 6006
963617625 963619463 1838
963620656 963629371 8715
963630008 963654528 24520
963684258 963684787 529
963713189 963713224 35
963735972 963744194 8222
963744929 963745215 286
963745886 963747051 1165
963748748 963749115 367
963758567 963759103 536
963761604 963762834 1230
963765865 963767015 1150
963800396 963800721 325
963810232 963813785 3553
963815362 963817281 1919
963819355 963819667 312
963821055 963824376 3321
963825058 963832870 7812
963833494 963837025 3531
963837936 963838768 832
963842775 963842999 224
963845852 963846407 555
963854105 963855191 1086
963857564 963857903 339
963875157 963876675 1518
963877607 963877615 8
963886834 963895186 8352
963897506 963916872 19366
963929062 963929655 593
963933675 963934286 611
963939072 963939281 209
963940366 963940707 341
963941310 963942113 803
963942662 963942850 188
963945075 963945438 363
963955096 963959361 4265
963978154 964003179 25025
964004862 964006121 1259
964007301 964009357 2056
964010954 964013051 2097
964015112 964016737 1625
964017351 964025864 8513
964025964 964028921 2957
964029988 964043823 13835
964044689 964050221 5532
964050742 964051926 1184
964051964 964051966 2
964051982 964083193 31211
964083952 964090518 6566
964091107 964093229 2122
964095645 964114413 18768
964115834 964145214 29380
964147407 964149557 2150
964150417 964152636 2219
964153943 964178661 24718
964181379 964182416 1037
964183609 964187541 3932
964189252 964191648 2396
964192888 964196848 3960
964197037 964197309 272
964203653 964204274 621
964205805 964208720 2915
964210060 964220898 10838
964225684 964259478 33794
964260354 964262672 2318
964264348 964264872 524
964266901 964267003 102
964268944 964268964 20
964313128 964318016 4888
964318957 964321557 2600
964323231 964323989 758
964325017 964329114 4097
964330525 964343136 12611
964401260 964404434 3174
964405223 964408210 2987
964409043 964411171 2128
964411953 964412611 658
964414166 964437100 22934
964440480 964440725 245
964442950 964443159 209
964445470 964446116 646
964448857 964448919 62
964452644 964473856 21212
964477933 964480282 2349
964486806 964488866 2060
964509216 964510415 1199
964512146 964517275 5129
964518411 964530084 11673
964533955 964563815 29860
964565656 964574413 8757
964574965 964583390 8425
964583415 964605413 21998
964607360 964613441 6081
964614103 964620175 6072
964620669 964630146 9477
964631348 964631496 148
964631540 964631543 3
964631564 964631617 53
964634528 964639284 4756
964640820 964654966 14146
964655197 964667607 12410
964668417 964671078 2661
964671969 964673539 1570
964673555 964680805 7250
964681456 964706505 25049
964706997 964710292 3295
964710968 964726657 15689
964728589 964742183 13594
964743463 964758895 15432
964761131 964782334 21203
964786145 964790125 3980
964790835 964791654 819
964792305 964797320 5015
964801347 964801455 108
964801552 964811166 9614
964813152 964815574 2422
964818291 964819469 1178
964819549 964822207 2658
964822247 964831988 9741
964832034 964836134 4100
964836622 964868340 31718
964871791 964875393 3602
964896252 964897248 996
964899836 964906759 6923
964908255 964919851 11596
964920020 964947802 27782
964948894 964955099 6205
964955822 964955888 66
964956660 964959048 2388
964990745 964995066 4321
965007836 965009028 1192
965013385 965021472 8087
965021892 965022299 407
965024050 965025188 1138
965027350 965032455 5105
965034686 965042071 7385
965043089 965044955 1866
965047486 965050155 2669
965052384 965053511 1127
965056583 965058403 1820
965060254 965060905 651
965064004 965070826 6822
965073213 965088393 15180
965088761 965088845 84
965090380 965093345 2965
965103724 965126287 22563
965126883 965129053 2170
965131010 965131535 525
965133977 965136389 2412
965137207 965142265 5058
965143104 965144820 1716
965145790 965148320 2530
965150788 965165927 15139
965166311 965186788 20477
965187406 965217525 30119
965221008 965223623 2615
965226491 965264203 37712
965264583 965271994 7411
965272370 965276346 3976
965280213 965287591 7378
965287920 965306306 18386
965309226 965323416 14190
965325262 965342096 16834
965342483 965371451 28968
965371906 965371961 55
965374122 965387353 13231
965389532 965392052 2520
965393078 965397356 4278
965400579 965401436 857
965402358 965405169 2811
965408657 965415705 7048
965436172 965441427 5255
965452204 965454190 1986
965471115 965473306 2191
965474825 965476601 1776
965477258 965484380 7122
965500613 965511195 10582
965512682 965520281 7599
965520733 965539042 18309
965540543 965547885 7342
965549247 965561063 11816
965565590 965586941 21351
965589275 965601431 12156
965602329 965637589 35260
965640858 965643314 2456
965644440 965649664 5224
965663327 965669911 6584
965671981 965681360 9379
965687514 965687722 208
965690523 965691416 893
965694220 965694838 618
965697493 965698628 1135
965700254 965706291 6037
965706348 965706445 97
965709508 965709689 181
965709856 965715531 5675
965717145 965718404 1259
965721980 965725204 3224
965726127 965728855 2728
965729773 965732212 2439
965734251 965740759 6508
965744856 965746562 1706
965746646 965752948 6302
965754531 965761066 6535
965762101 965770906 8805
965781808 965797453 15645
965797682 965810027 12345
965812412 965822983 10571
965825769 965827041 1272
965829391 965862778 33387
965869674 965874666 4992
965875757 965903882 28125
965906153 965916634 10481
965918489 965918727 238
965920980 965922719 1739
965923553 965948699 25146
965948850 965969863 21013
965971942 965995641 23699
965996688 965996979 291
965997554 965999254 1700
966000758 966000769 11
966002255 966018199 15944
966018839 966019150 311
966020821 966021772 951
966022486 966025395 2909
966028351 966035659 7308
966036660 966045774 9114
966048891 966054789 5898
966055214 966081018 25804
966082451 966086190 3739
966102268 966108421 6153
966109797 966116134 6337
966117249 966120961 3712
966121282 966130195 8913
966131106 966170198 39092
966171589 966172427 838
966172880 966174882 2002
966176642 966207130 30488
966207784 966209346 1562
966211285 966220703 9418
966220908 966255014 34106
966255918 966255997 79
966256586 966264557 7971
966267270 966280755 13485
966284394 966291197 6803
966294915 966295036 121
966296017 966310221 14204
966310933 966340568 29635
966342853 966343374 521
966344913 966348052 3139
966350853 966357517 6664
966358532 966358692 160
966360378 966365785 5407
966369561 966378680 9119
966379646 966403443 23797
966403812 966428268 24456
966429807 966433729 3922
966439211 966443729 4518
966445581 966451655 6074
966454978 966455343 365
966457135 966468071 10936
966470006 966470769 763
966472392 966494225 21833
966495241 966518169 22928
966519980 966531806 11826
966533602 966533678 76
966534923 966541760 6837
966542909 966555358 12449
966556040 966564217 8177
966567028 966576308 9280
966576435 966600463 24028
966605136 966618089 12953
966619319 966630232 10913
966633730 966640364 6634
966640420 966643456 3036
966644057 966651421 7364
966656500 966686555 30055
966687808 966687969 161
966705395 966708067 2672
966708242 966715856 7614
966716570 966717843 1273
966718610 966725430 6820
966725716 966730037 4321
966731275 966772315 41040
966774212 966776127 1915
966776175 966776711 536
966779323 966792749 13426
966793488 966794207 719
966795341 966796677 1336
966801250 966812006 10756
966814085 966815698 1613
966816179 966824245 8066
966824657 966864292 39635
966865933 966879107 13174
966880254 966902505 22251
966903128 966906589 3461
966906781 966946080 39299
966947549 966948063 514
966949344 966961083 11739
966962013 966962024 11
966962063 966962066 3
966962093 966967678 5585
966969606 966971469 1863
966973218 966974574 1356
966977392 966994037 16645
966995186 967001514 6328
967002238 967023288 21050
967025906 967029331 3425
967030518 967032070 1552
967033145 967033910 765
967034912 967040537 5625
967043001 967056675 13674
967063849 967075805 11956
967120817 967128856 8039
967129630 967130809 1179
967131969 967135517 3548
967136702 967143342 6640
967144341 967164305 19964
967166369 967177676 11307
967180901 967187719 6818
967188531 967209397 20866
967212738 967232366 19628
967233946 967246170 12224
967248009 967291629 43620
967323675 967334427 10752
967334634 967335342 708
967336413 967337687 1274
967338621 967383299 44678
967385935 967389444 3509
967395841 967417004 21163
967417191 967417258 67
967418918 967471598 52680
967476197 967476277 80
967478463 967489580 11117
967489965 967490518 553
967491264 967548936 57672
967563170 967568602 5432
967584793 967589273 4480
967589523 967603989 14466
967604075 967645754 41679
967647323 967663714 16391
967665633 967682457 16824
967683474 967731427 47953
967733653 967762205 28552
967764815 967776245 11430
967778385 967789881 11496
967790621 967813325 22704
967815623 967850981 35358
967851867 967898315 46448
967929119 967935609 6490
967936524 967944824 8300
967946309 967962066 15757
967962577 967982293 19716
967988776 967998586 9810
967999123 968024633 25510
968024819 968053722 28903
968059588 968065692 6104
968067164 968075457 8293
968092571 968109193 16622
968109220 968114716 5496
968261889 968264704 2815
968264896 968283300 18404
968286263 968336420 50157
968339382 968351271 11889
968351974 968352769 795
968355500 968362443 6943
968362870 968363866 996
968370887 968375775 4888
968385178 968411247 26069
968411871 968414648 2777
968416615 968423667 7052
968426364 968426372 8
968426453 968431498 5045
968432705 968433716 1011
968435103 968436730 1627
968436964 968450651 13687
968453365 968454442 1077
968456456 968463308 6852
968465518 968467951 2433
968469561 968497707 28146
968500489 968504348 3859
968522021 968530340 8319
968530470 968533724 3254
968549402 968549590 188
968556757 968561107 4350
968561455 968566332 4877
968569252 968569332 80
968571186 968572955 1769
968576181 968581948 5767
968582087 968587822 5735
968589426 968596618 7192
968599389 968601031 1642
968602416 968603791 1375
968604025 968604303 278
968604976 968606315 1339
968607255 968614570 7315
968617898 968634911 17013
968638548 968644632 6084
968646025 968675387 29362
968676835 968679443 2608
968680215 968686803 6588
968688905 968691838 2933
968693321 968694106 785
968694718 968699812 5094
968701111 968713996 12885
968714886 968717159 2273
968718555 968718582 27
968718602 968722061 3459
968722545 968726671 4126
968727598 968755001 27403
968757039 968758187 1148
968759038 968759077 39
968760025 968761776 1751
968762623 968764756 2133
968765758 968766258 500
968767668 968773750 6082
968773778 968789115 15337
968790279 968801463 11184
968801492 968803973 2481
968805946 968814378 8432
968815379 968818538 3159
968819847 968827362 7515
968828563 968835321 6758
968836665 968839697 3032
968840429 968848117 7688
968849702 968849736 34
968850463 968851541 1078
968852512 968856737 4225
968858460 968860709 2249
968862335 968878816 16481
968878834 968878936 102
968879583 968879685 102
968880345 968902181 21836
968903131 968907152 4021
968908344 968908898 554
968910200 968913079 2879
968914368 968917089 2721
968918238 968927975 9737
968928769 968930369 1600
968931621 968936436 4815
968937379 968938063 684
968939017 968950702 11685
968952497 968952832 335
968953452 968960494 7042
968962772 968973466 10694
968973754 968978831 5077
968982139 968982161 22
968984049 968985378 1329
968986076 968987082 1006
968988197 969019228 31031
969020001 969023474 3473
969024570 969027670 3100
969028336 969030884 2548
969031793 969035321 3528
969035858 969045160 9302
969049007 969049366 359
969053691 969057398 3707
969057849 969058050 201
969062862 969065629 2767
969066297 969072230 5933
969072893 969104552 31659
969107599 969110311 2712
969124000 969127625 3625
969129674 969130572 898
969134209 969153218 19009
969176466 969181490 5024
969186444 969188746 2302
969191179 969193167 1988
969212866 969215625 2759
969247966 969255762 7796
969256126 969259442 3316
969261439 969278943 17504
969283397 969292406 9009
969292526 969292958 432
969329654 969332575 2921
969332929 969344002 11073
969345262 969376438 31176
969378542 969408586 30044
969410314 969454970 44656
969457185 969458352 1167
969459355 969493263 33908
969494040 969539217 45177
969543117 969556008 12891
969558326 969562551 4225
969563289 969572105 8816
969575192 969583024 7832
969585309 969589775 4466
969590440 969629084 38644
969633559 969633943 384
969634598 969640419 5821
969640579 969649921 9342
969650741 969654795 4054
969656683 969669753 13070
969670409 969670790 381
969670977 969678172 7195
969681562 969714476 32914
969728476 969729836 1360
969732367 969741375 9008
969747731 969756135 8404
969758482 969760438 1956
969761179 969774240 13061
969777780 969804981 27201
969806467 969810892 4425
969812309 969812529 220
969813670 969816870 3200
969835028 969837284 2256
969839599 969842573 2974
969849919 969854687 4768
969855419 969883544 28125
969885454 969888023 2569
969888750 969889407 657
969890379 969890858 479
969890931 969893143 2212
969895912 969906694 10782
969920141 969924690 4549
969925482 969928071 2589
969931843 969932197 354
969935766 969936274 508
969938509 969939199 690
969940229 969940794 565
969942006 969942985 979
969943909 969944071 162
969944718 969949091 4373
969950405 969952029 1624
969952864 969953796 932
969954543 969958488 3945
969959187 969959285 98
969960008 969960488 480
969962334 969962401 67
969963994 969964326 332
969965152 969974308 9156
969974571 969979534 4963
969985191 970008236 23045
970009763 970010076 313
970013215 970013689 474
970015526 970015977 451
970032596 970035605 3009
970037056 970037530 474
970039388 970048303 8915
970048830 970051677 2847
970052731 970053358 627
970055939 970056524 585
970059229 970059870 641
970060819 970060898 79
970062967 970063311 344
970065516 970065986 470
970079365 970086060 6695
970086238 970095574 9336
970100690 970146630 45940
970150347 970169542 19195
970171022 970188688 17666
970190537 970210119 19582
970211832 970219942 8110
970221002 970227412 6410
970228735 970228789 54
970230445 970236128 5683
970242799 970248863 6064
970277660 970294503 16843
970296010 970319327 23317
970373425 970380296 6871
970386032 970405902 19870
970406244 970408161 1917
970408399 970411305 2906
970412781 970412980 199
970415035 970421813 6778
970450498 970497630 47132
970499394 970507208 7814
970566904 970568389 1485
970569673 970570567 894
970572115 970573242 1127
970573982 970577003 3021
970578192 970581392 3200
970589505 970589946 441
970594964 970598507 3543
970631520 970670607 39087
970675820 970682398 6578
970683027 970683779 752
970683812 970683815 3
970683851 970683917 66
970695724 970758175 62451
970760237 970763211 2974
970763784 970777693 13909
970780178 970787993 7815
970789463 970804460 14997
970808494 970827438 18944
970843369 970848686 5317
970883944 970886837 2893
970887879 970901002 13123
970902319 970923196 20877
970952365 970961689 9324
970970428 970971363 935
970973469 971014194 40725
971015969 971019162 3193
971020528 971031738 11210
971033483 971036166 2683
971070670 971075738 5068
971075897 971096324 20427
971100276 971102892 2616
971106036 971109118 3082
971111591 971118684 7093
971148261 971173374 25113
971174955 971175643 688
971176298 971182120 5822
971183474 971185251 1777
971187089 971187281 192
971187383 971191789 4406
971194285 971195184 899
971234972 971235740 768
971236637 971246743 10106
971249658 971253063 3405
971255079 971259004 3925
971260714 971262216 1502
971263048 971263220 172
971266746 971266808 62
971268432 971269082 650
971271445 971272083 638
971283884 971283997 113
971287005 971287581 576
971287625 971287627 2
971287660 971287891 231
971289096 971291641 2545
971292680 971292688 8
971296535 971298209 1674
971301239 971302308 1069
971306850 971306852 2
971306894 971307042 148
971309223 971310575 1352
971311500 971312176 676
971315503 971315564 61
971316931 971317509 578
971318109 971318174 65
971319030 971319133 103
971319871 971320054 183
971332352 971332658 306
971339358 971339471 113
971347538 971347770 232
971373812 971377540 3728
971379215 971397690 18475
971398339 971400243 1904
971401223 971403461 2238
971405860 971408038 2178
971408697 971411575 2878
971412994 971413194 200
971414006 971414815 809
971415594 971444098 28504
971446579 971455697 9118
971499168 971502100 2932
971502328 971528027 25699
971545826 971549877 4051
971550218 971552944 2726
971555128 971558979 3851
971559000 971562452 3452
971562484 971566122 3638
971568315 971569890 1575
971569933 971580928 10995
971581453 971583338 1885
971589094 971593706 4612
971599454 971601677 2223
971603367 971610678 7311
971612815 971614889 2074
