961574310 961574438
961587438 961587470
961603141 961603270
961619294 961619374
961631918 961632046
961652238 961652270
961680829 961680862
961689509 961689638
961708077 961708110
961747109 961747238
961775925 961776054
961790277 961790310
961852830 961852862
961932934 961933015
961948719 961948847
961959102 961959135
962006782 962006911
962035270 962035399
962093271 962093399
962121502 962121631
962254094 962254127
962260422 962260495
962265534 962265663
962274254 962274287
962282238 962282271
962288679 962288711
962294310 962294439
962347159 962347191
962352102 962352231
962409803 962409932
962438359 962438488
962454223 962454296
962495940 962496069
962611421 962611550
962613989 962614022
962699774 962699854
962726677 962726806
962734821 962734854
962741942 962741974
962755253 962755382
962771262 962771294
962783918 962784046
962786157 962786238
962791509 962791542
962813245 962813374
962828717 962828750
962835725 962835806
962841701 962841830
962856966 962856998
962865429 962865502
962870782 962870910
962899381 962899510
962943333 962943366
962960077 962960150
962979678 962979710
963210045 963210126
963215933 963216062
963233261 963233294
963245006 963245134
963266893 963266926
963273502 963273630
963302373 963302502
963317645 963317678
963346709 963346742
963360181 963360310
963377486 963377518
963384101 963384134
963397333 963397414
963403910 963403942
963417853 963417982
963420661 963420694
963427869 963427902
963433621 963433654
963446733 963446864
963456606 963456638
963491966 963491998
963532845 963532974
963541589 963541622
963590605 963590734
963614646 963614726
963629541 963629574
963643861 963643942
963648341 963648470
963657925 963657958
963705625 963705754
963716041 963716074
963734393 963734522
963743305 963743386
963763159 963763287
963773494 963773567
963785711 963785743
963792503 963792631
963820799 963820927
963837757 963837790
963849998 963850126
963900589 963900622
963922478 963922510
963936221 963936350
963982078 963982110
963993941 963994070
964001893 964001926
964009293 964009374
964022829 964022958
964051142 964051270
964074221 964074254
964108894 964109023
964119070 964119143
964131694 964131727
964137727 964137855
964153550 964153583
964166455 964166583
964195279 964195407
964205447 964205479
964219166 964219199
964224054 964224183
964248855 964248935
964253054 964253183
964334934 964334966
964339101 964339230
964346693 964346726
964367901 964368030
964383454 964383486
964396701 964396830
964399333 964399366
964414453 964414486
964425501 964425630
964442230 964442262
964454302 964454430
964483101 964483230
964491965 964492000
964511902 964512030
964520622 964520654
964535213 964535246
964540701 964540830
964550078 964550150
964556029 964556062
964563469 964563502
964569501 964569630
964579869 964579902
964606365 964606438
964613309 964613342
964622013 964622046
964627101 964627230
964635853 964635886
964650437 964650518
964655902 964656030
964663662 964663694
964670862 964670894
964684701 964684830
964713502 964713630
964722405 964722438
964728998 964729078
964742301 964742430
964771103 964771230
964788141 964788174
964799901 964800030
964815966 964816038
964837346 964837379
964845851 964845883
964857883 964858012
964865963 964865996
964911188 964911220
964915435 964915564
964952923 964953004
964959612 964959644
964972899 964973028
964989020 964989052
965074604 965074636
965082884 965082916
965116883 965117012
965548757 965548886
965550838 965550870
965572901 965572974
965577838 965577966
965606550 965606679
965614743 965614775
965623032 965623063
965635302 965635430
965663983 965664110
965679367 965679447
965693270 965693399
965701807 965701839
965721702 965721830
965737423 965737454
965750574 965750702
965760215 965760246
965788367 965788399
965803167 965803198
965816519 965816551
965825350 965825382
965881806 965881838
965894486 965894614
965923454 965923582
965940862 965940894
965981190 965981319
965989990 965990070
966009822 966009950
966012327 966012359
966048079 966048119
966067590 966067718
966076310 966076342
966083118 966083150
966125046 966125175
966127606 966127638
966153910 966154039
966169519 966169550
966175823 966175854
966182862 966182990
966211510 966211639
966214431 966214462
966225927 966225959
966240326 966240454
966263710 966263791
966269294 966269422
966306566 966306598
966320046 966320126
966326431 966326559
966355614 966355750
966358278 966358359
966378206 966378309
966393718 966393750
966401085 966401118
966406750 966406782
966413118 966413246
966420469 966420502
966429032 966429062
966435045 966435078
966441638 966441766
966443990 966444022
966449821 966449854
966464726 966464758
966473565 966473598
966480158 966480190
966486813 966486846
966494413 966494446
966499621 966499750
966508869 966508902
966516342 966516374
966521710 966521742
966528213 966528342
966531045 966531078
966536558 966536590
966543533 966543606
966566198 966566230
966573390 966573462
966581293 966581326
966585845 966585974
966588454 966588486
966594485 966594518
966602261 966602294
966609126 966609158
966617597 966617630
966629293 966629326
966643485 966643614
966650829 966650862
966659838 966659870
966667165 966667198
966671990 966672118
966674053 966674086
966681733 966681766
966686870 966686902
966695566 966695598
966737437 966737470
966747181 966747214
966752501 966752534
966761533 966761566
966768869 966768902
966774286 966774318
966782893 966782926
966787213 966787342
966789645 966789678
966797638 966797670
966804318 966804350
966816078 966816206
966831509 966831542
966845237 966845366
966854158 966854238
966868094 966868126
966873854 966873982
966876565 966876598
966914221 966914350
966921366 966921494
966928949 966929078
966931237 966931366
966935310 966935438
966940582 966940614
966949318 966949446
966957789 966957919
966960382 966960510
966963693 966963822
966970941 966971070
966974934 966974966
966978390 966978518
966986381 966986510
966988805 966988934
966990886 966990918
966992693 966992822
967000269 967000398
967007893 967008022
967014973 967015102
967017702 967017830
967019958 967019990
967021118 967021221
967022901 967023030
967025533 967025566
967028805 967028934
967035989 967036118
967043413 967043542
967046653 967046782
967050830 967050958
967057765 967057894
967064581 967064710
967069878 967069910
967072333 967072462
967075357 967075486
967078021 967078054
967080229 967080358
967084182 967084214
967086525 967086654
967093285 967093414
967101405 967101534
967104253 967104382
967107597 967107726
967112222 967112254
967115245 967115374
967118733 967118814
967122454 967122582
967130893 967131022
967133229 967133358
967136997 967137126
967140509 967140542
967150221 967150254
967159349 967159478
967161773 967161902
967165918 967166046
967172574 967172702
967179565 967179694
967187630 967187758
967190621 967190750
967195541 967195670
967201821 967201950
967205942 967205974
967208886 967209014
967215805 967215934
967219189 967219318
967223701 967223830
967227270 967227302
967230206 967230334
967235309 967235342
967237958 967238086
967252045 967252174
967259638 967259766
967263558 967263590
967267157 967267286
967374125 967374254
967379038 967379070
967382093 967382222
967388901 967389031
967417501 967417630
967421357 967421390
967425813 967425942
967432838 967432966
967439046 967439174
967442805 967442886
967446774 967446902
967453118 967453246
967460653 967460782
967468030 967468158
967475262 967475390
967483069 967483198
967732464 967732537
967774793 967774873
967795320 967795449
967824097 967824225
967825504 967825577
967854360 967854393
967875010 967875051
967882064 967882193
967961281 967961314
967968232 967968361
967997289 967997417
968012064 968012147
968020449 968020481
968025624 968025753
968054704 968054833
968099136 968099169
968129496 968129529
968134417 968134498
968141152 968141281
968172296 968172329
968192610 968192642
968198473 968198601
968208432 968208465
968227424 968227553
968256272 968256401
968342424 968342553
968344689 968344721
968380664 968380697
968400233 968400361
968421971 968422002
968428872 968429001
968457713 968457841
968458273 968458305
968486849 968486977
968487416 968487489
968587725 968587798
968633605 968633678
968654461 968654564
968654989 968655022
968745613 968745741
968754132 968754213
968774652 968774781
968776477 968776509
968803141 968803269
968804836 968804917
968827068 968827101
968849053 968849085
968854213 968854246
968860726 968860854
968889670 968889798
968906021 968906054
968918870 968918999
968927758 968927791
968947408 968947537
968976120 968976249
969005022 969005151
969005695 969005727
969013416 969013447
969033509 969033638
969070118 969070190
969078621 969078654
969085814 969085846
969091366 969091494
969093541 969093574
969099518 969099550
969143206 969143241
969148780 969148909
969173605 969173637
969177893 969178021
969179964 969180037
969231149 969231181
969250140 969250221
969258717 969258749
969264188 969264317
969280356 969280389
969293037 969293165
969346028 969346061
969350605 969350733
969351308 969351341
969379645 969379773
969403269 969403301
969408324 969408453
969423669 969423701
969432485 969432557
969465628 969465757
969494815 969494943
969496391 969496471
969503710 969503743
969510855 969510887
969552118 969552247
969552879 969552911
969559838 969559871
969580718 969580847
969618695 969618727
969645966 969645999
969667238 969667367
969691046 969691079
969696343 969696471
969705486 969705559
969769496 969769527
969811342 969811471
969814015 969814047
969840030 969840159
969869254 969869383
969877463 969877495
969897679 969897807
969907126 969907159
969926759 969926887
969951054 969951087
969955239 969955367
969963766 969963799
969971982 969972015
969984086 969984215
969992551 969992623
970006486 970006519
970012847 970012975
970014295 970014327
970023270 970023303
970049294 970049327
970070342 970070471
970099654 970099782
970128261 970128390
970129605 970129638
970157293 970157422
970180006 970180079
970185654 970185783
970210054 970210087
970214519 970214647
970243175 970243307
970251086 970251167
970300974 970301103
970317422 970317455
970325511 970325543
970387573 970387702
970411686 970411718
970416366 970416494
970423965 970423998
970461294 970461326
970469173 970469254
970473838 970473966
970560293 970560422
970561038 970561070
970606078 970606110
970646750 970646878
970648990 970649022
970661653 970661734
970675645 970675774
970733142 970733270
970755295 970755330
970761789 970761918
970778717 970778798
970785910 970785942
970790333 970790462
970813597 970813630
970819646 970819774
970826813 970826886
970843390 970843422
970848413 970848542
970905669 970905798
970906302 970906382
970921838 970921870
970963222 970963350
970972286 970972318
970985741 970985774
970992141 970992270
971029965 971030046
971078399 971078527
971110698 971110827
971150301 971150430
971153902 971154030
971157501 971157630
971161102 971161230
971164701 971164830
971168301 971168430
971171901 971172030
971175501 971175630
971182700 971182829
971200700 971200829
971233101 971233230
971236701 971236830
971240301 971240430
971247501 971247630
971251102 971251230
971254701 971254830
971258302 971258430
971269101 971269230
971287101 971287230
971290701 971290830
971323102 971323230
971326701 971326830
971330301 971330430
971333901 971334030
971337501 971337630
971341102 971341230
971344701 971344830
971351901 971352030
971355502 971355630
971359101 971359230
971366301 971366430
971368766 971368846
971369901 971370030
971373502 971373631
971377101 971377231
971380702 971380830
971384301 971384430
971387902 971388030
971391501 971391630
971395101 971395230
971398701 971398830
971402301 971402430
971405902 971406030
971409501 971409631
971413102 971413230
971416701 971416830
971420302 971420430
971423901 971424030
971431101 971431230
971432086 971432166
971434702 971434830
971438302 971438430
971441901 971442030
971445502 971445630
971449101 971449230
971503105 971503233
971506704 971506833
971510305 971510433
971513905 971514033
971517504 971517633
971521101 971521230
971524701 971524830
971525461 971525534
971528302 971593269
971596701 971596829
971597380 971597717
971598581 971598917
971600300 971600429
971603901 971604029
971604580 971604917
971605780 971606117
971607500 971607629
971611100 971611229
971614700 971614829
971618300 971618429
971621901 971622029
