900000041 900008905
900012522 900017235
900024258 900026298
900028065 900034878
900036856 900038578
900040926 900096128
900096437 900125665
900125842 900215845
900216004 900230690
900234451 900549004
900567964 900582544
900583432 900651188
900663538 900742074
900748115 900820880
900820964 900827104
900827188 900829983
900830068 900831892
900835978 900888206
900895818 900897546
900903948 901078363
901078954 901147801
901174818 901283366
901285618 901333983
901367976 901423626
901423772 901431895
901432054 901436810
901441148 901513071
901514857 901519315
901520878 901522915
901539759 901546946
901548880 901690786
901690927 901757211
901782358 902007306
902009288 902027106
902037773 902091296
902099595 902103191
902104868 902116606
902123380 902324613
902331547 902333895
902335730 902359809
902389062 902395035
902396298 902477690
902477882 902511083
902512867 902646586
902650391 902816628
902822413 902934754
902944574 902966690
902990640 903062783
903075953 903083716
903098362 903146119
903146210 903215214
903215298 903251256
903253506 903470277
903474197 903496169
903497242 903498361
903506430 903526846
903528790 903530366
903531202 903567906
903590688 903596960
903597040 903619804
903622474 903751064
903752928 903758706
903759354 903803888
903805728 903855904
903859254 904176306
904200398 904203363
904206151 904272720
904288905 904356343
904390572 904426368
904428247 904461175
904464968 904466475
904471333 904724236
904724721 904763163
