935798415 935880144
935884367 935884619
935888975 935889435
935892025 935892446
935896332 935898189
935907216 935907876
935914428 935915132
935918542 935920668
935920679 935933399
935933921 935934221
935934324 935934510
935942533 935944768
935944789 935944954
935955750 935956050
935956072 935956305
935958966 935973280
935973322 935976391
935976979 935979412
935980125 935980202
935980368 935980468
935980994 935981123
935981142 935981421
935982626 935983264
935983272 935983460
935986563 935986899
935999332 936027121
936030704 936030860
936032075 936032207
936032991 936033607
936033627 936035662
936036537 936037422
936037935 936038241
936039480 936039611
936039814 936115580
936115600 936115773
936116151 936116310
936116740 936117899
936126913 936127140
936127152 936127517
936127625 936128096
936128454 936128801
936128861 936129000
936135107 936135298
936137012 936137252
936137356 936137466
936139049 936139181
936139207 936139400
936143052 936143185
936143291 936143396
936144054 936155597
936155858 936156162
936156944 936157035
936157153 936158725
936163365 936166400
936166822 936168350
936168622 936170682
936214822 936218842
936219122 936219804
936220007 936220164
936228637 936229833
936252940 936352720
936352736 936379786
936385905 936389798
936398895 936399001
936401300 936406954
936407256 936407681
936407956 936408063
936408158 936408579
936409271 936409400
936413320 936413732
936414483 936415062
936425148 936456400
936456416 936457006
936460645 936461029
936461211 936461382
936461861 936466544
936466650 936467893
936467902 936468003
936468744 936468894
936468904 936469148
936469729 936469928
936469993 936470408
936471593 936471780
936472866 936473774
936475173 936475291
936476038 936476404
936476773 936476924
936477244 936477605
936477850 936478031
936478763 936689933
936690076 936690310
936690609 936691149
936691253 936691355
936691447 936691670
936691770 936692166
936692479 936692714
936693030 936693439
936694714 936694953
936695043 936695306
936695403 936695544
936720999 936723320
936723336 936723468
936723498 936724261
936725051 936725352
936728241 936752193
936753730 936754302
936754946 936755080
936755268 936755628
936755784 936756005
936756167 936756645
936756783 936757003
936759456 936759457
936759463 936759464
936759468 936759469
936759915 936759916
936760077 936760078
936760227 936760228
936760253 936760254
936760303 936760319
936760321 936760384
936760386 936760449
936760451 936760514
936760516 936760579
936760581 936760644
936760646 936760709
936760711 936760774
936760776 936760839
936760841 936760904
936760906 936760969
936760971 936761034
936761036 936761099
936761101 936761164
936761166 936761229
936761231 936761294
936761296 936761359
936761361 936761424
936761426 936761489
936761491 936761554
936761556 936761619
936761621 936761684
936761686 936761749
936761751 936762174
936762294 936762882
936763504 936763662
936764357 936803863
936805437 936845139
936845833 936846093
936847560 936847733
936849341 936850461
936851608 936851663
936851665 936851728
936851730 936851793
936851795 936851858
936851860 936851923
936851925 936851988
936851990 936852053
936852055 936852118
936852120 936852183
936852185 936852248
936852250 936852313
936852315 936852378
936852380 936852443
936852445 936852508
936852510 936852573
936852575 936852638
936852640 936852703
936852705 936852768
936852770 936852833
936852835 936852898
936852900 936852963
936852965 936853028
936853030 936853093
936853095 936853158
936853160 936853223
936853225 936853288
936853290 936853353
936853355 936853418
936853420 936853483
936853485 936853548
936853550 936853613
936853615 936853678
936853680 936858108
936859372 936863114
936863137 936863242
936864552 936864877
936864887 936864972
936866257 936889273
936891261 936892590
936894974 936895592
936897644 936897783
936900010 936900233
936900413 936900476
936902625 936903481
936904154 936904287
936905941 936906096
936915213 936915558
936916446 936916477
936916479 936916542
936916544 936916607
936916609 936916672
936916674 936916737
936916739 936916802
936916804 936916867
936916869 936916932
936916934 936916997
936916999 936917062
936917064 936917127
936917129 936917192
936917194 936917257
936917259 936917322
936917324 936917387
936917389 936917452
936917454 936917517
936917519 936917582
936917584 936917647
936917649 936917712
936917714 936917777
936917779 936917842
936917844 936917907
936917909 936917972
936917974 936918037
936918039 936918102
936918104 936918167
936918169 936918232
936918234 936918297
936918299 936918362
936918364 936918427
936918429 936918492
936918494 936918557
936918559 936918622
936918624 936918687
936918689 936918752
936918754 936918817
936918819 936918882
936918884 936918947
936918949 936919012
936919014 936919077
936919079 936919142
936919144 936919207
936919209 936919272
936919274 936919337
936919339 936919402
936919404 936919467
936919469 936919532
936919534 936919597
936919599 936919662
936919664 936919727
936919729 936919792
936919794 936919857
936919859 936919922
936919924 936919987
936919989 936920052
936920054 936920117
936920119 936920182
936920184 936920247
936920249 936920312
936920314 936920377
936920379 936920442
936920444 936920507
936920509 936920572
936920574 936920637
936920639 936920702
936920704 936920767
936920769 936920832
936920834 936920897
936920899 936920962
936920964 936921027
936921029 936921092
936921094 936921157
936921159 936921222
936921224 936921287
936921289 936921352
936921354 936921417
936921419 936921482
936921484 936921547
936921549 936921612
936921614 936921677
936921679 936921742
936921744 936921807
936921809 936921872
936921874 936921937
936921939 936922002
936922004 936922067
936922069 936922132
936922134 936922197
936922199 936922262
936922264 936922327
936922329 936922392
936922394 936922457
936922459 936922522
936922524 936922587
936922589 936922652
936922654 936922819
936923186 936923236
936923238 936923301
936923303 936923366
936923368 936923431
936923433 936923496
936923498 936923561
936923563 936923626
936923628 936923691
936923693 936923756
936923758 936923821
936923823 936923886
936923888 936923951
936923953 936924016
936924018 936924081
936924083 936924146
936924148 936924211
936924213 936924276
936924278 936924341
936924343 936924406
936924408 936924471
936924473 936924536
936924538 936924601
936924603 936924737
936924860 936924992
936925489 936925510
936925512 936925575
936925577 936925640
936925642 936925705
936925707 936925770
936925772 936925835
936925837 936925900
936925902 936925965
936925967 936926030
936926032 936926095
936926097 936926160
936926162 936926225
936926227 936926290
936926292 936926440
936927003 936927004
936927006 936927069
936927071 936927134
936927136 936927199
936927201 936927264
936927266 936927329
936927331 936927394
936927396 936927459
936927461 936927524
936927526 936927589
936927591 936927654
936927656 936927719
936927721 936927747
936928323 936928329
936929588 936929721
936933353 936933416
936933418 936933481
936933483 936933546
936933548 936933611
936933613 936933676
936933678 936933741
936933743 936933806
936933808 936933871
936933873 936933936
936933938 936934001
936934003 936934066
936934068 936934131
936934133 936934196
936934198 936934261
936934263 936934326
936934328 936934391
936934393 936934456
936934458 936934521
936934523 936934586
936934588 936934651
936934653 936934716
936934718 936934781
936934783 936934846
936934848 936934911
936934913 936934976
936934978 936935041
936935043 936935106
936935108 936935171
936935173 936935236
936935238 936935301
936935303 936935366
936935368 936935431
936935433 936935496
936935498 936935561
936935563 936935626
936935628 936935691
936935693 936935756
936935758 936935821
936935823 936935886
936935888 936935951
936935953 936936016
936936018 936936081
936936083 936936146
936936148 936936211
936936213 936936276
936936278 936936341
936936343 936936406
936936408 936936471
936936473 936936536
936936538 936936601
936936603 936936666
936936668 936936731
936936733 936936796
936936798 936936861
936936863 936936926
936936928 936936991
936936993 936937056
936937058 936937121
936937123 936937186
936937188 936937251
936937253 936937316
936937318 936937381
936937383 936937446
936937448 936937511
936937513 936937576
936937578 936937641
936937643 936937706
936937708 936937771
936937773 936937836
936937838 936937901
936937903 936938064
936938428 936938485
936938487 936938550
936938552 936938615
936938617 936938680
936938682 936938745
936938747 936938810
936938812 936938875
936938877 936938940
936938942 936939005
936939007 936939070
936939072 936939135
936939137 936939200
936939202 936939265
936939267 936939330
936939332 936939395
936939397 936939460
936939462 936939525
936939527 936939590
936939592 936939655
936939657 936939720
936939722 936939785
936939787 936939850
936939852 936939915
936939917 936939980
936939982 936940045
936940047 936940110
936940112 936940175
936940177 936940240
936940242 936940305
936940307 936940370
936940372 936940435
936940437 936940500
936940502 936940565
936940567 936940630
936940632 936940695
936940697 936940760
936940762 936940825
936940827 936940890
936940892 936940955
936940957 936941020
936941022 936941085
936941087 936941150
936941152 936941215
936941217 936941280
936941282 936941345
936941347 936941410
936941412 936941475
936941477 936941540
936941542 936941605
936941607 936941670
936941672 936941735
936941737 936941800
936941802 936941865
936941867 936941930
936941932 936941995
936941997 936942060
936942062 936942125
936942127 936942190
936942192 936942255
936942257 936942320
936942322 936942385
936942387 936942450
936942452 936942515
936942517 936942580
936942582 936942645
936942647 936942710
936942712 936942775
936942777 936942840
936942842 936942905
936942907 936942970
936942972 936943035
936943037 936943100
936943102 936943165
936943167 936943230
936943232 936943295
936943297 936943360
936943362 936943425
936943427 936943490
936943492 936943555
936943557 936943620
936943622 936943685
936943687 936943750
936943752 936943815
936943817 936943880
936943882 936943945
936943947 936944010
936944012 936944075
936944077 936944140
936944142 936944205
936944207 936944270
936944272 936944335
936944337 936944400
936944402 936944465
936944467 936944530
936944532 936944595
936944597 936944660
936944662 936944725
936944727 936944790
936944792 936944855
936944857 936944920
936944922 936944985
936944987 936945050
936945052 936945115
936945117 936945180
936945182 936945245
936945247 936945310
936945312 936945375
936945377 936945440
936945442 936945505
936945507 936945570
936945572 936945635
936945637 936945700
936945702 936945765
936945767 936945830
936945832 936945895
936945897 936945960
936945962 936946025
936946027 936946090
936946092 936946155
936946157 936946220
936946222 936946285
936946287 936946350
936946352 936946415
936946417 936946480
936946482 936946545
936946547 936946610
936946612 936946675
936946677 936946740
936946742 936946805
936946807 936946870
936946872 936946935
936946937 936947000
936947002 936947065
936947067 936947130
936947132 936947195
936947197 936947260
936947262 936947325
936947327 936947390
936947392 936947455
936947457 936947520
936947522 936947585
936947587 936947650
936947652 936947715
936947717 936947780
936947782 936947845
936947847 936947910
936947912 936947975
936947977 936948040
936948042 936948105
936948107 936948170
936948172 936948235
936948237 936948300
936948302 936948365
936948367 936948430
936948432 936948495
936948497 936948560
936948562 936948625
936948627 936948690
936948692 936948832
936949191 936949209
936949211 936949274
936949276 936949339
936949341 936949404
936949406 936949469
936949471 936949534
936949536 936949599
936949601 936949664
936949666 936949729
936949731 936949794
936949796 936949859
936949861 936949924
936949926 936949989
936949991 936950054
936950056 936950119
936950121 936950184
936950186 936950249
936950251 936950314
936950316 936950379
936950381 936950444
936950446 936950509
936950511 936950574
936950576 936950639
936950641 936950704
936950706 936950769
936950771 936950834
936950836 936950899
936950901 936950964
936950966 936951029
936951031 936951094
936951096 936951159
936951161 936951224
936951226 936951289
936951291 936951354
936951356 936951419
936951421 936951484
936951486 936951549
936951551 936951614
936951616 936951679
936951681 936951744
936951746 936951809
936951811 936951874
936951876 936951939
936951941 936952004
936952006 936952069
936952071 936952134
936952136 936952199
936952201 936952264
936952266 936952329
936952331 936952394
936952396 936952459
936952461 936952524
936952526 936952589
936952591 936952654
936952656 936952719
936952721 936952784
936952786 936952849
936952851 936952914
936952916 936952979
936952981 936953044
936953046 936953109
936953111 936953174
936953176 936953239
936953241 936953304
936953306 936953369
936953371 936953434
936953436 936953499
936953501 936953564
936953566 936953629
936953631 936953694
936953696 936953759
936953761 936953824
936953826 936953889
936953891 936953954
936953956 936954019
936954021 936954084
936954086 936954149
936954151 936954214
936954216 936954279
936954281 936954344
936954346 936954409
936954411 936954474
936954476 936954539
936954541 936954604
936954606 936954669
936954671 936954734
936954736 936954799
936954801 936954864
936954866 936954929
936954931 936954994
936954996 936955059
936955061 936955124
936955126 936955189
936955191 936955254
936955256 936955319
936955321 936955384
936955386 936955449
936955451 936955514
936955516 936955579
936955581 936955644
936955646 936955709
936955711 936955774
936955776 936955839
936955841 936955904
936955906 936955969
936955971 936956034
936956036 936956099
936956101 936956164
936956166 936956229
936956231 936956294
936956296 936956359
936956361 936956424
936956426 936956489
936956491 936956554
936956556 936956619
936956621 936956684
936956686 936956749
936956751 936956814
936956816 936956879
936956881 936956944
936956946 936957009
936957011 936957074
936957076 936957139
936957141 936957204
936957206 936957269
936957271 936957334
936957336 936957399
936957401 936957464
936957466 936957529
936957531 936957594
936957596 936957659
936957661 936957724
936957726 936957789
936957791 936957854
936957856 936957919
936957921 936957984
936957986 936958049
936958051 936958114
936958116 936958179
936958181 936958244
936958246 936958309
936958311 936958374
936958376 936958439
936958441 936958504
936958506 936958569
936958571 936958634
936958636 936958699
936958701 936958764
936958766 936958829
936958831 936958894
936958896 936958959
936958961 936959024
936959026 936959089
936959091 936959154
936959156 936959219
936959221 936959284
936959286 936959349
936959351 936959414
936959416 936959479
936959481 936959544
936959546 936959609
936959611 936959674
936959676 936959739
936959741 936959804
936959806 936959869
936959871 936959934
936959936 936959999
936960001 936960064
936960066 936960129
936960131 936960194
936960196 936960259
936960261 936960324
936960326 936960389
936960391 936960454
936960456 936960519
936960521 936960584
936960586 936960649
936960651 936960714
936960716 936960779
936960781 936960844
936960846 936960909
936960911 936960974
936960976 936961039
936961041 936961104
936961106 936961169
936961171 936961234
936961236 936961299
936961301 936961364
936961366 936961429
936961431 936961494
936961496 936961559
936961561 936961624
936961626 936961689
936961691 936961754
936961756 936961819
936961821 936961884
936961886 936961949
936961951 936962014
936962016 936962079
936962081 936962144
936962146 936962209
936962211 936962274
936962276 936962339
936962341 936962404
936962406 936962469
936962471 936962534
936962536 936962599
936962601 936962664
936962666 936962729
936962731 936962794
936962796 936962859
936962861 936962924
936962926 936962989
936962991 936963054
936963056 936963119
936963121 936963184
936963186 936963249
936963251 936963314
936963316 936963379
936963381 936963444
936963446 936963509
936963511 936963574
936963576 936963639
936963641 936963704
936963706 936963769
936963771 936963834
936963836 936963899
936963901 936963964
936963966 936964029
936964031 936964094
936964096 936964159
936964161 936964224
936964226 936964289
936964291 936964354
936964356 936964419
936964421 936964484
936964486 936964549
936964551 936964614
936964616 936964679
936964681 936964744
936964746 936964809
936964811 936964874
936964876 936964939
936964941 936965004
936965006 936965069
936965071 936965134
936965136 936965199
936965201 936965264
936965266 936965329
936965331 936965394
936965396 936965459
936965461 936965524
936965526 936965589
936965591 936965654
936965656 936965719
936965721 936965784
936965786 936965849
936965851 936965914
936965916 936965979
936965981 936966044
936966046 936966109
936966111 936966174
936966176 936966239
936966241 936966304
936966306 936966369
936966371 936966434
936966436 936966499
936966501 936966564
936966566 936966629
936966631 936966694
936966696 936966759
936966761 936966824
936966826 936966889
936966891 936966954
936966956 936967019
936967021 936967084
936967086 936967149
936967151 936967214
936967216 936967279
936967281 936967344
936967346 936967409
936967411 936967474
936967476 936967539
936967541 936967604
936967606 936967669
936967671 936967734
936967736 936967799
936967801 936967864
936967866 936967929
936967931 936967994
936967996 936968059
936968061 936968124
936968126 936968189
936968191 936968254
936968256 936968319
936968321 936968384
936968386 936968449
936968451 936968514
936968516 936968579
936968581 936968644
936968646 936968709
936968711 936968774
936968776 936968839
936968841 936968904
936968906 936968969
936968971 936969034
936969036 936969099
936969101 936969164
936969166 936969229
936969231 936969294
936969296 936969359
936969361 936969424
936969426 936969489
936969491 936969554
936969556 936969619
936969621 936969684
936969686 936969749
936969751 936969814
936969816 936969879
936969881 936969944
936969946 936970009
936970011 936970074
936970076 936970139
936970141 936970204
936970206 936970269
936970271 936970334
936970336 936970399
936970401 936970464
936970466 936970529
936970531 936970594
936970596 936970659
936970661 936970724
936970726 936970789
936970791 936970854
936970856 936970919
936970921 936970984
936970986 936971049
936971051 936971114
936971116 936971179
936971181 936971244
936971246 936971309
936971311 936971374
936971376 936971439
936971441 936971504
936971506 936971569
936971571 936971634
936971636 936971699
936971701 936971764
936971766 936971829
936971831 936971894
936971896 936971959
936971961 936972024
936972026 936972041
936972042 936972043
936972044 936972089
936972091 936972154
936972156 936972219
936972221 936972284
936972286 936972349
936972351 936972414
936972416 936972479
936972481 936972544
936972546 936972609
936972611 936972674
936972676 936972739
936972741 936972804
936972806 936972869
936972871 936972934
936972936 936972999
936973001 936973064
936973066 936973129
936973131 936973194
936973196 936973259
936973261 936973324
936973326 936973389
936973391 936973611
936973897 936976807
936991415 936991655
937246102 937246103
937246104 937246105
937251632 937251633
937251639 937251640
937251642 937251643
937251644 937251645
937251649 937251650
937251657 937251658
937251670 937251671
937251680 937251682
937251752 937251753
937251757 937251758
937252103 937252104
937252266 937252267
937252313 937252314
937252575 937252576
937252589 937252591
937252688 937252689
937252733 937252734
937334735 937334736
937334976 937334977
937335188 937335189
937335209 937335210
937335215 937335216
937335222 937335223
937335226 937335227
937335233 937335234
937335237 937335238
937335243 937335244
937335247 937335248
937335253 937335254
937335256 937335257
937335262 937335263
937335266 937335267
937335272 937335273
937335276 937335277
937335282 937335283
937335286 937335287
937335292 937335293
937335296 937335297
937335300 937335301
937335327 937335328
937335440 937335441
937335640 937335641
937335669 937335670
937335724 937335725
937335728 937335729
937335732 937335733
937339625 937339627
937339828 937339830
937339946 937339948
937340004 937340006
937341796 937341797
937344761 937344762
937344784 937344785
937344791 937344792
937344799 937344800
937344811 937344812
937344824 937344825
937344842 937344843
937344858 937344859
937344885 937344886
937344911 937344912
937346656 937346657
937346666 937346667
937346670 937346671
937346674 937346675
937346683 937346684
937346688 937346689
937346983 937346984
937855400 937855687
937861135 937861328
937861352 937861867
937862830 937863258
937863281 937863494
937863519 937863698
937863795 937864013
937864371 937864506
937864610 937864910
937865303 937865480
937865967 937866302
937866420 937868532
937873316 937873495
937874237 937874344
937874954 937875681
937876496 937876714
937876844 937877004
937877707 937877710
937877715 937877718
937877721 937877725
937877727 937877729
937877731 937877733
937891316 937891320
937891366 937891368
937891388 937891390
937893757 937893993
937894016 937894544
937894640 937894917
937894941 937895057
937895807 937895809
937895834 937895838
937895840 937895842
937895846 937895848
937895851 937895859
937899145 937899148
937899166 937899167
937899168 937899170
937899250 937899256
937902828 937902830
937913088 937914398
937915220 937915223
937915227 937915230
937915236 937915379
937916019 937916214
937917553 937917556
937917754 937917963
937918587 937918739
937919871 937920113
937927044 937927201
937927223 937928086
937928158 937928253
937940700 937940872
937940898 937941050
937941127 937941185
937943316 937943543
937943569 937943662
937943964 937944118
937944119 937944685
937944794 937944988
937945010 937945160
937945681 937946069
937946088 937946335
937946977 937946980
937946984 937947093
937947844 937947956
937947978 937948175
937948199 937948361
937948371 937948718
937948730 937948912
937948920 937949430
937949437 937949663
937950456 937950458
937950479 937950603
937950619 937950775
937951716 937952101
937952733 937952735
937952740 937952743
937952758 937952760
937952761 937952763
937952764 937952767
937952768 937952775
937952950 937954436
937954983 937955526
937956196 937956463
937956581 937956873
937958146 937958469
937958880 937960664
937964304 937964307
937964313 937964557
937965212 937965215
937965231 937965237
937965239 937965246
937965522 937966773
937966852 937966992
937967022 937967543
937968153 937968438
937968550 937968742
937969395 937969502
937969636 937969831
937970462 937970702
937970820 937971067
937971655 937971817
937972389 937972643
937973228 937973384
937973496 937973688
937974275 937974386
937975020 937975234
937975825 937975935
937976068 937976228
937976835 937977359
937978544 937979566
937980157 937980272
937981505 937981652
937981780 937982125
937982143 937982271
937982957 937983323
937984232 937984235
937984246 937984547
937985133 937985359
937985976 937986177
937987720 937988325
937988428 937988531
937988748 937989074
937989322 937989607
937989841 937990622
937991659 937992258
937992432 937992539
937992915 937995133
937995772 937995934
937996730 937996845
937997532 937997675
937997755 937997967
937997987 937998137
938000353 938003143
938008892 938009471
938010233 938010235
938010245 938010248
938010249 938010251
938010256 938010444
938011103 938011105
938011117 938011120
938011122 938011125
938011256 938011399
938012176 938012179
938012186 938012190
938019103 938019329
938021058 938021061
938030740 938031282
938031776 938032173
938046553 938047753
938048418 938048421
938051844 938051997
938052243 938052475
938052498 938052817
938053166 938055611
938055899 938056013
938056732 938057940
938057965 938058369
938058386 938059403
938064703 938065256
938065461 938065671
938096700 938098182
938099069 938099173
938099199 938099653
938106875 938107590
938108754 938108884
938108911 938109059
938110157 938110159
938110160 938110162
938111310 938112584
938114329 938114333
938124775 938149424
938150264 938150366
938154703 938154706
938158188 938158190
938158191 938159458
938159503 938159621
938159644 938160602
938161765 938161771
938161777 938161781
938161987 938161996
938162087 938163891
938163902 938164071
938164165 938164280
938164884 938165055
938165079 938165202
938165227 938165448
938165471 938166735
938167039 938167147
938182472 938182474
938182485 938182487
938185966 938185968
938186425 938187947
938187968 938188287
938188353 938191470
938191501 938191650
938191839 938192195
938192202 938192253
938192411 938192691
938193076 938193831
938197306 938197640
938198815 938201856
938201872 938202019
938202385 938202520
938206873 938209956
938210102 938210200
938210430 938210599
938211431 938211650
938212313 938216091
938216151 938218122
938218377 938218492
938222429 938222756
938223443 938223445
938223449 938223451
938223452 938223455
938226123 938226921
938227347 938227538
938227565 938228222
938228255 938228394
938228415 938228533
938228747 938229358
938229432 938229726
938230846 938230849
938230876 938230882
938230884 938230887
938230889 938230892
938247352 938247354
938252782 938252951
938259313 938259316
938259319 938259322
938259328 938259724
938260472 938260475
938260488 938260604
938260627 938260725
938261478 938261480
938261516 938261519
938261581 938261734
938261758 938261940
938263596 938263979
938264658 938264662
938264666 938265331
938265359 938265455
938265477 938265901
938273402 938273404
938273606 938273607
938273778 938273779
938273816 938273817
938277738 938283348
938285977 938291856
938291872 938292672
938292688 938298012
938298034 938298346
938298387 938298669
938299780 938300937
938300967 938301143
938301171 938301713
938301723 938302306
938302850 938302974
938303835 938304131
938304162 938304325
938304355 938304842
938304877 938305131
938305140 938305263
938305273 938305601
938305612 938307570
938307596 938307759
938307785 938307871
938307896 938308051
938308061 938308502
938316200 938317534
938318944 938318947
938318957 938318959
938318979 938318982
938318984 938318986
938318988 938318990
938325433 938325973
938326740 938326929
938326952 938327091
938327118 938327269
938327375 938328537
938332174 938332349
938332374 938332568
938332672 938332774
938337794 938337797
938337824 938337827
938337833 938337836
938337848 938337851
938337862 938337866
938339845 938340209
938340322 938340702
938340728 938341258
938341283 938341435
938342024 938342674
938342687 938348159
938348171 938349158
938350924 938351015
938351035 938351778
938363845 938364063
938364090 938364541
938364642 938364990
938373270 938373571
938378482 938378734
938378751 938378935
938379032 938379246
938384003 938399208
938399235 938399724
938399809 938400187
938400305 938400459
938400487 938402098
938402144 938402632
938402640 938402732
938409614 938409617
938409618 938410186
938410221 938410351
938410412 938410519
938411451 938411454
938411463 938411466
938413148 938413288
938413568 938413688
938413723 938413955
938414043 938414439
938414487 938414600
938422033 938422276
938422412 938422603
938422639 938422858
938422911 938423117
938423234 938423424
938424335 938424337
938424377 938424381
938426651 938427198
938428488 938428704
938428818 938429095
938430169 938430172
938439722 938439724
938439725 938439729
938439744 938439745
938439751 938439753
938439754 938439756
938439757 938439761
938439780 938439782
938439790 938440325
938441861 938442082
938442115 938442383
938448334 938448476
938448502 938448623
938449080 938449256
938449287 938449376
938452208 938495623
938496041 938496241
938497051 938497179
938498308 938498452
938498668 938499400
938500124 938500127
938500131 938500134
938503849 938504061
938505488 938512117
938512321 938512615
938512721 938512902
938513813 938513815
938513825 938513828
938514037 938514040
938514042 938514045
938515132 938515135
938524008 938524011
938526424 938526674
938526705 938528058
938528185 938528349
938528381 938529111
938529143 938529411
938529525 938529747
938534411 938535215
938535625 938535750
938535782 938535969
938541695 938541970
938542062 938542279
938542898 938582615
938586143 938586303
938587550 938587553
938587562 938587697
938588630 938588632
938588639 938588642
938588650 938588652
938588656 938588658
938588663 938589006
938589024 938589150
938589175 938589841
938590531 938590534
938590540 938590543
938590546 938590550
938590557 938590739
938591511 938591514
938591515 938591518
938591522 938595051
938596822 938596844
938596861 938596863
938596865 938596914
938610721 938611662
938611793 938611991
938612253 938612385
938612652 938612901
938613001 938613115
938613216 938613604
938613702 938613863
938613881 938614132
938614152 938614303
938614405 938614554
938614929 938615057
938615610 938615764
938615788 938616008
938617037 938617216
938618636 938618638
938618649 938618652
938618679 938618681
938623908 938624116
938624238 938624747
938625436 938625439
938625460 938625463
938625466 938625768
938625800 938625878
938625906 938626027
938626365 938626504
938626533 938626648
938627342 938627620
938627648 938628032
938628152 938628312
938629093 938629096
938629106 938629109
938632347 938632461
938632721 938632829
938633536 938633538
938633572 938633574
938633576 938633578
938633584 938633587
938633593 938633596
938634288 938634418
938634482 938634695
938634857 938635320
938636106 938636109
938636110 938636113
938636123 938636128
938636145 938636149
938636168 938636170
938643088 938643356
938643512 938644048
938645277 938645280
938645330 938645540
938645618 938645802
938645829 938646003
938646032 938646266
938646295 938646400
938647437 938647439
938647464 938647466
938647469 938647633
938647657 938647883
938647908 938648863
938650085 938650088
938650094 938650097
938650101 938650104
938665487 938665489
938677412 938677413
938680193 938680355
938681153 938681155
938681165 938681167
938681633 938681859
938681887 938682217
938682241 938682454
938682570 938682679
938683038 938683385
938684975 938685523
938687290 938687440
938687467 938687639
938687659 938688119
938688539 938688972
938688998 938690659
938691149 938691267
938692394 938692794
938693122 938693516
938693537 938693977
938693997 938694628
938694652 938694802
938694826 938695487
938696573 938696895
938696919 938697076
938697179 938697891
938699295 938699478
938699506 938699754
938699779 938699859
938699884 938700236
938700341 938701070
938701096 938702086
938703483 938703642
938703663 938708070
938708094 938710073
938710099 938710216
938710712 938712603
938712624 938713311
938713333 938715548
938715608 938716116
938716203 938719233
938719319 938719794
938719866 938720170
938720195 938720483
938720511 938720669
938721092 938721312
938721328 938721660
938721690 938723747
938723803 938724161
938724190 938724777
938724846 938725364
938726124 938726987
938727539 938729658
938730140 938731036
938731059 938732671
938733003 938733122
938733242 938733653
938734009 938734340
938734932 938735741
938738442 938738444
938739368 938739459
938739484 938739698
938739806 938740069
938743002 938743131
938744525 938744704
938744730 938744902
938745210 938745628
938745959 938748956
938748979 938749177
938749277 938749411
938749436 938749560
938749581 938749918
938772266 938772445
938772478 938772661
938772691 938772813
938772837 938773021
938773052 938773227
938773255 938773454
938773708 938773814
938783400 938783402
938784080 938784288
938784313 938784509
938784534 938784901
938789617 938790459
938790569 938790918
938793832 938793835
938802106 938802109
938802975 938803151
938803196 938803383
938805569 938805885
938806158 938806256
938806561 938806634
938810289 938810416
938810450 938811225
938811332 938811779
938812216 938812596
938812634 938812860
938814441 938814720
938815385 938816177
938816595 938816922
938817343 938818491
938823759 938823911
938823938 938824983
938824993 938825253
938825278 938825444
938825469 938825587
938826840 938827073
938827735 938827979
938830617 938831108
938831135 938831231
938832026 938832029
938832048 938832051
938832055 938832057
938832070 938832072
938833899 938833902
938834219 938834352
938834515 938834898
938834900 938835439
938835447 938835543
938836620 938836626
938836631 938836633
938836652 938836654
938837772 938838077
938839934 938840095
938840411 938840815
938840842 938840962
938840985 938841102
938841120 938841212
938844033 938845494
938845516 938845785
938846154 938846268
938846642 938846756
938847117 938847268
938847346 938847466
938847501 938847607
938847634 938847894
938847999 938848085
938848113 938848218
938851524 938851662
938851685 938851850
938853093 938853095
938854734 938854978
938855007 938855288
938855314 938855396
938855425 938855551
938855577 938855724
938856817 938856820
938866705 938866707
938866708 938866713
938867524 938867764
938868021 938869576
938876526 938880898
938881673 938882033
938882060 938882383
938882407 938882493
938882500 938882661
938882788 938882972
938882998 938883127
938883146 938883617
938883659 938883929
938883953 938885322
938885339 938885420
938885430 938886569
938886785 938887023
938887050 938887262
938887288 938887474
938887698 938887819
938887845 938888205
938888658 938890383
938890532 938892360
938892492 938893007
938893242 938893527
938893572 938893723
938893749 938894197
938894225 938894518
938894548 938895213
938895240 938895901
938895926 938897147
938897174 938897297
938897668 938897770
938897829 938898006
938898053 938898816
938898896 938899270
938899471 938899592
938899645 938901735
938902160 938902746
938902774 938903384
938906825 938906952
938910606 938911165
938917966 938918250
938921352 938921564
938923794 938923797
938929548 938930496
938930581 938930722
938932106 938932109
938946845 938946959
938947138 938947456
938947569 938947748
938948507 938948510
938948518 938948643
938949369 938949373
938949380 938949383
938949396 938949399
938956853 938958056
938958086 938958219
938958225 938958671
938961618 938962018
938962045 938962184
938965985 938966203
938966359 938966606
938966637 938966861
938966891 938967468
938976502 938977789
938977813 938978052
938978084 938982650
938983904 938984081
938984462 938985057
938986589 938986592
938987940 938988402
938988520 938988762
938988794 938988947
938988974 938989301
938989604 939000912
939000974 939002141
939003965 939004546
939004717 939004828
939006890 939007437
939012445 939012447
939012797 939012800
939012809 939012811
939018748 939019695
939021025 939021231
939021921 939022067
939022559 939022756
939022793 939022966
939024006 939024009
939025596 939025824
939026274 939026469
939026864 939027182
939027368 939027563
939028382 939029155
939029319 939030572
939033016 939033135
939035267 939035270
939035277 939035281
939035286 939035288
939035302 939035305
939035312 939035315
939043571 939043709
939043747 939044168
939045042 939045332
939046811 939047225
939047356 939047819
939066299 939066452
939066725 939066928
939069699 939070146
939070220 939070462
939071063 939071176
939087470 939087598
939089289 939089453
939089482 939089573
939089835 939090187
939092728 939092731
939092736 939093733
939093855 939094024
939094139 939094303
939095326 939095445
939095625 939095883
939116909 939117012
939117207 939117296
939117312 939117519
939118371 939118705
939120815 939121083
939122253 939122256
939130884 939130886
939131904 939132174
939132910 939133301
939133450 939133706
939147693 939149536
939150347 939150528
939152833 939159733
939179681 939179683
939184941 939184942
939184944 939184945
939199038 939199161
939200049 939200288
939200304 939202697
939204274 939204277
939214476 939214777
939215002 939215242
939222816 939222818
939223972 939223974
939238628 939238765
939239617 939241900
939243509 939243512
939245642 939246309
939262930 939263037
939281602 939281889
939282735 939282738
939312241 939312458
939312905 939320761
939321342 939321585
939321642 939322238
939323860 939323862
939332406 939332407
939334692 939341086
939353735 939355000
939376224 939376354
939376678 939376909
939385132 939385820
939386873 939386877
939389237 939389239
939389256 939389258
939389354 939389727
939389762 939390356
939390388 939390851
939390889 939391157
939391358 939392146
939395352 939395484
939395526 939395835
939395871 939395998
939399323 939399651
939399774 939403628
939403739 939404243
939404337 939404515
939404625 939405709
939407079 939407197
939407232 939407415
939407449 939407623
939407658 939407821
939408239 939408501
939408533 939409560
939410415 939411070
939415203 939415925
939416046 939416521
939416559 939416739
939416840 939417242
939417361 939417612
939417646 939418348
939418380 939418493
939418554 939418900
939418949 939419498
939419545 939419758
939420455 939420456
939420457 939420458
939420556 939420685
939430523 939430526
939430534 939430537
939440294 939440296
939447818 939451779
939451787 939452239
939452277 939454582
939455255 939456368
939464750 939465203
939465574 939466119
939469419 939470682
939472408 939472409
939475137 939475141
939475174 939476152
939476286 939476423
939479759 939479761
939481960 939482281
939482330 939508686
939508957 939509124
939509161 939509319
939509448 939509561
939511920 939512055
939512094 939512257
939512297 939512843
939513067 939513173
939513213 939514370
939517667 939517670
939521427 939521636
939521775 939522481
939523349 939524417
939524598 939524702
939524745 939524864
939561012 939562420
939562458 939562924
939564701 939564941
939564982 939566171
939566212 939567569
939567770 939568163
939568205 939569734
939569762 939569955
939570483 939570803
939570841 939571070
939572085 939572469
939572603 939572840
939573258 939573414
939574409 939574794
939574828 939575499
939576036 939576241
939579146 939579340
939579373 939579529
939579568 939579748
939579786 939580078
939581640 939582499
939582538 939582773
939582813 939583031
939586741 939586960
939587003 939588164
939588301 939588547
939588586 939588932
939588974 939590815
939590856 939591189
939591874 939592143
939592191 939592793
939592828 939593070
939593107 939595707
939596244 939597340
939597604 939597852
939597882 939598074
939598177 939598484
939598485 939598773
939599087 939599319
939599429 939599536
939599644 939600101
939600929 939601086
939601116 939601494
939601524 939601804
939601947 939602551
939602854 939603127
939603285 939603717
939603925 939604231
939604375 939604773
939604804 939605147
939605179 939605629
939605675 939606506
939606597 939606803
939606920 939608336
939608437 939608958
939609046 939609352
939609381 939609625
939609732 939610002
939610056 939610241
939610272 939610543
939610609 939610855
939618552 939618554
939628359 939628592
939628714 939630170
939630334 939631847
939631890 939631990
939633132 939633135
939633140 939633456
939634248 939634251
939634277 939634280
939635298 939635299
939646913 939646919
939647936 939648821
939648878 939650375
939651458 939651623
939655721 939655904
939655920 939656111
939656171 939656701
939662317 939663975
939664096 939664235
939664267 939664410
939664442 939667119
939667849 939669204
939669265 939670965
939671497 939672182
939672454 939672580
939672613 939672823
939672858 939673057
939673092 939673227
939684463 939685489
939686253 939686256
939689196 939689500
939689533 939689674
939689769 939690623
939690788 939691029
939709605 939709718
939709901 939710352
939710460 939710548
939711425 939711427
939713036 939713037
939724325 939724326
939732389 939733228
939734435 939734545
939734575 939735832
939735863 939736085
939740438 939740729
939740764 939741102
939754584 939754587
939754672 939754675
939754682 939754685
939755377 939756061
939756797 939756969
939757538 939758239
939758583 939758764
939762277 939762409
939762979 939763317
939763436 939763694
939763817 939764139
939765415 939765417
939767776 939767778
939767925 939767930
939778467 939779267
939780086 939780089
939780093 939780096
939780128 939780131
939781631 939781633
939781926 939782073
939782244 939782440
939782581 939782728
939783221 939783395
939783689 939783943
939784052 939784206
939784238 939784363
939785251 939785254
939785260 939785386
939786147 939786149
939786190 939786192
939792510 939793025
939793139 939793984
939794817 939794820
939794832 939794834
939794838 939794845
939794846 939794849
939794851 939794853
939801303 939801304
939802913 939802915
939822318 939822320
939828983 939829348
939830721 939830724
939830764 939830766
939830767 939830774
939849520 939849523
939852502 939853330
939853542 939853814
939853846 939854203
939873887 939879778
939879801 939880101
939880287 939882353
939882387 939882943
939882976 939883219
939884351 939884354
939884379 939884381
939884418 939884420
939884421 939884423
939892138 939893832
939894591 939894831
939939139 939941072
939941262 939941416
939941918 939942144
939942218 939943103
939943474 939943571
939943605 939943773
939962262 939962265
939986630 939987795
939988587 939988762
939988801 939990545
939991420 939991423
939993923 939994467
940002401 940002404
940008724 940008727
940012119 940012294
940012498 940012611
940013433 940013934
940013944 940014158
940014198 940014672
940014704 940014872
940014903 940015206
940022061 940022063
940025440 940025678
940025741 940025888
940026465 940027223
940027833 940027837
940028494 940030633
940030760 940038768
940038893 940040429
940040518 940049170
940071891 940071894
940080925 940080926
940081488 940081489
940081490 940081492
940081694 940081696
940082155 940082157
940082229 940082231
940082234 940082235
940082236 940082238
940082273 940082382
940082403 940083246
940083275 940083375
940083404 940085355
940087191 940089070
940089271 940108268
940108326 940111902
940111955 940112173
940112291 940112519
940112573 940112722
940112753 940113044
940113101 940113584
940113641 940113771
940113855 940114344
940114454 940114980
940115186 940115626
940115660 940115808
940115963 940116059
940118182 940118303
940118357 940118573
940122052 940122364
940122900 940125457
940125650 940129172
940129211 940129585
940129724 940130022
940130053 940130226
940130445 940130687
940130792 940130891
940131817 940131820
940131832 940131835
940132863 940133236
940133327 940133963
940133995 940134171
940134226 940134399
940134488 940134674
940134773 940135181
940135237 940135358
940135499 940135668
940135721 940135908
940135998 940136110
940136129 940136382
940136390 940136486
940137425 940137427
940137430 940137432
940149773 940149776
940159256 940159258
940159263 940159264
940159271 940159273
940159276 940159277
940159278 940159280
940160827 940162091
940162308 940162475
940162569 940162720
940162754 940162947
940162981 940163095
940163217 940163970
940164914 940165327
940165358 940165691
940165787 940166093
940166927 940167141
940168455 940168457
940168479 940168481
940168509 940168511
940168516 940168519
940168539 940168542
940168567 940168569
940168966 940168968
940168985 940169345
940169384 940169702
940185170 940185364
940185508 940185775
940185819 940186048
940186081 940186256
940187226 940187438
940187697 940187966
940188025 940188246
940188381 940189261
940189393 940189886
940190853 940190854
940194300 940196210
940199201 940199318
940199434 940199844
940199881 940200538
940201718 940201824
940202101 940202709
940202973 940203494
940203516 940203816
940203850 940206156
940206195 940206334
940206498 940207807
940208433 940208593
940210635 940210639
940212892 940213831
940214600 940214605
940214615 940214617
940253568 940253570
940254155 940254157
940255024 940255026
940255188 940255192
940255214 940255218
940255250 940256722
940257155 940257394
940257433 940257544
940258624 940260350
940260698 940261049
940261559 940262042
940267155 940267158
940273603 940274189
940275519 940275522
940277184 940279979
940280260 940281564
940283693 940283803
940291431 940291432
940291501 940292673
940293981 940293984
940302455 940302597
940302724 940302928
940303823 940303826
940303843 940303845
940303862 940303864
940307372 940307924
940308806 940308808
940326133 940326716
940327489 940327492
940327496 940327498
940327519 940327521
940327523 940327526
940327533 940327535
940343140 940343143
940343896 940345105
940345619 940345725
940345838 940345954
940345984 940346108
940349040 940349215
940349335 940349720
940349828 940350035
940353097 940353765
940360512 940361158
940362806 940362974
940363092 940364391
940370226 940370685
940370712 940370945
940370975 940371110
940371141 940371301
940375943 940382189
940382652 940386093
940386104 940396828
940396857 940403892
940403902 940406786
940406791 940408256
940408319 940412851
940412987 940413077
940413257 940418485
940418620 940421986
940422047 940422307
940422311 940424533
940424568 940426489
940426545 940427033
940427110 940441728
940442471 940442679
940443189 940443539
940443647 940444156
940449584 940450105
940450328 940451549
940454204 940454366
940454913 940460323
940460672 940460892
940460921 940461610
940461703 940462030
940462132 940462291
940462344 940462466
940468476 940468478
940470437 940471941
940474040 940474151
940475096 940475099
940475103 940475106
940475110 940475113
940475120 940475123
940475135 940475138
940478910 940478913
940483732 940483737
940493149 940494135
940495525 940495528
940495533 940496589
940498012 940498237
940498414 940498667
940499561 940499563
940499714 940499860
940501120 940501123
940505065 940505273
940506889 940507041
940509747 940509919
940513806 940514552
940515809 940516186
940516291 940516828
940521063 940521065
940523724 940523725
940523749 940523750
940523813 940523814
940530726 940531050
940531160 940531447
940532865 940532868
940576657 940576659
940576663 940576667
940576898 940578573
940579432 940579864
940579895 940580134
940580293 940580474
940580591 940580756
940581611 940582044
940582136 940582545
940585212 940585215
940597966 940598374
940598454 940599001
940599033 940599153
940600861 940601100
940606072 940607755
940607868 940608306
940612591 940612739
940613018 940613225
940616252 940616450
940619421 940621080
940621498 940621830
940628357 940628361
940629472 940629657
940630978 940632230
940633126 940633548
940633896 940635838
940636787 940639027
940644050 940644567
940645457 940645460
940654001 940654120
940654294 940654417
940655156 940655159
940655160 940655162
940665994 940666398
940666595 940667854
940669804 940670059
940670614 940670615
940670616 940670617
940670843 940670844
940670845 940670846
940680796 940684165
940684295 940684428
940685755 940685757
940685801 940685803
940685936 940685938
940686247 940686249
940686474 940687291
940687323 940687862
940688490 940688613
940689120 940689635
940689726 940689843
940689919 940690411
940691133 940691424
940691453 940691636
940691669 940691870
940691883 940692398
940692493 940693143
940693386 940693515
940693771 940695911
940696166 940696403
940698221 940701026
940701059 940704015
940704334 940704464
940705353 940705528
940705790 940706390
940706419 940706718
940706768 940707310
940709934 940709937
940717425 940717636
940717665 940718211
940760676 940760680
940772105 940772107
940772749 940772751
940772830 940772832
940773657 940773658
940773662 940773664
940773668 940773670
940773739 940773741
940773748 940773750
940774378 940775203
940777057 940777059
940777136 940777137
940777223 940777489
940777520 940779898
940779946 940780692
940780776 940781063
940781093 940781513
940784955 940784957
940791436 940791439
940797342 940840929
940842376 940842379
940842410 940842412
940858847 940858850
940859030 940859031
940859708 940859709
940860117 940860119
940860157 940860158
940860261 940860263
940860531 940860533
940860802 940860805
940860813 940860815
940860892 940860894
940860908 940860910
940861002 940861004
940861018 940861021
940861022 940861024
940861142 940861144
940861150 940861152
940861162 940861164
940861207 940861209
940861220 940861467
940862467 940862469
940862488 940862491
940867737 940867931
940868054 940868583
940868692 940869039
940870055 940870262
940870388 940871086
940871205 940871513
940874268 940875953
940898172 940898446
940898587 940898737
940902600 940902603
940922154 940922526
940923409 940923412
940925242 940926065
940926105 940926183
940926289 940926387
940926843 940927124
940927235 940927929
940929282 940929285
940929802 940930503
940930539 940930828
940930869 940931169
940931399 940931683
940931827 940931953
940932524 940932814
940933002 940933134
940933167 940933456
940933489 940933832
940934247 940934416
940934716 940934946
940934976 940935495
940935600 940935723
940935819 940936061
940937172 940937448
940937517 940938015
940939164 940939953
940939987 940940269
940940853 940941086
940941119 940941242
940948413 940948562
940954645 940954648
940960713 940961113
940966428 940966431
940966445 940966447
940968377 940968691
940968722 940969085
940972358 940972362
940976462 940976464
940976659 940982490
940993270 940993273
940993309 940993311
940993337 940993340
940995901 940997368
940997790 940998036
940998739 940998941
940999673 940999675
940999676 940999679
940999686 940999689
941001001 941002419
941002800 941003552
941003582 941003818
941003852 941005325
941006430 941006765
941006795 941006944
941011560 941011746
941011776 941011942
941013101 941013315
941014026 941014137
941015827 941016106
941016137 941016396
941016432 941017658
941018193 941018195
941018381 941020234
941020352 941020639
941021576 941021784
941030699 941031216
941031246 941031817
941031846 941032216
941036145 941037073
941037836 941037839
941037867 941037870
941048051 941048667
941048828 941062240
941062300 941062457
941062495 941062737
941063802 941063805
941063813 941063816
941063832 941063834
941067554 941068815
941122909 941123026
941123059 941125477
941125532 941125657
941125762 941125864
941127145 941127148
941127192 941127194
941127196 941127200
941127211 941127213
941128272 941128275
941128371 941128382
941128487 941128489
941130093 941130095
941130112 941130114
941130115 941130116
941130240 941131004
941145364 941146197
941146319 941146530
941148003 941148005
941154536 941155935
941157338 941157340
941158278 941158667
941159099 941160040
941161267 941161273
941186946 941186947
941194795 941195289
941195626 941195829
941211466 941211468
941216330 941216333
941227858 941228108
941228139 941228327
941228358 941229361
941229388 941229756
941229909 941230074
941233398 941234554
941234696 941235800
941236131 941236261
941236291 941237008
941237114 941237456
941238683 941238686
941239533 941240161
941240192 941240465
941240497 941240643
941240705 941241211
941243443 941243446
941251667 941251670
941251761 941251764
941253271 941253274
941256536 941256539
941256943 941256946
941276966 941278393
941281289 941281292
941288753 941289244
941294801 941295638
941299988 941299989
941300027 941300028
941300037 941302397
941302801 941303069
941308414 941308518
941309477 941309615
941310255 941310668
941310774 941311265
941311432 941311693
941311731 941312537
941312604 941312714
941312749 941313014
941313125 941313464
941313497 941316977
941317072 941317245
941317769 941317872
941319032 941319539
941319884 941323098
941323507 941326394
941326426 941326669
941327181 941327529
941327607 941327762
941329197 941331182
941331502 941331925
941332087 941332373
941332430 941332583
941333015 941334732
941334797 941334983
941344184 941344297
941344549 941344648
941344679 941344809
941350123 941350124
941373589 941374517
941375676 941375680
941381795 941381797
941382782 941382783
941382937 941382939
941383257 941383259
941383497 941384052
941384191 941384358
941384391 941384888
941389318 941389320
941389324 941389516
941389547 941390441
941390472 941391100
941392691 941392692
941393140 941393141
941395534 941395536
941395930 941396207
941396239 941396436
941396487 941396769
941397544 941399202
941399252 941399446
941399494 941399602
941399633 941400161
941400195 941401208
941401261 941401406
941401438 941401706
941402173 941402850
941403645 941403646
941403647 941403648
941403693 941403694
941403700 941403701
941403707 941403708
941403718 941403719
941403726 941403727
941403733 941403734
941403739 941403740
941403746 941403747
941403752 941403753
941403758 941403759
941403762 941403763
941403769 941403770
941403771 941403772
941403779 941403780
941403787 941403788
941403793 941403794
941403799 941403801
941403805 941403806
941403811 941403812
941403818 941403819
941403823 941403824
941403828 941403829
941403834 941403835
941403840 941403842
941411389 941411873
941411919 941412127
941422231 941422381
941422415 941422654
941422773 941423828
941424768 941424771
941424788 941424790
941428437 941428438
941434492 941434493
941439049 941444136
941445892 941445895
941447771 941447772
941452013 941452015
941452992 941454384
941461341 941461938
941462081 941462187
941462367 941467519
941467722 941468091
941468198 941468581
941469099 941469254
941469280 941470445
941470543 941470663
941470755 941470905
941470937 941471127
941473251 941473951
941475792 941475797
941476146 941476277
941476306 941476572
941477436 941478346
941479379 941479383
941479956 941480123
941480157 941480468
941480869 941481081
941481391 941481569
941481599 941481948
941482022 941482160
941482237 941482464
941482499 941483567
941483597 941484565
941489989 941491699
941491734 941491955
941491986 941492173
941493568 941493964
941497127 941497129
941497607 941497609
941497810 941498545
941498568 941499174
941499239 941499452
941502862 941503079
941503137 941503395
941503432 941503712
941504479 941504482
941510554 941510555
941517329 941517331
941524133 941525251
941525290 941526341
941526379 941526770
941527402 941527581
941527618 941528329
941528361 941533837
941535848 941535851
941538340 941538342
941538876 941538878
941539238 941545461
941545549 941578627
941578675 941588063
941588095 941588743
941589114 941589581
941589597 941590802
941590869 941591737
941591795 941592690
941592779 941593081
941593103 941597718
941597924 941598252
941598309 941598434
941598468 941599019
941599230 941599453
941599460 941600246
941600259 941608161
941608251 941608612
941608699 941609637
941609707 941610041
941610103 941611873
941612377 941612539
941612640 941612834
941612951 941613031
941613039 941613132
941613140 941614368
941614390 941616362
941616410 941617509
941617735 941618288
941618397 941618782
941618789 941633062
941633363 941634822
941635302 941636785
941637035 941637221
941637234 941638153
941638484 941640250
941640300 941642224
941642321 941642590
941642598 941643864
941643866 941644139
941644147 941644294
941644361 941644902
941644917 941645236
941645243 941645545
941645553 941645937
941647288 941668981
941669196 941669761
941670175 941671057
941671843 941672557
941674370 941674504
941674518 941679789
941679791 941680034
941680059 941680588
941680944 941683047
941684747 941685412
941685443 941685848
941686610 941687662
941687779 941689731
941689742 941690230
941698663 941700176
941700408 941701529
941703040 941703042
941704803 941704804
941706692 941706693
941723093 941723095
941729962 941729963
941735001 941735164
941735292 941735773
941736781 941737188
941744782 941744783
941746867 941746869
941747663 941747664
941749281 941752979
941757110 941758077
941758975 941759099
941759367 941759606
941759640 941759791
941759823 941760205
941760299 941760489
941760640 941762743
941772802 941772803
941780133 941780134
941799377 941800303
941800472 941800950
941802170 941802348
941802667 941802852
941804701 941804703
941812214 941812215
941813817 941813819
941815110 941815111
941815278 941815280
941815297 941815304
941815349 941815352
941815367 941815370
941815371 941815707
941815903 941816047
941819418 941834492
941835477 941835876
941838001 941838004
941839219 941839707
941839777 941839975
941840101 941840646
941840851 941841468
941841619 941842224
941845362 941845365
941853405 941853406
941854270 941855595
941855708 941855945
941856090 941856554
941856799 941857051
941857322 941857645
941858755 941858909
941862026 941862028
941865892 941865894
941865919 941865921
941870526 941870527
941873563 941873774
941873870 941874094
941874299 941874417
941874501 941874626
941874759 941875616
941876584 941876585
941877386 941877387
941877437 941877438
941877448 941877449
941877477 941877478
941878052 941878203
941878214 941878780
941879017 941879130
941882648 941882649
941887840 941887841
941890997 941890999
941891048 941891050
941891097 941891099
941891261 941891263
941891266 941891270
941891413 941891415
941891442 941891446
941891452 941891454
941891458 941891460
941891489 941891491
941891516 941891518
941891661 941891664
941891687 941891692
941891724 941891726
941891883 941891885
941891893 941891895
941891944 941891946
941891997 941891998
941892055 941892057
941892614 941892617
941892627 941892628
941892733 941894679
941895279 941895374
941895460 941895631
941896694 941896697
941896733 941896736
941896746 941896747
941896762 941896765
941896781 941896782
941897207 941897208
941897366 941897370
941897376 941897378
941897381 941897383
941897416 941897418
941898422 941898424
941898432 941898434
941898452 941898456
941898462 941898463
941898938 941898939
941898994 941898996
941899016 941899595
941900164 941900165
941903803 941903804
941905334 941905335
941905404 941905405
941906042 941932452
941932935 941933224
941936435 941936436
941936530 941936531
941937344 941937347
941937363 941937366
941950774 941950778
941950814 941950817
941950865 941950867
941951160 941951162
941951217 941951219
941955125 941955127
941956590 941956591
941956683 941956690
941959750 941978576
941978592 941989141
941989297 941989855
941990179 942005474
942005747 942006052
942006233 942006414
942006446 942006845
942006961 942007233
942007462 942007735
942007741 942009033
942009432 942009742
942010401 942010485
942010494 942012088
942012156 942012356
942012687 942012985
942013057 942014754
942014990 942015173
942015209 942016164
942016340 942016476
942016871 942017195
942017665 942017934
942019306 942031987
942032873 942033000
942033345 942033496
942033549 942033978
942034213 942034601
942034859 942035139
942035191 942035294
942036271 942038581
942038630 942040154
942040519 942040618
942042567 942043185
942043564 942044603
942044703 942044788
942044975 942045121
942045359 942045516
942045564 942045653
942045706 942045938
942048225 942054323
942055006 942055479
942055611 942055736
942055774 942055873
942056029 942056099
942056461 942065108
942065148 942069622
942069731 942095632
942096235 942106052
942106223 942111117
942114088 942114495
942115471 942115981
942117095 942118590
942119511 942119957
942120712 942120842
942122063 942122722
942123104 942126579
942130295 942132776
942133704 942134142
942135824 942135825
942140118 942140119
942142310 942142311
942147835 942147836
942158924 942159951
942160098 942160360
942160619 942160881
942168905 942172232
942175013 942184263
942184265 942189055
942193460 942193461
942194075 942194078
942194395 942194681
942201189 942201884
942201918 942202131
942202879 942203122
942208686 942209203
942214857 942216187
942237692 942237693
942252794 942252796
942254358 942254523
942257472 942260995
942262644 942262822
942262860 942263164
942263787 942264280
942268597 942269846
942270804 942271077
942273482 942273881
942276107 942277037
942299060 942300020
942300279 942301362
942310702 942310704
942316846 942317111
942318992 942318993
942318997 942318998
942318999 942319001
942361777 942362237
942365063 942365064
942378261 942379112
942380882 942381137
942382624 942382918
942384202 942384353
942417360 942417362
942417418 942417419
942417761 942417763
942418105 942418454
942419480 942419751
942420409 942421178
942421215 942422757
942423123 942423873
942424745 942425746
942426159 942426315
942426338 942431669
942431822 942432019
942432074 942433958
942434162 942434252
942437013 942438707
942442388 942444895
942445119 942445938
942446156 942447671
942462725 942462727
942463912 942463914
942463937 942463939
942464471 942464472
942464473 942464478
942484409 942484413
942485916 942487830
942499347 942502302
942502339 942502551
942502583 942537898
942544992 942547889
942549734 942549736
942549737 942551025
942551293 942552601
942558186 942559032
942563414 942569047
942575975 942577806
942578912 942579902
942582694 942583483
942585952 942587188
942592524 942592680
942595760 942596010
942596042 942596214
942596356 942597200
942597328 942597523
942601895 942603104
942603624 942608987
942609039 942610334
942610997 942611267
942612443 942612882
942614009 942614581
942614861 942616056
942616163 942631607
942633637 942635875
942636348 942636600
942636986 942638032
942638128 942638205
942638501 942639120
942640112 942640413
942640716 942641535
942641746 942642314
942642351 942642657
942642864 942643950
942645085 942645507
942646076 942650908
942651840 942652487
942675803 942676132
942677259 942679428
942681217 942682579
942682612 942683280
942683568 942685375
942690325 942692525
942697316 942698013
942698394 942698532
942700714 942702419
942703752 942704777
942704810 942705018
942705049 942705536
942705552 942706554
942707224 942708266
942708272 942708527
942708582 942709917
942715365 942718962
942721013 942721284
942726278 942726407
942743523 942743763
942756621 942759202
942761315 942768561
942768973 942770109
942772908 942773672
942776979 942776983
942777091 942777265
942777296 942777541
942779996 942788503
942789215 942792096
942794381 942794965
942795066 942796072
942798805 942799853
942803490 942806389
942806399 942808034
942826344 942826480
942826514 942826930
942827788 942828508
942830969 942830970
942831805 942831807
942832060 942832061
942832196 942832198
942832210 942832213
942832360 942832362
942853160 942854903
942859362 942860340
942862941 942863823
942865077 942865266
942867604 942867938
942869452 942870493
942872996 942873255
942873727 942875276
942875300 942878914
942887413 942887531
942889032 942890328
942911984 942926292
942935589 942939172
942939197 942949536
942949552 942950116
942950673 942950866
942953195 942955111
942955423 942956059
942960271 942961356
942971142 942972963
942973093 942973449
942975322 942975529
942977548 942978131
942979521 942980344
942995752 942996090
943001795 943002114
943015950 943016603
943021922 943023071
943023629 943023740
943023903 943027456
943027488 943028870
943029059 943029338
943029347 943030848
943031512 943032054
943034561 943035756
943035788 943036114
943036405 943036628
943039013 943040204
943047007 943048263
943050185 943050187
943050188 943050190
943050191 943050194
943050197 943050201
943050207 943050210
943058055 943058517
943070746 943070751
943070791 943070793
943070967 943070969
943070970 943070972
943071000 943071001
943072339 943072341
943072417 943072418
943072744 943072754
943072785 943072787
943072867 943072869
943072995 943072999
943073000 943073001
943073007 943073009
943073011 943073015
943073053 943073530
943074667 943074823
943076071 943076073
943076258 943076260
943102775 943103166
943104329 943106657
943115224 943120153
943120314 943125144
943128458 943133047
943133475 943133652
943133681 943134143
943134174 943134446
943134510 943134903
943134933 943136906
943157326 943157660
943157983 943158999
943168262 943168475
943168613 943168729
943169654 943169812
943198284 943203555
943203699 943203991
943204025 943204358
943205016 943205742
943205776 943205899
943206614 943206923
943207896 943208001
943208035 943208626
943208655 943208825
943208856 943208967
943210703 943211139
943211146 943211708
943212280 943212283
943217519 943217787
943226363 943226534
943226638 943226822
943258923 943260137
943298256 943298258
943298261 943298492
943308089 943308761
943338721 943339858
943345522 943346041
943376187 943379128
943384703 943385581
943388211 943388471
943392562 943393148
943395666 943397287
943398773 943399362
943400996 943402826
943410163 943411704
943430624 943431950
943433467 943433784
943436071 943436669
943440767 943440978
943441023 943442018
943442115 943442235
943442242 943442730
943453757 943454539
943454645 943456089
943456128 943457122
943466050 943466053
943469614 943469617
943470312 943471431
943471441 943471900
943485589 943485903
943500926 943501932
943537827 943538275
943552697 943556333
943557071 943557500
943564603 943564605
943564612 943564614
943565697 943568785
943584441 943584442
943584443 943584444
943590771 943591388
943595801 943596175
943596465 943596769
943596804 943597426
943616648 943616650
943629623 943629770
943631080 943631213
943632625 943632736
943633748 943633885
943634711 943635175
943638292 943640090
943643622 943643625
943645748 943647806
943665149 943665152
943665168 943665170
943666446 943668570
943674282 943674719
943701600 943702304
943709338 943709804
943710462 943714786
943720089 943720091
943721370 943722508
943722514 943738672
943760865 943763335
943800861 943801933
943801965 943802096
943802128 943802512
943804264 943807586
943824165 943827422
943829405 943829406
943836151 943836460
943836730 943836903
943838169 943840034
943840966 943842551
943858872 943861998
943862139 943862221
943862552 943863742
943885528 943885530
943886150 943886152
943886443 943886444
943887055 943887960
943887995 943888076
943889774 943890389
943891021 943892368
943906174 943906393
943906615 943906964
943914911 943915923
943931954 943931956
943932006 943932008
943932014 943932015
943932251 943932253
943932261 943932263
943932643 943932644
943934239 943934639
943951166 943951271
943955084 943955468
943965044 943967280
943971144 943972522
943977734 943978878
944004142 944004313
944025041 944025043
944033517 944034296
944044668 944044825
944056616 944057042
944057377 944057690
944081147 944081708
944105996 944107087
944125430 944125431
944125922 944125924
944125931 944125932
944126183 944129721
944129735 944133059
944133063 944133532
944133982 944136801
944137143 944140666
944140827 944146511
944146615 944147057
944147128 944152687
944152887 944161079
944161243 944161735
944165055 944176690
944178315 944178317
944178504 944178508
944178927 944179058
944179443 944180197
944180241 944180558
944181136 944182882
944190287 944190665
944232046 944232154
944232941 944234238
944235802 944235962
944237866 944238230
944245255 944246258
944250741 944251016
944267606 944267875
944268108 944268264
944278779 944278783
944280068 944282266
944284008 944284010
944284756 944284757
944287593 944287594
944312219 944312222
944312227 944312228
944312233 944312234
944312237 944312239
944312242 944312244
944312245 944312246
944312250 944312251
944312252 944312256
944312259 944312260
944312262 944312264
944312267 944312268
944312270 944312271
944312273 944312274
944312276 944312277
944313191 944313194
944313366 944314063
944314131 944314626
944319905 944320023
944321427 944325168
944327597 944327600
944329016 944329019
944329154 944359794
944360702 944360862
944361177 944362406
944365615 944371333
944371935 944372515
944377982 944379985
944404220 944404222
944404901 944405656
944407221 944409201
944410628 944411163
944411816 944411818
944416135 944416973
944422151 944422602
944423634 944427528
944427699 944428256
944430312 944431331
944431604 944434200
944436974 944437274
944440123 944440126
944447327 944447331
944447378 944447381
944447382 944447386
944447428 944447430
944447434 944447441
944447690 944447694
944447716 944447721
944447944 944450373
944452117 944452717
944465149 944466328
944470680 944470683
944470696 944470699
944474773 944477062
944493687 944493689
944493865 944493866
944493869 944493871
944493951 944494414
944494807 944495198
944497382 944497544
944497825 944497980
944499167 944499280
944502194 944503039
944503720 944504553
944508911 944514643
944514685 944517265
944517629 944518053
944518405 944518722
944518758 944521571
944523123 944523457
944526414 944528373
944533237 944534923
944545055 944546400
944547482 944549137
944555598 944555600
944567558 944567560
944570761 944571689
944580132 944580745
944582850 944582852
944582898 944582900
944584817 944584818
944585191 944585193
944585287 944585290
944585378 944585382
944585620 944585624
944585626 944585628
944585646 944585647
944585649 944585650
944585715 944585994
944586824 944589110
944593288 944594893
944595200 944595808
944599159 944599596
944602343 944602644
944602682 944603503
944609260 944610207
944616363 944617898
944618781 944619000
944619663 944619664
944619665 944619666
944647018 944655784
944672194 944672678
944677349 944677707
944678778 944679524
944694565 944694868
944695139 944695269
944713699 944714270
944714521 944715379
944716432 944717127
944717380 944719924
944719959 944720835
944721014 944721242
944725065 944725191
944725223 944729360
944756751 944757166
944757793 944758711
944760166 944760490
944760826 944761138
944769727 944770220
944773470 944773794
944774300 944774487
944803964 944804419
944804617 944805252
944808093 944808229
944808262 944808559
944808643 944812819
944820600 944821454
944836451 944836453
944837739 944838773
944839764 944840188
944840941 944841219
944841967 944842317
944843049 944843888
944844946 944848852
944852417 944852996
944855643 944856067
944856159 944858633
944863633 944864779
944865446 944866343
944867047 944867508
944868658 944869407
944883348 944883714
944914743 944914745
944927040 944946350
944947306 944951013
944951051 944951191
944951220 944951989
944957580 944957581
944957582 944957583
945010503 945011792
945012991 945013164
945014321 945014937
945019942 945019948
945020078 945020080
945020101 945020103
945020389 945021040
945021843 945022004
945022849 945023986
945024859 945025059
945026215 945027819
945028097 945029179
945032461 945033771
945035284 945035720
945036815 945037674
945039818 945040132
945041268 945041589
945041841 945041942
945042859 945042979
945049770 945050636
945050646 945052274
945084156 945084158
945095467 945096567
945097365 945097525
945098092 945098232
945098647 945098768
945099197 945099867
945100317 945100430
945101222 945101688
945104162 945104914
945109828 945111090
945111173 945112078
945112088 945112360
945113193 945114246
945114257 945114417
945114505 945120821
945124160 945124266
945124294 945125843
945126602 945127415
945128436 945128619
945142691 945144735
945182391 945183171
945185769 945185976
945186892 945189115
945193025 945193027
945193603 945194132
945195718 945195719
945195728 945195730
945196385 945196386
945196393 945196394
945196425 945196427
945196446 945196447
945196466 945196467
945196492 945196493
945196525 945196526
945196548 945196550
945196569 945196570
945196592 945196594
945196615 945196616
945196634 945196635
945196655 945196656
945196679 945196680
945196716 945196717
945196743 945196744
945196766 945196767
945196785 945196786
945196811 945196813
945196838 945196839
945196860 945196861
945196881 945196883
945196909 945196910
945196935 945196936
945196956 945196958
945196978 945196979
945197000 945197001
945197024 945197025
945197047 945197048
945197073 945197075
945197097 945197098
945197127 945197128
945197154 945197155
945197176 945197177
945197203 945197204
945197230 945197231
945197255 945197256
945197302 945197303
945197325 945197326
945197352 945197353
945197376 945197377
945197397 945197398
945197425 945197426
945197454 945197455
945197482 945197483
945197504 945197505
945197522 945197523
945197528 945197529
945197541 945197542
945197564 945197565
945197585 945197586
945197606 945197607
945197625 945197626
945197645 945197646
945197664 945197665
945197683 945197685
945197702 945197703
945197724 945197725
945197744 945197745
945197765 945197766
945197793 945197794
945197813 945197814
945197853 945197855
945197875 945197876
945197902 945197903
945197917 945197918
945198084 945198086
945198114 945198115
945198142 945198143
945198171 945198172
945198193 945198194
945198216 945198217
945198245 945198246
945198267 945198268
945198297 945198298
945198317 945198318
945198334 945198335
945198353 945198354
945198361 945198362
945198389 945198390
945198413 945198414
945198442 945198443
945198470 945198472
945198491 945198493
945198511 945198512
945198529 945198531
945198561 945198562
945198587 945198588
945198611 945198612
945198643 945198645
945198664 945198665
945198683 945198684
945198707 945198708
945198730 945198732
945198757 945198758
945198781 945198782
945198810 945198811
945198835 945198837
945198858 945198859
945198879 945198880
945198894 945198895
945198900 945198901
945198919 945198921
945198940 945198941
945198971 945198972
945199002 945199003
945199028 945199029
945199052 945199053
945199076 945199077
945199099 945199100
945199122 945199123
945199142 945199143
945199161 945199162
945199182 945199183
945199203 945199205
945199226 945199227
945199247 945199248
945199267 945199269
945199287 945199289
945199308 945199309
945199330 945199331
945199338 945199339
945199346 945199347
945199354 945199355
945199374 945199375
945199392 945199394
945199414 945199415
945199433 945199434
945199452 945199454
945199473 945199474
945199493 945199494
945199513 945199514
945199527 945199529
945199554 945199555
945199586 945199587
945199616 945199617
945199792 945199794
945200004 945200005
945200011 945200012
945200013 945200014
945200132 945200133
945200414 945200415
945200416 945200418
945200425 945200426
945200495 945200496
945200506 945200507
945200508 945200509
945200532 945200533
945200537 945200539
945200557 945200558
945200589 945200590
945200597 945200598
945200612 945200613
945200617 945200618
945200619 945200620
945200647 945200648
945200703 945200705
945200722 945200928
945201508 945201509
945201516 945201517
945201526 945201527
945201533 945201534
945201536 945201537
945201557 945201558
945201560 945201561
945201565 945201566
945201577 945201578
945201681 945201682
945201831 945201832
945202393 945202550
945203207 945203208
945203214 945203215
945203686 945203687
945203697 945203698
945203857 945203858
945204418 945204419
945204421 945204422
945204454 945204455
945204456 945204457
945204461 945204462
945204466 945204467
945204493 945204494
945204498 945204499
945204500 945204501
945204506 945204507
945204767 945204768
945204773 945205034
945206002 945212719
945213446 945213447
945213495 945213496
945213517 945213518
945213534 945213535
945213564 945213565
945213603 945213604
945214624 945215021
945215055 945215527
945215623 945216385
945218589 945218591
945218690 945220807
945221347 945221348
945221353 945221354
945221392 945221393
945221404 945221405
945221420 945221421
945221474 945221475
945221477 945221478
945221537 945221538
945221540 945221541
945221626 945221627
945221629 945221630
945221633 945221634
945221674 945221675
945221676 945221677
945221682 945221683
945222032 945222033
945222078 945222079
945222122 945222123
945222158 945222159
945222268 945222269
945222304 945222305
945222323 945222324
945222334 945222335
945222454 945222455
945222457 945222458
945222468 945222469
945222759 945222760
945222762 945222763
945222764 945222765
945222768 945222769
945222860 945222861
945222862 945222863
945222864 945222865
945222920 945222921
945223151 945223152
945223158 945223159
945223213 945223214
945223355 945223357
945223361 945223362
945223364 945223366
945223369 945223370
945223377 945223378
945223381 945223383
945223445 945223446
945223452 945223454
945223457 945223461
945223466 945223467
945223468 945223469
945223484 945223485
945223496 945223497
945223501 945223502
945223509 945223510
945223512 945223513
945223517 945223519
945223521 945223522
945223524 945223525
945223534 945223536
945223539 945223542
945223772 945223774
945223777 945223778
945223788 945223789
945223798 945223799
945223809 945223810
945223814 945223815
945223946 945223947
945224055 945224056
945224060 945224061
945224065 945224066
945224094 945224095
945224301 945224302
945224306 945224307
945224352 945224353
945224386 945224387
945224440 945224441
945224447 945224448
945224451 945224452
945224555 945224556
945224559 945224561
945224664 945224665
945224846 945224847
945224881 945224883
945224888 945224890
945225168 945225169
945225172 945225173
945225313 945225315
945225371 945225374
945225519 945225520
945225524 945225525
945225549 945225550
945225554 945225556
945225631 945225632
945225886 945225887
945225905 945225906
945226525 945226526
945226549 945226550
945226562 945226563
945226577 945226578
945226685 945226687
945227248 945227250
945227255 945227257
945227261 945227263
945227264 945227265
945227270 945227271
945227274 945227275
945227563 945227564
945228407 945228408
945228852 945228853
945228953 945228954
945229228 945229229
945229401 945229402
945229557 945232070
945233520 945233521
945233552 945233553
945233582 945233583
945234260 945234261
945234303 945234304
945234336 945234338
945234364 945234365
945234494 945234495
945236555 945236557
945237152 945237156
945238119 945239997
945240306 945240473
945240507 945240771
945241445 945241710
945247382 945247385
945249333 945250769
945263708 945264688
945284982 945285735
945288594 945291487
945302061 945303094
945303722 945306963
945346227 945346229
945364172 945364174
945364644 945364646
945364747 945364748
945377220 945378136
945378436 945378803
945378820 945379316
945379330 945379857
945386932 945387687
945390588 945391251
945417818 945417819
945417820 945417821
945420171 945420172
945420201 945420202
945429078 945430185
945430366 945430639
945431649 945432335
945433157 945433435
945433483 945434287
945436655 945437390
945444265 945444267
945444348 945444350
945444351 945444356
945444365 945444368
945444407 945444409
945444508 945444510
945444580 945445799
945448255 945448445
945448540 945451215
945451982 945451983
945452017 945452018
945452169 945452170
945458798 945467650
945483442 945483445
945483456 945483458
945483470 945483472
945483488 945483490
945483514 945483518
945483540 945483543
945483554 945483556
945483559 945483561
945483585 945483587
945483609 945483610
945483631 945483635
945483724 945483726
945483731 945483736
945483744 945483750
945483753 945485917
945486203 945488156
945488184 945488287
945490743 945490745
945490863 945490867
945490870 945490872
945490893 945490896
945490914 945490916
945490919 945490920
945490960 945490962
945490967 945490969
945491010 945491013
945491017 945491019
945491050 945491052
945491055 945491057
945491074 945491075
945491078 945491080
945491132 945491138
945491679 945491681
945492255 945492257
945492260 945492261
945492478 945495487
945497713 945497714
945508944 945510424
945510907 945511202
945512187 945512704
945527090 945528802
945529825 945530051
945530477 945532200
945532707 945533252
945535413 945537524
945537811 945545669
945546141 945546465
945546662 945548161
945549501 945550921
945551207 945551390
945551424 945558698
945558872 945559279
945559520 945560198
945560230 945560744
945561121 945561384
945561630 945574033
945574718 945574861
945574964 945575172
945575209 945575653
945576637 945576903
945576938 945577412
945577783 945577970
945578065 945578301
945578397 945578710
945589144 945590047
945590294 945592141
945613664 945615161
945616550 945616881
945617497 945618352
945618385 945619055
945619786 945620002
945621268 945621497
945621530 945621700
945623390 945623958
945623993 945625106
945625811 945625940
945626998 945628914
945632642 945632995
945633024 945633851
945633881 945633977
945635593 945636368
945649417 945651098
945651404 945651535
945652832 945653887
945654068 945654356
945669836 945670551
945699202 945699990
945701099 945701100
945701101 945701106
945701109 945701111
945701114 945701115
945701116 945701118
945701119 945701125
945701126 945701128
945701129 945701134
945701141 945701144
945701150 945701152
945701157 945701160
945701179 945701181
945701185 945701189
945701212 945701216
945701220 945701221
945701290 945702505
945705651 945706492
945711958 945712636
945712669 945712887
945713506 945713966
945722472 945722857
945723129 945723349
945765511 945765756
945767072 945767423
945768333 945768542
945768607 945769896
945770981 945771136
945771152 945771545
945814609 945815846
945843330 945843892
945857316 945857318
945873441 945873681
945904338 945905350
945905497 945907700
945919076 945919706
945964544 945965030
945976412 945977294
945995002 945995475
945997765 945998431
946015554 946016681
946051527 946051530
946055500 946055502
946055504 946055506
946055793 946055795
946055854 946055856
946055973 946058000
946059523 946059691
946060854 946061402
946062147 946062857
946064601 946064787
946064819 946065012
946067004 946067528
946067562 946067802
946068778 946068884
946072050 946072818
946075522 946075926
946088530 946091555
946112410 946115945
946124411 946124413
946132523 946133326
946137523 946139114
946139867 946143336
946144808 946145105
946146913 946147976
946148442 946148705
946150454 946150710
946150739 946151328
946154375 946154729
946156407 946157172
946163938 946164135
946166469 946169275
946169348 946170509
946170716 946171584
946187439 946187774
946188186 946190084
946201592 946202888
946214146 946214309
946214542 946217110
946227377 946228960
946230067 946230332
946231953 946232058
946234166 946235088
946235120 946235961
946240123 946255595
946255655 946259631
946265881 946265884
946274044 946274670
946274960 946276965
946286012 946290211
946298191 946302882
946303120 946307942
946308345 946309301
946329908 946332196
946351784 946354180
946354647 946355072
946360604 946361628
946369135 946370048
946370521 946371294
946382615 946384157
946384478 946386500
946386507 946386803
946387351 946387693
946387979 946388644
946388974 946391862
946391995 946393355
946396736 946398260
946404961 946406366
946407188 946407908
946407963 946408128
946409259 946409993
946410226 946410489
946410521 946410962
946413561 946414274
946414532 946414705
946422970 946423413
946423640 946425694
946436282 946437422
946437803 946438290
946446978 946447459
946447728 946451000
946451567 946451987
946452375 946453256
946453665 946454432
946454448 946455501
946457917 946461804
946461811 946462241
946470983 946471264
946473235 946474402
946477580 946483769
946484525 946487335
946487710 946487981
946488232 946489359
946489445 946492894
946492998 946493630
946515156 946516706
946523248 946523858
946524563 946524810
946524936 946525420
946525625 946526557
946544317 946544318
946544319 946544320
946548473 946548963
946549806 946550283
946557684 946558177
946564856 946564857
946564858 946564859
946578528 946579248
946586792 946587796
946594197 946594581
946594919 946599119
946599285 946601369
946601477 946601693
946601735 946603176
946621984 946622529
946635377 946637729
946637870 946638187
946639079 946641156
946650404 946650730
946650955 946652694
946655272 946656528
946656544 946657212
946657638 946657886
946659810 946659935
946661873 946661874
946662242 946662809
946662860 946663100
946664547 946665317
946665391 946665726
946666324 946668770
946671142 946672249
946672318 946672731
946672935 946673340
946675786 946677265
946679658 946679767
946683148 946683484
946690098 946691789
946701471 946703866
946705473 946706379
946722630 946723959
946724971 946725124
946725159 946725491
946725553 946725826
946725837 946727987
946729736 946730720
946730775 946730861
946730871 946731021
946731035 946733038
946733049 946733866
946737775 946737777
946738386 946738769
946739038 946739968
946740222 946741904
946744023 946744540
946744895 946745673
946746260 946749776
946750076 946753448
946753548 946755043
946755063 946756325
946756506 946760042
946762134 946765059
946767855 946768809
946768852 946769336
946771229 946775133
946799003 946801094
946818918 946821667
946821957 946822447
946824741 946825530
946826387 946826918
946827616 946828329
946828374 946829719
946831022 946831952
946832781 946836038
946840695 946843675
946843736 946844283
946846255 946846637
946847587 946848404
946848475 946848569
946848610 946849092
946849239 946850167
946850207 946850644
946855031 946856592
946856700 946857338
946909269 946909988
946910836 946910960
946910992 946911252
946912027 946913276
946913868 946917511
946919109 946919414
946920495 946921524
946923124 946923773
946923845 946925249
946928357 946929040
946930123 946930524
946931253 946933364
946934283 946935430
946935539 946935984
946936496 946938383
946938471 946939157
946940058 946940509
946941604 946941608
946941976 946942111
946942391 946942541
946942638 946942819
946943133 946944510
946944912 946945109
946945724 946947616
946947725 946948487
946962936 946964103
946964797 946964890
946996085 946996483
946997842 946999571
947001745 947002570
947003868 947003871
947003876 947003879
947003883 947003886
947008247 947010317
947012318 947013628
947016578 947017898
947018577 947018894
947019192 947019451
947020136 947023077
