937473630 937476189
937477622 937500399
937542194 937556274
937575484 937586931
937801896 937804123
937804181 937812174
937833858 937847529
937878164 937893008
937893729 937893785
937896849 937913115
937921459 937927071
937929145 937940728
937942520 937943343
938000353 938003143
938004408 938008920
938011265 938011284
938012306 938016943
938021663 938024130
938024258 938026887
938027196 938029028
938029312 938030759
938035980 938042773
938043653 938046582
938050369 938051871
938061400 938064731
938068286 938096161
938115802 938124803
938168989 938185709
938225855 938226151
938231454 938237833
938238057 938252810
938254947 938259067
938267235 938273143
938320179 938325461
938335283 938335294
938337457 938337471
938353157 938363873
938365976 938373297
938416945 938421758
938425329 938426679
938430855 938432685
938432710 938439818
938443267 938448361
938451380 938452236
938501272 938503876
938533176 938534439
938537469 938541723
938597964 938610749
938620069 938623936
938629763 938632375
938634128 938634317
938636512 938643116
938650871 938680220
938681540 938681661
938684218 938685003
938686353 938687318
938698765 938699323
938703016 938703510
938752801 938772062
938774560 938784107
938786041 938789645
938793393 938803002
938804704 938805597
938807495 938810317
938814174 938814468
938820420 938823787
938829945 938830645
938832203 938834247
938836796 938837799
938838951 938839962
938853837 938854761
938857212 938867552
938870726 938876483
939035694 939041234
939042180 939043599
939046455 939046839
939048836 939066327
939067906 939069730
939072309 939087498
939098292 939116936
939119643 939120843
939122760 939131931
939134364 939147721
939160593 939168105
939171963 939199065
939204965 939214504
939216429 939238657
939244085 939245669
939247480 939262958
939264557 939281629
939283490 939287168
939287360 939312269
939323481 939334720
939343507 939353763
939358229 939376252
939378243 939384753
939387672 939389382
939393520 939395379
939397000 939399352
939406812 939407107
939412536 939415104
939421539 939424883
939426231 939430239
939431382 939447846
939460728 939464778
939467618 939469447
939472264 939475202
939477180 939481452
939518254 939521179
939533692 939561040
939618730 939628387
939634851 939647964
939653334 939655748
939657435 939660272
939660924 939662344
939675615 939684491
939692632 939709632
939713630 939732416
939737372 939740466
939742951 939755405
939765730 939777194
939786625 939792537
939795135 939829011
939831746 939852530
939855971 939870505
939885315 939892166
939895868 939939166
939946485 939949631
939951632 939986659
939991663 939993951
939995454 940012146
940015978 940025468
940027889 940028522
940054090 940082301
940132069 940132891
940139471 940160854
940170881 940185198
940187058 940187254
940190961 940194328
940211183 940212919
940214745 940255278
940263961 940273631
940276644 940277211
940283008 940283721
940284792 940287539
940294715 940302482
940304279 940307400
940308986 940326160
940327794 940343926
940348074 940349067
940350937 940351460
940352388 940353124
940354851 940360540
940362226 940362834
940365359 940368199
940372320 940375972
940529747 940530753
940534854 940557107
940559639 940576411
940589583 940597995
940603911 940606100
940624312 940629500
940641205 940644078
940646524 940654028
940655819 940666023
940672486 940680824
940710959 940717454
940719353 940733943
940734960 940774407
940782543 940791423
940843743 940861248
940862153 940862475
940862702 940867765
940869992 940870083
940874003 940874296
940877991 940897876
940900175 940902305
940903190 940922182
940924012 940925270
940929599 940929829
940937136 940937200
940938969 940939192
940944281 940948441
940949373 940960741
940962338 940963227
940963310 940966227
940966326 940968404
940971201 940976686
940984501 940985244
940985352 940993014
940994647 940995929
941000539 941001030
941008186 941011588
941012662 941013130
941013965 941014054
941014733 941015855
941021244 941021604
941022458 941030727
941032839 941036173
941038501 941048078
941064564 941067582
941071831 941122937
941127946 941130268
941132104 941145392
941150247 941154564
941157969 941158306
941161815 941194824
941197405 941227887
941231725 941233425
941238428 941239561
941244407 941251321
941252360 941275807
941280327 941288780
941290197 941294829
941296421 941299514
941336632 941344211
941346143 941373617
941376222 941383524
941386056 941388646
941391994 941395958
941403878 941411418
941412764 941422259
941425135 941439078
941446323 941453019
941455988 941461369
941472234 941473279
941474811 941476173
941477258 941477464
941479159 941479984
941485265 941490017
941492955 941493596
941494705 941497838
941500300 941502890
941505841 941512102
941515078 941524134
941684461 941684776
941686481 941686637
941690956 941698690
941703004 941735029
941738578 941749308
941754198 941757137
941764675 941799404
941805858 941815398
941817296 941819445
941837459 941839248
941842909 941854067
941861494 941873590
941878077 941878080
941881500 941892102
941897154 941899044
941900441 941904266
941938842 941959777
942139555 942155423
942156313 942158952
942162482 942168933
942174770 942175044
942197140 942201217
942204139 942208714
942210317 942214886
942217947 942218461
942218613 942254386
942265831 942268626
942272234 942273509
942274856 942276135
942278336 942284034
942285140 942299088
942303214 942316874
942318324 942361805
942363882 942377231
942385942 942418134
942440116 942442417
942450041 942450449
942451497 942456774
942458109 942466590
942473476 942485944
942488996 942499374
942571561 942576003
942580945 942582722
942584427 942585980
942587928 942592551
942593397 942595787
942598728 942601923
942658377 942675830
942676886 942677287
942680676 942681245
942733339 942743551
942746012 942756649
942772479 942772936
942775198 942777119
942794119 942794153
942798616 942798832
942801048 942803517
942810518 942812249
942812955 942826372
942830360 942853188
942857042 942859390
942861879 942862969
942865987 942867632
942868794 942869479
942871287 942873023
942880224 942887440
942892315 942912011
942930215 942935617
942953027 942953222
942957751 942960299
942963045 942971170
942976578 942977576
942979026 942979550
942981728 942995780
942997671 943001823
943004814 943007689
943007871 943015978
943017945 943021950
943033219 943034589
943038131 943039041
943040960 943047034
943049450 943058082
943061975 943073081
943076802 943102804
943107973 943114647
943140265 943149101
943151000 943157353
943161134 943168290
943172645 943194880
943212926 943217547
943218539 943226391
943227807 943232457
943234473 943258951
943263493 943298288
943299778 943308117
943309832 943338749
943342276 943345550
943349649 943370183
943370417 943376215
943380223 943384731
943386591 943388240
943389667 943392590
943394089 943395693
943398513 943398801
943400405 943401024
943404911 943410190
943412919 943430652
943435317 943436100
943438345 943440795
943444537 943453785
943459626 943470339
943472870 943476815
943476977 943485617
943487118 943500954
943503342 943537372
943541981 943552725
943558445 943565725
943569756 943590797
943592837 943595828
943599439 943629651
943630725 943631108
943634559 943634738
943636332 943638321
943641339 943645776
943648729 943662693
943663389 943666475
943669727 943674310
943675881 943701628
943703870 943709365
943715988 943720019
943740795 943750183
943751516 943760893
943764852 943769796
943770907 943800889
943803740 943804292
943808425 943824193
943828486 943836178
943843287 943851292
943852280 943858900
943865513 943887083
943888887 943889801
943890977 943891049
943893349 943906203
943907703 943914939
943916987 943919462
943920157 943934267
943935866 943951195
943952214 943955113
943957016 943965072
943968273 943971172
943973209 943977762
943980402 943983185
943983878 944004170
944006081 944015009
944017658 944033544
944035346 944044696
944046357 944056644
944059041 944081176
944083917 944106024
944108679 944126211
944178927 944178954
944183787 944190315
944191727 944203039
944203261 944232074
944235341 944235828
944236765 944237894
944239307 944245283
944247204 944250769
944252326 944258058
944259448 944261878
944262095 944267633
944270686 944280095
944284485 944312402
944315841 944319932
944320760 944321454
944376755 944378010
944382082 944390297
944390585 944404929
944406525 944407248
944423312 944423662
944429514 944430341
944435229 944437002
944438232 944442533
944443677 944447972
944454060 944456103
944456837 944465177
944468039 944474801
944478280 944493978
944496027 944497411
944500631 944502221
944505477 944508939
944536113 944538750
944539836 944545083
944551614 944570788
944573186 944580160
944581447 944582437
944583263 944585743
944591884 944592520
944592597 944593317
944597320 944599188
944601277 944602371
944606252 944609288
944611461 944616390
944620780 944646883
944657576 944672222
944682207 944685088
944688207 944694593
944696281 944713713
944722581 944725094
944731294 944756779
944762241 944769756
944771613 944772096
944772652 944773497
944775605 944803991
944806455 944808121
944814359 944820628
944823318 944837768
944839778 944839792
944844775 944844975
944850230 944852445
944853854 944854647
944854915 944855671
944859644 944863660
944867044 944867074
944868337 944868686
944870172 944883376
944886043 944927069
944952966 944956572
944958148 945010532
945017826 945020417
945030252 945032489
945034449 945035312
945036592 945036843
945038173 945039847
945040985 945041296
945044497 945049798
945054417 945095495
945102675 945104189
945105537 945109855
945121715 945124188
945128293 945128463
945129162 945135260
945136125 945142719
945146316 945182419
945184506 945185798
945190352 945193631
945243366 945249361
945252716 945263735
945266987 945275269
945276651 945285010
945288049 945288622
945292583 945302089
945308839 945377249
945381006 945386960
945388591 945390616
945392247 945429106
945438966 945444608
945447216 945448283
945452106 945458825
945468842 945480182
945480668 945483780
945489587 945491028
945496563 945497988
945498591 945508971
945514448 945527118
945583284 945589172
945594394 945613693
945626617 945627025
945629715 945632670
945634901 945635622
945637588 945649445
945655251 945669864
945671933 945699231
945710309 945711986
945715152 945722500
945724456 945765539
945772693 945814637
945817466 945843357
945845664 945873469
945875285 945904366
945909396 945919103
945920861 945964572
945966285 945976440
945978440 945995029
945997166 945997793
945999544 946015582
946017774 946056000
946059034 946059550
946060313 946060882
946061994 946062174
946063370 946064629
946065709 946067032
946068349 946068806
946069450 946072078
946073357 946075548
946076460 946086263
946087581 946088558
946092799 946097707
946098290 946112438
946116805 946116811
946118390 946132552
946134779 946137551
946146741 946146941
946149910 946150483
946152909 946154403
946155437 946156435
946157853 946163966
946164714 946166497
946173418 946187467
946191359 946201621
946204618 946214174
946218848 946227405
946229631 946230095
946231020 946231075
946232581 946234194
946236534 946240151
946262239 946274072
946278277 946285989
946291963 946298218
946310697 946329936
946334438 946339035
946340946 946351811
946356479 946360633
946362652 946369162
946372854 946382643
946395595 946396763
946400173 946404989
946412312 946413589
946415770 946422998
946427047 946436310
946439489 946447006
946457753 946457944
946462986 946471011
946495349 946515184
946518234 946523277
946528052 946548501
946551509 946557712
946559688 946578557
946580738 946586820
946589828 946594225
946604804 946609147
946610200 946622012
946623931 946635405
946642518 946650432
946654066 946655299
946658932 946659838
946660677 946662270
946663746 946664575
946669505 946671170
946674008 946675814
946678232 946679686
946680407 946683176
946684077 946688505
946693053 946701498
946705117 946705501
946707201 946711795
946712564 946722658
946729604 946729765
946735405 946738415
946770079 946771256
946776739 946799031
946802877 946818946
946823971 946824770
946830479 946831049
946832775 946832808
946836960 946840722
946845091 946846284
946847415 946847615
946851386 946855058
946858213 946868814
946869580 946909297
946918503 946919136
946920330 946920523
946922189 946923152
946925898 946928385
946929618 946930152
946931167 946931281
946933903 946934311
946939911 946940086
946941137 946942004
946949672 946962963
946966021 946994768
946995332 946996113
946997515 946997870
947000296 947001773
947004009 947008275
947011403 947012346
947014516 947016605
