935798415 935880144
935884387 935884619
935888995 935889435
935892045 935892446
935896352 935898189
935907236 935907876
935914448 935915132
935918562 935920668
935920699 935933399
935933941 935934221
935934344 935934510
935942553 935944768
935944809 935944954
935955770 935956050
935956092 935956305
935958986 935973280
935973342 935976391
935976999 935979412
935980145 935980202
935980388 935980468
935981014 935981123
935981162 935981421
935982646 935983264
935983292 935983460
935986583 935986899
935999352 936027121
936030724 936030860
936032095 936032207
936033011 936033607
936033647 936035343
936035354 936035662
936036557 936037422
936037955 936038241
936039500 936039611
936039834 936115580
936115620 936115773
936116171 936116310
936116760 936117899
936126933 936127140
936127172 936127517
936127645 936128096
936128474 936128801
936128881 936129000
936135127 936135298
936137032 936137252
936137376 936137466
936139069 936139181
936139227 936139400
936143072 936143185
936143311 936143396
936144074 936155597
936155878 936156162
936156964 936157035
936157173 936158725
936163385 936166400
936166842 936168350
936168642 936170682
936214842 936218842
936219142 936219804
936220027 936220164
936228657 936229833
936252960 936352720
936352736 936379786
936385925 936389798
936398915 936399001
936401320 936406954
936407276 936407681
936407976 936408063
936408178 936408579
936409291 936409400
936413340 936413732
936414503 936415062
936425168 936456400
936456436 936457006
936460665 936461029
936461231 936461382
936461881 936466544
936466670 936467893
936467922 936468003
936468764 936468894
936468924 936469148
936469749 936469928
936470013 936470408
936471613 936471780
936472886 936473774
936475193 936475291
936476058 936476404
936476793 936476924
936477264 936477605
936477870 936478031
936478783 936689933
936690096 936690310
936690629 936690988
936690991 936691149
936691273 936691355
936691467 936691670
936691790 936692166
936692499 936692714
936693050 936693439
936694734 936694953
936695063 936695306
936695423 936695544
936721019 936723320
936723356 936723468
936723518 936724261
936725071 936725352
936728261 936752193
936753750 936753978
936753996 936754302
936754966 936755080
936755288 936755628
936755804 936756005
936756187 936756645
936756803 936757003
936759448 936759463
936761757 936761772
936761787 936762174
936762314 936762882
936763524 936763662
936764377 936803863
936805457 936806751
936806767 936845139
936845853 936846093
936847580 936847733
936849361 936850461
936851608 936851629
936853714 936858108
936859392 936863114
936863157 936863242
936864572 936864877
936864907 936864972
936866277 936889273
936891281 936892590
936894994 936895592
936897664 936897783
936900030 936900233
936900433 936900476
936902645 936903481
936904174 936904287
936905961 936906096
936915233 936915558
936916446 936916461
936920694 936920710
936920743 936920752
936920841 936920853
936920873 936920889
936920928 936920946
936920955 936920967
936921005 936921015
936921029 936921038
936921073 936921100
936921110 936921152
936921157 936921207
936921208 936921261
936921262 936921302
936921305 936921396
936921397 936921410
936921428 936921464
936921567 936921584
936921606 936921616
936921643 936921652
936921653 936921675
936921677 936921722
936922718 936922819
936923186 936923201
936924629 936924737
936924880 936924992
936925489 936925504
936926313 936926440
936927003 936927018
936929603 936929721
936930091 936930106
936937927 936938064
936938428 936938443
936948727 936948832
936949191 936949206
936973408 936973611
936973917 936976807
936991415 936991655
937202436 937202451
937206254 937206269
937207607 937207622
937208706 937208721
937210499 937210514
937214284 937214299
937235778 937235793
937237060 937237075
937239124 937239139
937240435 937240450
937243076 937243091
937243140 937243154
937243157 937243166
937243190 937243203
937243206 937243216
937243218 937243233
937245841 937245856
937247907 937247922
937251615 937251630
937255752 937255767
937276453 937276468
937294328 937294343
937300560 937300575
937301275 937301290
937302213 937302228
937304300 937304315
937305143 937305158
937305389 937305404
937306756 937306771
937308748 937308763
937311243 937311258
937313551 937313566
937318764 937318779
937323905 937323920
937334673 937334688
937335755 937335770
937338204 937338219
937341815 937341830
937343448 937343463
937344982 937344997
937346352 937346367
937347125 937347140
937348160 937348175
937349322 937349337
937396888 937396903
937399776 937399791
937412384 937412390
937416266 937416281
937417093 937417108
937417869 937417884
937425763 937425778
937426477 937426492
937432397 937432412
937433633 937433648
937434751 937434766
937435863 937435878
937436340 937436355
937438110 937438125
937439031 937439046
937444195 937444210
937451075 937451090
937455839 937455854
937468617 937468632
937470652 937470667
937470737 937470752
937471508 937471523
937476174 937476189
937477193 937477208
937500384 937500399
937502112 937502127
937502452 937502467
937503468 937503483
937503671 937503686
937504192 937504207
937504419 937504434
937506293 937506308
937506498 937506513
937507236 937507251
937507463 937507478
937508852 937508867
937508903 937508918
937510095 937510110
937510398 937510413
937521257 937521272
937521631 937521646
937522846 937522861
937527853 937527868
937529029 937529044
937529612 937529627
937530832 937530847
937533238 937533253
937534644 937534659
937535315 937535330
937537489 937537504
937538943 937538958
937540494 937540509
937557429 937557444
937558749 937558764
937559390 937559405
937560375 937560390
937561015 937561030
937562513 937562528
937562791 937562806
937563432 937563447
937565279 937565294
937566799 937566814
937567018 937567033
937567970 937567985
937568532 937568547
937569472 937569487
937569720 937569735
937571166 937571181
937571529 937571544
937572707 937572722
937572934 937572949
937575214 937575229
937586915 937586931
937587960 937587975
937590577 937590592
937598312 937598327
937599984 937599999
937604580 937604595
937606389 937606404
937611566 937611581
937614158 937614173
937615339 937615354
937615590 937615605
937618629 937618644
937631673 937631688
937632922 937632937
937633369 937633384
937634738 937634753
937634957 937634972
937635476 937635491
937635888 937635903
937637158 937637173
937641450 937641465
937644935 937644950
937645180 937645195
937648064 937648079
937648480 937648495
937650199 937650214
937651815 937651830
937653457 937653472
937654063 937654078
937655036 937655051
937655239 937655254
937656339 937656354
937663186 937663201
937724987 937725002
937727021 937727036
937733187 937733202
937738726 937738741
937743143 937743158
937748070 937748085
937749846 937749861
937754474 937754489
937759383 937759398
937760963 937760978
937764581 937764596
937768125 937768140
937770019 937770034
937771722 937771737
937784330 937784345
937784728 937784743
937790920 937790935
937793939 937793954
937794693 937794708
937812161 937812176
937820128 937820143
937821621 937821636
937823120 937823135
937825029 937825044
937825777 937825792
937826111 937826126
937828528 937828543
937828903 937828918
937833254 937833269
937851348 937851363
937855420 937855687
937856171 937856186
937861150 937861328
937861372 937861867
937862281 937862296
937862845 937863258
937863301 937863494
937863539 937863698
937863815 937864013
937864391 937864506
937864630 937864910
937865323 937865480
937865987 937866302
937866440 937868532
937870585 937870600
937873331 937873495
937874015 937874030
937874252 937874344
937874743 937874758
937874969 937875681
937876261 937876276
937876511 937876714
937876864 937877004
937877462 937877477
937893772 937893993
937894036 937894544
937894660 937894917
937894961 937895057
937895590 937895605
937913103 937914398
937914967 937914982
937915251 937915379
937915782 937915797
937916034 937916214
937916637 937916652
937917769 937917963
937918381 937918396
937918602 937918739
937919157 937919172
937919886 937920113
937920535 937920550
937927059 937927201
937927243 937928086
937928178 937928253
937928674 937928689
937940715 937940872
937940918 937941050
937941147 937941185
937941917 937941932
937943331 937943543
937943589 937943662
937943984 937944118
937944139 937944685
937944814 937944988
937945030 937945160
937945595 937945610
937945698 937946069
937946108 937946335
937946752 937946767
937947000 937947093
937947639 937947654
937947859 937947956
937947998 937948175
937948219 937948361
937948391 937948718
937948750 937948912
937948940 937949430
937949457 937949663
937950225 937950240
937950494 937950603
937950639 937950775
937951501 937951516
937951731 937952101
937952508 937952523
937952965 937954436
937955003 937955526
937955924 937955939
937956211 937956463
937956601 937956873
937957289 937957304
937958161 937958469
937958900 937960664
937964056 937964071
937964330 937964557
937964967 937964982
937965537 937966773
937966872 937966992
937967042 937967543
937967948 937967963
937968168 937968438
937968570 937968742
937969170 937969185
937969412 937969502
937969656 937969831
937970201 937970216
937970477 937970702
937970840 937971067
937971451 937971466
937971670 937971817
937972184 937972199
937972404 937972643
937973022 937973037
937973243 937973384
937973516 937973688
937974057 937974072
937974290 937974386
937974814 937974829
937975035 937975234
937975614 937975629
937975840 937975935
937976088 937976228
937976610 937976625
937976850 937977359
937977733 937977748
937978559 937979566
937979946 937979961
937980172 937980272
937980651 937980666
937981520 937981652
937981800 937982125
937982163 937982271
937982659 937982674
937982972 937983323
937983717 937983732
937984261 937984547
937984922 937984937
937985148 937985359
937985736 937985751
937985991 937986177
937986603 937986618
937987735 937988325
937988448 937988531
937988768 937989074
937989342 937989607
937989861 937990622
937991458 937991473
937991674 937992258
937992452 937992539
937992913 937992928
937992930 937995133
937995541 937995556
937995787 937995934
937996348 937996363
937996745 937996845
937997311 937997326
937997547 937997675
937997775 937997967
937998007 937998137
937999149 937999164
938008907 938009471
938010005 938010020
938010271 938010444
938010858 938010873
938011271 938011399
938011787 938011802
938019118 938019329
938019746 938019761
938030755 938031282
938031796 938032173
938033065 938033080
938046568 938047753
938048189 938048204
938051859 938051997
938052263 938052475
938052518 938052817
938053186 938055611
938055919 938056013
938056593 938056608
938056747 938057940
938057985 938058369
938058406 938059403
938060313 938060328
938064718 938065256
938065481 938065671
938066098 938066113
938096715 938098182
938099089 938099173
938099219 938099653
938106895 938107590
938108774 938108884
938108931 938109059
938109866 938109881
938111325 938112584
938113159 938113174
938124790 938149424
938150096 938150111
938150279 938150366
938150774 938150789
938158206 938159458
938159523 938159621
938159664 938160602
938161483 938161498
938162102 938162965
938162978 938163891
938163922 938164071
938164185 938164280
938164904 938165055
938165099 938165202
938165247 938165448
938165491 938166735
938167059 938167147
938168425 938168440
938186440 938187947
938187988 938188287
938188373 938190211
938190230 938191470
938191521 938191650
938191859 938192195
938192222 938192253
938192431 938192691
938193096 938193831
938197326 938197640
938198835 938199479
938199490 938199520
938199528 938201856
938201872 938202019
938202405 938202520
938203217 938203232
938206888 938209470
938209479 938209520
938209524 938209956
938210122 938210200
938210450 938210599
938211165 938211180
938211446 938211650
938212333 938216091
938216171 938218122
938218397 938218492
938220201 938220216
938222444 938222756
938223147 938223162
938226138 938226921
938227367 938227538
938227585 938228222
938228275 938228394
938228435 938228533
938228767 938229358
938229452 938229726
938230500 938230515
938252796 938252951
938254860 938254875
938259343 938259724
938260246 938260261
938260505 938260604
938260647 938260725
938261173 938261188
938261596 938261734
938261778 938261940
938262375 938262390
938263611 938263979
938264393 938264408
938264681 938265331
938265379 938265455
938265497 938265901
938266365 938266380
938277753 938283348
938285977 938292672
938292688 938298012
938298054 938298346
938298407 938298669
938299800 938300937
938300987 938301143
938301191 938301299
938301313 938301713
938301743 938301803
938301810 938302306
938302870 938302974
938303855 938304131
938304182 938304325
938304375 938304842
938304897 938305131
938305160 938305263
938305293 938305601
938305632 938307570
938307616 938307759
938307805 938307871
938307916 938308051
938308081 938308502
938309489 938309504
938316215 938317534
938318607 938318622
938325448 938325973
938326459 938326474
938326755 938326929
938326972 938327091
938327138 938327269
938327395 938328537
938329561 938329576
938332189 938332349
938332394 938332568
938332692 938332774
938333210 938333225
938339860 938340209
938340342 938340702
938340748 938341258
938341303 938341435
938342044 938342674
938342707 938344088
938344098 938347001
938347010 938347091
938347095 938347142
938347144 938347315
938347323 938348159
938348191 938348787
938348798 938349158
938350944 938351015
938351055 938351778
938352557 938352572
938363860 938364063
938364110 938364541
938364662 938364990
938365732 938365747
938373285 938373571
938378502 938378734
938378771 938378935
938379052 938379246
938380428 938380443
938384018 938399208
938399255 938399724
938399829 938400187
938400325 938400459
938400507 938401259
938401260 938402098
938402164 938402632
938402660 938402732
938403796 938403811
938409633 938410186
938410241 938410351
938410432 938410519
938411045 938411060
938413163 938413288
938413588 938413688
938413743 938413955
938414063 938414439
938414507 938414600
938416554 938416569
938422048 938422276
938422432 938422603
938422659 938422858
938422931 938423117
938423254 938423424
938424083 938424098
938426666 938427198
938428508 938428704
938428838 938429095
938429872 938429887
938439805 938440325
938441575 938441590
938441876 938442082
938442135 938442383
938442951 938442966
938448349 938448476
938448522 938448623
938449100 938449256
938449307 938449376
938450209 938450224
938452223 938495623
938496061 938496241
938497071 938497179
938497767 938497782
938498323 938498452
938498688 938499400
938499846 938499861
938503864 938504029
938504039 938504061
938505508 938512117
938512341 938512615
938512741 938512902
938513488 938513503
938526439 938526674
938526725 938528058
938528205 938528349
938528401 938529111
938529163 938529411
938529545 938529747
938530383 938530398
938534426 938535215
938535645 938535750
938535802 938535969
938536578 938536593
938541710 938541970
938542082 938542279
938542918 938582615
938584813 938584828
938586158 938586303
938586735 938586750
938587578 938587697
938588133 938588148
938588678 938589006
938589044 938589150
938589195 938589841
938590274 938590289
938590572 938590739
938591143 938591158
938591537 938595051
938595584 938595599
938610736 938611662
938611813 938611991
938612273 938612385
938612672 938612901
938613021 938613115
938613236 938613604
938613722 938613863
938613901 938614132
938614172 938614303
938614425 938614554
938614949 938615057
938615630 938615764
938615808 938616008
938616861 938616876
938617052 938617216
938617643 938617658
938623923 938624116
938624258 938624747
938625176 938625191
938625481 938625768
938625820 938625878
938625926 938626027
938626385 938626504
938626553 938626648
938627219 938627234
938627357 938627620
938627668 938628032
938628172 938628312
938628765 938628780
938632362 938632461
938632741 938632829
938633278 938633293
938634303 938634418
938634502 938634695
938634877 938635320
938635854 938635869
938643103 938643356
938643532 938644048
938645041 938645056
938645345 938645540
938645638 938645802
938645849 938646003
938646052 938646266
938646315 938646400
938647179 938647194
938647484 938647633
938647677 938647883
938647928 938648863
938649304 938649319
938680208 938680355
938680789 938680804
938681648 938681859
938681907 938682217
938682261 938682454
938682590 938682679
938683058 938683385
938683933 938683948
938684990 938685523
938685999 938686014
938687305 938687440
938687487 938687639
938687679 938688119
938688558 938688972
938689018 938690659
938691169 938691267
938692414 938692794
938693142 938693516
938693557 938693977
938694017 938694628
938694672 938694802
938694846 938695487
938696224 938696239
938696588 938696895
938696939 938697076
938697199 938697891
938698322 938698337
938699310 938699478
938699526 938699754
938699799 938699859
938699904 938700236
938700361 938701070
938701116 938702086
938702751 938702766
938703498 938703642
938703683 938708070
938708114 938710073
938710119 938710216
938710732 938712603
938712644 938713311
938713353 938715548
938715628 938716116
938716223 938719233
938719339 938719794
938719886 938720170
938720215 938720483
938720531 938720669
938721112 938721312
938721328 938721660
938721710 938723747
938723823 938724161
938724210 938724777
938724866 938725364
938726144 938726987
938727559 938729658
938730160 938731036
938731079 938732671
938733023 938733122
938733262 938733653
938734029 938734340
938734796 938734811
938734947 938735741
938736172 938736187
938739383 938739459
938739504 938739698
938739826 938740069
938740538 938740553
938743017 938743131
938743591 938743606
938744540 938744704
938744750 938744902
938745230 938745628
938745979 938748956
938748999 938749177
938749297 938749411
938749456 938749560
938749601 938749918
938750453 938750468
938772281 938772445
938772498 938772661
938772711 938772813
938772857 938773021
938773072 938773227
938773275 938773454
938773728 938773814
938774271 938774286
938784095 938784288
938784333 938784509
938784554 938784901
938785347 938785362
938789632 938790459
938790589 938790918
938792281 938792296
938802990 938803151
938803216 938803383
938803805 938803820
938805584 938805885
938806178 938806256
938806581 938806634
938807092 938807107
938810304 938810416
938810470 938811225
938811352 938811779
938812236 938812596
938812654 938812860
938813392 938813407
938814456 938814720
938815405 938816177
938816615 938816922
938817363 938818491
938819521 938819536
938823774 938823911
938823958 938824983
938825013 938825253
938825298 938825444
938825489 938825587
938826120 938826135
938826855 938827073
938827507 938827522
938827750 938827979
938828406 938828421
938830632 938831108
938831155 938831231
938831681 938831696
938834234 938834352
938834535 938834898
938834920 938835439
938835467 938835543
938836110 938836125
938837787 938838077
938838519 938838534
938839949 938840095
938840431 938840815
938840862 938840962
938841005 938841102
938841140 938841212
938841666 938841681
938844048 938845494
938845536 938845785
938846174 938846268
938846662 938846756
938847137 938847268
938847366 938847466
938847521 938847607
938847654 938847894
938848019 938848085
938848133 938848218
938848909 938848924
938851539 938851662
938851705 938851850
938852574 938852589
938854749 938854978
938855027 938855288
938855334 938855396
938855445 938855551
938855597 938855724
938856232 938856247
938867539 938867764
938868041 938869576
938870126 938870141
938876541 938880898
938881693 938882033
938882080 938882383
938882427 938882493
938882520 938882661
938882808 938882972
938883018 938883127
938883166 938883617
938883679 938883929
938883953 938885322
938885359 938885420
938885450 938886569
938886805 938887023
938887070 938887262
938887308 938887474
938887718 938887819
938887865 938888205
938888678 938890383
938890552 938892360
938892512 938893007
938893262 938893527
938893592 938893723
938893769 938894197
938894245 938894518
938894568 938895213
938895260 938895901
938895946 938897147
938897194 938897297
938897688 938897770
938897849 938898006
938898083 938899270
938899491 938899592
938899665 938901735
938902180 938902746
938902794 938903384
938906845 938906952
938910626 938911165
938917986 938918250
938919196 938919211
938921367 938921564
938922371 938922386
938929563 938930496
938930601 938930722
938931281 938931296
938946860 938946959
938947158 938947456
938947589 938947748
938948230 938948245
938948533 938948643
938949089 938949104
938956868 938958056
938958106 938958219
938958245 938958671
938959269 938959284
938961633 938962018
938962065 938962184
938962662 938962677
938966000 938966203
938966379 938966606
938966657 938966861
938966911 938967468
938968139 938968154
938976517 938977789
938977833 938978052
938978104 938982650
938983924 938984081
938984482 938985057
938986433 938986448
938987955 938988402
938988540 938988762
938988814 938988947
938988994 938989301
938989624 938999973
938999978 939000912
939000994 939001694
939001695 939002141
939003741 939003756
939003980 939004546
939004737 939004828
939005455 939005470
939006905 939007437
939007992 939008007
939018763 939019695
939020223 939020238
939021040 939021231
939021678 939021693
939021936 939022067
939022579 939022756
939022813 939022966
939023632 939023647
939025611 939025824
939026294 939026469
939026884 939027182
939027388 939027563
939028402 939029155
939029339 939030130
939030143 939030572
939033036 939033135
939034686 939034701
939043586 939043709
939043767 939044168
939044733 939044748
939045057 939045332
939045843 939045858
939046826 939047225
939047376 939047819
939048278 939048293
939066314 939066452
939066745 939066928
939067389 939067404
939069717 939070146
939070240 939070462
939071083 939071176
939071757 939071772
939087485 939087598
939089309 939089453
939089502 939089573
939089855 939090187
939090914 939090929
939092751 939093733
939093875 939094024
939094159 939094303
939094976 939094991
939095341 939095445
939095645 939095883
939096330 939096345
939116924 939117012
939117227 939117296
939117312 939117519
939117982 939117997
939118386 939118705
939119168 939119183
939120830 939121083
939121979 939121994
939131919 939132174
939132626 939132641
939132925 939133301
939133470 939133706
939134165 939134180
939147708 939149536
939150367 939150528
939151837 939151852
939152848 939159733
939160251 939160266
939199052 939199161
939199728 939199743
939200064 939200288
939200304 939202697
939203966 939203981
939214491 939214777
939215022 939215242
939215708 939215723
939238643 939238765
939239294 939239309
939239632 939241660
939241662 939241900
939243043 939243058
939245657 939246309
939246784 939246799
939262945 939263037
939263566 939263581
939281617 939281889
939282422 939282437
939312256 939312458
939312925 939320761
939321362 939321585
939321662 939322238
939322817 939322832
939334707 939341086
939341708 939341723
939353750 939355000
939355537 939355552
939376239 939376354
939376698 939376909
939377395 939377410
939385147 939385820
939386561 939386576
939389369 939389727
939389782 939390356
939390408 939390851
939390909 939391157
939391378 939392146
939393333 939393348
939395367 939395484
939395546 939395835
939395891 939395998
939396694 939396709
939399338 939399651
939399794 939403628
939403759 939404243
939404357 939404515
939404645 939405709
939406617 939406632
939407094 939407197
939407252 939407415
939407469 939407623
939407678 939407821
939408259 939408501
939408553 939409560
939410435 939411070
939411701 939411716
939415218 939415925
939416066 939416521
939416579 939416739
939416860 939417242
939417381 939417612
939417666 939418348
939418400 939418493
939418574 939418900
939418969 939419498
939419565 939419758
939420387 939420402
939420571 939420685
939421258 939421273
939447833 939451779
939451807 939452239
939452297 939454582
939455275 939456368
939457155 939457170
939464765 939465203
939465594 939466119
939466807 939466822
939469434 939470682
939471303 939471318
939475189 939476152
939476306 939476423
939476976 939476991
939481975 939482281
939482350 939508686
939508977 939509124
939509181 939509319
939509468 939509561
939511508 939511523
939511935 939512055
939512114 939512257
939512317 939512843
939513087 939513173
939513233 939514370
939515298 939515313
939521442 939521636
939521795 939522481
939523369 939524417
939524618 939524702
939524765 939524864
939525592 939525607
939529792 939529801
939561027 939562420
939562478 939562924
939563904 939563919
939564716 939564941
939565002 939566171
939566232 939567569
939567790 939568163
939568225 939569734
939569782 939569955
939570503 939570803
939570861 939571070
939571974 939572018
939572100 939572469
939572623 939572840
939573278 939573414
939574429 939574794
939574848 939575499
939576056 939576241
939579166 939579340
939579393 939579529
939579588 939579748
939579806 939580078
939581660 939582499
939582558 939582773
939582833 939583031
939586761 939586960
939587023 939588164
939588321 939588547
939588606 939588932
939588994 939590815
939590876 939591189
939591894 939592143
939592211 939592793
939592848 939593070
939593127 939595707
939596264 939597340
939597624 939597852
939597902 939598074
939598197 939598402
939598415 939598484
939598505 939598581
939598583 939598773
939599107 939599319
939599449 939599536
939599664 939600101
939600949 939601086
939601136 939601494
939601544 939601804
939601967 939602551
939602874 939603127
939603305 939603717
939603945 939604231
939604395 939604773
939604824 939605147
939605199 939605629
939605695 939606506
939606617 939606803
939606940 939608336
939608457 939608958
939609066 939609352
939609401 939609625
939609752 939610002
939610076 939610241
939610292 939610543
939610629 939610855
939617688 939617703
939628374 939628592
939628734 939630170
939630354 939631847
939631910 939631990
939632844 939632859
939633155 939633456
939633977 939633992
939647951 939648821
939648898 939649468
939649483 939650375
939651478 939651623
939652504 939652519
939655735 939655904
939655920 939656111
939656171 939656701
939657259 939657274
939662332 939663975
939664116 939664235
939664287 939664410
939664462 939667119
939667869 939669204
939669285 939670965
939671517 939672182
939672474 939672580
939672633 939672823
939672878 939673057
939673112 939673227
939675173 939675188
939684478 939685489
939685947 939685962
939689211 939689500
939689553 939689674
939689789 939690623
939690808 939691029
939691678 939691693
939709620 939709718
939709921 939710352
939710480 939710548
939711145 939711160
939732403 939733228
939733664 939733679
939734450 939734545
939734595 939735832
939735883 939736085
939736529 939736544
939740453 939740729
939740784 939741102
939742210 939742225
939755392 939756061
939756817 939756969
939757558 939758239
939758603 939758764
939759505 939759520
939762292 939762409
939762999 939763317
939763456 939763694
939763837 939764139
939764716 939764731
939778482 939779267
939779814 939779829
939781941 939782073
939782264 939782440
939782601 939782728
939783241 939783395
939783709 939783943
939784072 939784206
939784258 939784363
939784928 939784943
939785275 939785386
939785826 939785841
939792525 939793025
939793159 939793984
939794487 939794502
939828998 939829348
939830404 939830419
939852516 939853330
939853562 939853814
939853866 939854203
939854826 939854841
939873902 939879778
939879821 939880101
939880307 939882353
939882407 939882943
939882996 939883219
939884067 939884082
939892153 939893832
939894355 939894370
939894606 939894831
939895269 939895284
939939154 939941072
939941282 939941416
939941938 939942144
939942238 939943103
939943494 939943571
939943625 939943773
939944584 939944599
939986645 939987795
939988334 939988349
939988602 939988762
939988821 939990545
939991116 939991131
939993938 939994467
939994891 939994906
940012134 940012294
940012518 940012611
940013453 940013934
940013964 940014158
940014218 940014672
940014724 940014872
940014923 940015206
940015760 940015775
940025455 940025678
940025761 940025888
940026485 940027223
940027708 940027723
940028509 940030633
940030780 940038768
940038913 940040429
940040538 940049170
940050600 940050615
940082288 940082382
940082423 940083246
940083295 940083375
940083424 940085355
940085951 940085966
940087206 940089070
940089291 940108268
940108346 940111902
940111975 940112173
940112311 940112519
940112593 940112722
940112773 940113044
940113121 940113584
940113661 940113771
940113875 940114344
940114474 940114980
940115206 940115626
940115680 940115808
940115983 940116059
940117073 940117088
940118197 940118303
940118377 940118573
940119016 940119031
940122067 940122364
940122920 940125457
940125670 940125696
940125699 940129172
940129231 940129585
940129744 940130022
940130073 940130226
940130465 940130687
940130812 940130891
940131510 940131525
940132878 940133236
940133347 940133963
940134015 940134171
940134246 940134399
940134508 940134674
940134793 940135181
940135257 940135358
940135519 940135668
940135741 940135908
940136018 940136110
940136149 940136382
940136410 940136486
940137147 940137162
940160841 940162091
940162328 940162475
940162589 940162720
940162774 940162947
940163001 940163095
940163237 940163970
940164859 940164874
940164929 940165327
940165378 940165480
940165489 940165691
940165807 940166093
940166947 940167141
940167926 940167941
940169000 940169345
940169404 940169702
940170590 940170605
940185185 940185364
940185528 940185775
940185839 940186048
940186101 940186256
940186772 940186787
940187241 940187438
940187717 940187966
940188045 940188246
940188401 940189261
940189413 940189886
940190398 940190413
940194315 940196210
940199221 940199318
940199454 940199844
940199901 940200538
940201738 940201824
940202121 940202709
940202993 940203494
940203536 940203816
940203870 940204107
940204117 940206156
940206215 940206334
940206518 940207807
940208453 940208593
940210200 940210215
940212907 940213831
940214303 940214318
940255265 940256722
940257175 940257394
940257453 940257544
940258361 940258376
940258639 940260350
940260718 940261049
940261558 940261573
940261574 940262042
940262478 940262493
940273618 940274189
940274940 940274955
940277199 940279979
940280280 940281564
940282692 940282707
940283708 940283803
940284288 940284303
940291516 940292673
940293734 940293749
940302470 940302597
940302744 940302928
940303382 940303397
940307387 940307924
940308488 940308503
940326148 940326716
940327206 940327221
940343912 940345105
940345639 940345725
940345858 940345954
940346004 940346108
940346606 940346621
940349055 940349215
940349355 940349720
940349848 940350035
940350533 940350548
940353112 940353765
940354251 940354266
940360527 940361158
940361950 940361965
940362821 940362974
940363112 940364391
940365097 940365112
940370241 940370685
940370732 940370945
940370995 940371110
940371161 940371301
940372036 940372051
940375958 940381358
940381360 940382189
940382672 940386093
940386124 940386338
940386341 940396828
940396877 940403892
940403922 940406786
940406811 940408256
940408339 940408441
940408454 940412851
940413007 940413077
940413317 940418485
940418640 940421986
940422067 940422307
940422331 940424533
940424588 940426489
940426565 940427033
940427130 940431353
940431373 940434629
940434630 940439761
940439772 940440271
940440282 940441728
940442491 940442679
940443209 940443539
940443667 940444156
940444965 940444980
940449599 940450105
940450348 940451549
940452314 940452329
940454219 940454366
940454933 940460323
940460692 940460892
940460941 940461610
940461723 940462030
940462152 940462291
940462364 940462466
940465893 940465908
940470452 940471941
940473138 940473153
940474055 940474151
940474828 940474843
940493164 940494135
940495202 940495217
940495548 940496589
940498032 940498237
940498434 940498667
940499217 940499232
940499729 940499860
940500368 940500383
940505080 940505273
940506676 940506691
940506740 940506763
940506904 940507041
940507602 940507617
940509762 940509919
940511321 940511336
940513820 940514552
940515829 940516186
940516311 940516828
940520758 940520773
940530741 940531050
940531180 940531447
940532448 940532463
940576913 940578573
940579294 940579309
940579447 940579864
940579915 940580134
940580313 940580474
940580611 940580756
940581631 940582044
940582156 940582545
940583263 940583278
940597981 940598374
940598474 940599001
940599053 940599153
940600881 940601100
940601977 940601992
940606087 940607755
940607888 940608306
940612611 940612739
940613038 940613225
940616272 940616450
940619315 940619330
940619436 940621080
940621518 940621830
940622373 940622388
940629487 940629657
940630393 940630408
940630993 940632230
940633097 940633112
940633141 940633548
940633916 940635838
940636690 940636705
940636802 940639027
940639825 940639840
940644065 940644189
940644192 940644567
940645137 940645152
940654016 940654120
940654314 940654417
940654866 940654881
940666009 940666398
940666615 940667854
940669017 940669032
940669819 940670059
940670537 940670552
940680811 940684165
940684315 940684428
940685059 940685074
940686489 940687291
940687343 940687862
940688510 940688613
940689140 940689635
940689746 940689843
940689939 940690411
940691153 940691424
940691473 940691636
940691689 940691870
940691903 940692398
940692513 940693143
940693406 940693515
940693791 940695911
940696186 940696403
940698241 940698988
940699004 940701026
940701079 940701210
940701216 940704015
940704354 940704464
940705373 940705528
940705810 940706390
940706439 940706718
940706788 940707310
940708236 940708251
940717440 940717636
940717685 940718211
940718849 940718864
940774393 940775203
940775757 940775772
940777238 940777489
940777540 940779898
940779966 940780692
940780796 940781063
940781113 940781513
940782231 940782246
940797357 940840929
940841955 940841970
940861235 940861467
940861919 940861934
940867752 940867931
940868074 940868583
940868712 940869039
940869501 940869516
940870070 940870262
940870408 940871086
940871225 940871513
940871968 940871983
940874283 940875953
940876438 940876453
940898187 940898446
940898607 940898737
940899270 940899285
940922169 940922526
940922980 940922995
940925257 940926065
940926125 940926183
940926309 940926387
940926863 940927124
940927255 940927929
940928929 940928944
940929817 940930503
940930559 940930828
940930889 940931169
940931419 940931508
940931515 940931683
940931847 940931953
940932544 940932814
940933022 940933134
940933187 940933456
940933509 940933832
940934267 940934416
940934736 940934846
940934854 940934946
940934996 940935495
940935620 940935723
940935839 940936061
940936564 940936579
940937187 940937448
940937537 940937907
940937912 940938015
940938492 940938507
940939179 940939953
940940007 940940269
940940722 940940737
940940868 940941086
940941139 940941242
940943788 940943803
940948428 940948562
940949189 940949204
940960728 940961113
940961559 940961574
940968392 940968691
940968742 940969085
940969537 940969552
940976674 940981339
940981340 940982490
940983954 940983969
940995916 940997368
940997810 940998036
940998569 940998584
940998754 940998941
940999377 940999392
941001016 941002419
941002820 941003552
941003602 941003818
941003872 941005325
941006234 941006249
941006445 941006765
941006815 941006944
941007637 941007652
941011575 941011746
941011796 941011942
941012385 941012400
941013116 941013315
941013752 941013767
941014041 941014137
941014567 941014582
941015842 941016106
941016157 941016396
941016452 941017658
941018118 941018133
941018396 941020234
941020372 941020639
941021132 941021147
941021591 941021784
941022267 941022282
941030714 941031216
941031266 941031817
941031866 941032216
941032681 941032696
941036160 941037073
941037547 941037562
941048065 941048667
941048848 941062240
941062320 941062457
941062515 941062737
941063521 941063536
941067569 941068815
941069791 941069806
941122924 941123026
941123079 941125477
941125552 941125657
941125782 941125864
941126839 941126854
941130255 941131004
941131523 941131538
941145379 941146197
941146339 941146530
941147623 941147638
941154551 941155935
941156878 941156893
941158293 941158667
941159119 941160040
941160655 941160670
941194810 941195289
941195646 941195829
941196492 941196507
941227873 941228108
941228159 941228327
941228378 941229361
941229408 941229756
941229929 941230074
941231489 941231504
941233413 941234554
941234716 941235800
941236151 941236261
941236311 941237008
941237134 941237456
941238201 941238216
941239548 941240161
941240212 941240465
941240517 941240643
941240725 941241211
941242408 941242423
941276981 941278393
941279198 941279213
941288768 941289244
941289809 941289824
941294816 941294978
941294983 941295212
941295219 941295638
941296235 941296250
941300052 941302397
941302821 941303069
941308434 941308518
941309497 941309615
941310275 941310668
941310794 941311265
941311452 941311693
941311751 941312537
941312624 941312714
941312769 941313014
941313145 941313464
941313517 941316977
941317092 941317245
941317789 941317872
941319052 941319539
941319904 941323098
941323527 941326394
941326446 941326669
941327201 941327529
941327627 941327762
941328995 941329010
941329212 941329839
941329852 941330025
941330031 941330474
941330480 941331182
941331522 941331925
941332107 941332373
941332450 941332583
941333035 941334732
941334817 941334983
941335762 941335777
941344199 941344297
941344569 941344648
941344699 941344809
941345475 941345490
941373604 941374106
941374114 941374517
941375266 941375281
941383511 941384052
941384211 941384358
941384411 941384888
941385619 941385634
941389339 941389516
941389567 941390441
941390492 941391100
941391589 941391604
941395945 941396207
941396259 941396436
941396507 941396769
941397329 941397344
941397559 941399202
941399272 941399446
941399514 941399602
941399653 941400161
941400215 941401208
941401281 941401406
941401458 941401706
941402193 941402850
941403489 941403504
941411404 941411873
941411939 941412127
941412594 941412609
941422246 941422381
941422435 941422654
941422793 941423828
941424359 941424374
941439064 941440208
941440211 941444136
941445459 941445474
941453007 941454384
941455140 941455155
941461356 941461938
941462101 941462187
941462387 941467519
941467742 941468091
941468218 941468581
941469119 941469254
941469300 941470445
941470563 941470663
941470775 941470905
941470957 941471127
941471863 941471878
941473266 941473951
941474490 941474505
941476161 941476277
941476326 941476572
941477020 941477035
941477451 941478346
941478941 941478956
941479971 941480123
941480177 941480468
941480889 941481081
941481411 941481569
941481619 941481948
941482042 941482160
941482257 941482464
941482519 941483567
941483617 941484565
941485108 941485123
941490004 941491699
941491754 941491955
941492006 941492173
941492672 941492687
941493583 941493964
941494416 941494431
941497825 941498079
941498089 941498545
941498588 941499174
941499259 941499452
941499923 941499938
941502877 941503079
941503157 941503395
941503452 941503712
941504162 941504177
941524148 941525251
941525310 941526341
941526399 941526770
941527422 941527581
941527638 941528329
941528381 941533837
941534824 941534839
941539253 941545461
941545569 941578627
941578695 941588063
941588115 941588743
941589134 941589193
941589212 941589581
941589617 941590802
941590889 941591737
941591815 941592690
941592799 941593081
941593123 941597718
941597944 941598252
941598329 941598434
941598488 941599019
941599250 941599453
941599480 941599933
941599935 941600246
941600279 941601608
941601611 941602206
941602210 941605570
941605584 941608161
941608271 941608612
941608719 941609637
941609727 941610041
941610123 941611873
941612397 941612539
941612660 941612834
941612971 941613031
941613059 941613132
941613160 941614368
941614410 941616300
941616304 941616362
941616430 941617509
941617755 941618288
941618417 941618782
941618809 941621455
941621465 941621847
941621848 941633062
941633383 941634822
941635322 941636785
941637055 941637221
941637254 941638153
941638504 941639026
941639045 941639873
941639890 941640250
941640320 941642224
941642341 941642590
941642618 941643864
941643886 941644139
941644167 941644294
941644381 941644902
941644937 941645236
941645263 941645545
941645573 941645937
941647308 941668981
941669216 941669636
941669646 941669761
941670195 941671057
941671863 941672557
941674390 941674504
941674538 941677959
941677960 941679789
941679811 941680034
941680079 941680588
941680964 941681673
941681676 941683047
941684107 941684122
941684762 941685412
941685463 941685848
941686290 941686305
941686625 941687662
941687799 941688586
941688605 941689199
941689201 941689731
941689762 941690230
941690761 941690776
941698678 941700176
941700428 941701529
941702276 941702291
941735016 941735164
941735312 941735773
941736801 941737188
941738226 941738241
941749296 941752979
941754025 941754040
941757125 941758077
941758995 941759099
941759387 941759606
941759660 941759791
941759843 941760205
941760319 941760489
941760660 941762743
941763541 941763556
941799392 941800303
941800492 941800744
941800751 941800950
941801764 941801779
941802185 941802348
941802687 941802852
941803580 941803595
941815386 941815707
941815923 941816047
941817014 941817029
941819433 941834492
941835332 941835347
941835492 941835876
941837076 941837091
941839234 941839707
941839797 941839975
941840121 941840646
941840871 941841468
941841639 941842224
941842730 941842745
941854285 941855595
941855728 941855945
941856110 941856554
941856819 941857051
941857342 941857645
941858775 941858909
941860072 941860087
941873578 941873774
941873890 941874094
941874319 941874417
941874521 941874626
941874779 941875616
941876533 941876548
941878067 941878203
941878234 941878780
941879037 941879130
941879831 941879846
941892748 941894679
941895299 941895374
941895480 941895631
941896450 941896465
941899031 941899595
941900058 941900073
941906057 941932452
941932955 941933224
941935843 941935858
941936809 941936881
941959765 941989141
941989317 941989855
941990199 942005474
942005767 942006052
942006253 942006414
942006466 942006845
942006981 942007233
942007482 942007735
942007761 942009033
942009452 942009742
942010421 942010485
942010514 942012088
942012176 942012356
942012707 942012985
942013077 942014754
942015010 942015173
942015229 942016164
942016360 942016476
942016891 942017195
942017685 942017934
942019326 942031987
942032893 942033000
942033365 942033496
942033569 942033978
942034233 942034601
942034879 942035139
942035211 942035294
942036291 942038581
942038650 942040154
942040539 942040618
942042587 942043185
942043584 942044603
942044723 942044788
942044995 942045121
942045379 942045516
942045584 942045653
942045726 942045938
942048245 942054323
942055026 942055479
942055631 942055736
942055794 942055873
942056049 942056099
942056481 942061772
942061775 942064049
942064050 942065108
942065168 942069622
942069751 942095632
942096255 942096339
942096340 942097686
942097690 942106052
942106243 942111117
942114108 942114495
942115491 942115981
942117115 942118590
942119531 942119957
942120732 942120842
942122083 942122722
942123124 942126579
942130296 942130311
942132114 942132776
942133724 942134142
942135730 942135745
942158939 942159951
942160118 942160360
942160639 942160881
942161749 942161764
942168920 942172232
942173005 942173020
942175028 942184263
942184285 942189055
942189863 942189878
942194410 942194681
942195915 942195930
942201204 942201884
942201938 942202131
942202712 942202727
942202894 942203122
942203657 942203672
942208701 942209203
942209660 942209675
942214872 942216187
942217261 942217276
942254373 942254523
942256034 942256049
942257487 942260995
942262293 942262308
942262659 942262822
942262880 942263164
942263807 942264280
942264787 942264802
942268612 942269846
942270432 942270447
942270819 942271077
942271577 942271592
942273496 942273881
942274332 942274347
942276122 942277037
942277645 942277660
942299075 942300020
942300299 942301362
942302026 942302041
942316861 942317111
942317565 942317580
942361792 942362237
942362818 942362833
942378276 942379112
942380134 942380149
942380897 942381137
942381581 942381596
942382639 942382918
942383365 942383380
942384217 942384353
942384982 942384997
942418120 942418454
942418909 942418924
942419495 942419751
942420291 942420306
942420424 942421178
942421235 942422757
942423143 942423873
942424511 942424526
942424760 942425746
942426179 942426315
942426358 942431669
942431842 942432019
942432094 942433958
942434182 942434252
942437033 942438707
942439820 942439835
942442403 942444895
942445139 942445938
942446176 942447671
942448556 942448571
942485931 942487830
942488396 942488411
942499362 942502302
942502359 942502551
942502603 942537898
942544683 942544698
942545007 942547889
942548771 942548786
942549752 942551025
942551313 942552601
942553075 942553090
942558201 942559032
942559484 942559499
942563429 942569047
942570038 942570053
942575990 942577806
942578310 942578325
942578927 942579902
942580362 942580377
942582709 942583483
942583950 942583965
942585967 942587188
942587654 942587669
942592539 942592680
942593131 942593146
942595775 942596010
942596062 942596214
942596376 942597200
942597348 942597523
942598368 942598383
942601910 942603104
942603644 942608987
942609059 942610334
942611017 942611267
942612463 942612882
942614029 942614581
942614881 942616056
942616183 942631607
942633657 942635875
942636368 942636600
942637006 942638032
942638148 942638205
942638521 942639120
942640132 942640413
942640736 942641535
942641766 942642314
942642371 942642657
942642884 942643950
942645105 942645507
942646096 942650908
942651860 942652487
942656002 942656017
942675818 942676132
942676613 942676628
942677274 942679428
942680362 942680377
942681232 942682579
942682632 942683280
942683588 942685375
942689436 942689451
942690340 942692525
942693461 942693476
942697331 942698013
942698414 942698532
942699032 942699047
942700729 942702419
942703107 942703122
942703767 942704777
942704830 942705018
942705069 942705536
942705572 942706554
942707244 942708266
942708292 942708527
942708602 942709917
942713668 942713683
942715380 942718962
942719610 942719625
942719884 942719893
942721009 942721020
942721028 942721284
942722078 942722093
942726293 942726407
942727204 942727219
942743538 942743763
942744973 942744988
942756636 942759202
942760165 942760180
942761330 942768561
942768993 942770109
942771016 942771031
942772923 942773672
942774692 942774707
942777106 942777265
942777316 942777541
942780016 942788503
942789235 942792096
942793351 942793366
942794396 942794965
942795086 942796072
942796614 942796629
942798820 942799853
942800315 942800330
942803505 942806389
942806419 942808034
942808840 942808855
942826359 942826480
942826534 942826930
942827808 942828508
942829423 942829438
942853175 942854903
942856117 942856132
942859377 942860340
942861269 942861284
942862956 942863823
942864414 942864429
942865092 942865266
942865720 942865735
942867619 942867938
942868453 942868468
942869467 942870493
942871042 942871057
942873011 942873255
942873736 942875276
942875320 942878914
942879602 942879617
942887428 942887531
942888061 942888076
942889047 942890328
942891264 942891279
942911999 942926292
942927447 942927462
942935604 942939172
942939217 942949536
942949552 942950116
942950693 942950866
942952445 942952460
942953210 942955111
942955443 942955598
942955610 942956059
942956838 942956853
942960286 942961356
942962052 942962067
942971157 942972963
942973113 942973449
942974563 942974578
942975337 942975529
942975982 942975997
942977563 942978131
942978705 942978720
942979536 942980344
942980810 942980825
942995767 942996090
942996902 942996917
943001810 943002114
943002908 943002923
943015965 943016603
943017398 943017413
943021937 943023071
943023649 943023740
943023923 943028870
943029079 943029338
943029367 943030848
943031532 943032054
943032774 943032789
943034576 943035756
943035808 943036114
943036425 943036628
943037594 943037609
943039028 943040204
943040656 943040671
943047022 943048263
943049165 943049180
943058070 943058517
943060559 943060574
943073068 943073530
943074174 943074189
943074682 943074823
943075358 943075373
943102790 943103166
943104150 943104165
943104344 943106657
943107516 943107531
943115239 943120153
943120334 943125144
943128458 943133047
943133495 943133652
943133701 943134143
943134194 943134446
943134530 943134903
943134953 943136906
943139488 943139503
943157341 943157660
943158003 943158999
943159630 943159645
943168277 943168475
943168633 943168729
943169293 943169308
943169668 943169812
943170254 943170269
943172415 943198215
943198304 943203555
943203719 943203991
943204045 943204358
943205036 943205742
943205796 943205899
943206634 943206923
943207916 943208001
943208055 943208626
943208675 943208825
943208876 943208967
943209838 943209853
943210718 943211139
943211166 943211708
943212161 943212176
943217534 943217787
943218268 943218283
943226378 943226534
943226658 943226822
943227350 943227365
943258938 943260137
943262137 943262152
943298276 943298492
943299145 943299160
943308104 943308761
943309286 943309301
943338736 943339858
943340860 943340875
943345537 943346041
943346678 943346693
943376202 943379128
943379748 943379763
943384718 943385581
943386125 943386140
943388226 943388471
943389232 943389247
943392577 943393148
943393638 943393653
943395681 943397287
943397853 943397868
943398788 943399362
943399900 943399915
943401011 943402826
943404074 943404089
943410178 943411704
943412270 943412285
943430639 943431950
943432879 943432894
943433482 943433784
943434343 943434358
943436086 943436669
943437426 943437441
943440782 943440978
943441043 943442018
943442135 943442235
943442262 943442730
943443450 943443465
943453772 943454539
943454665 943456089
943456148 943457122
943458162 943458177
943470327 943471431
943471461 943471900
943472417 943472432
943485604 943485903
943486385 943486400
943500941 943501932
943502474 943502489
943537842 943538275
943539384 943539399
943552712 943556333
943556904 943556919
943557086 943557500
943557963 943557978
943565712 943568785
943569321 943569336
943590782 943591388
943592248 943592263
943595816 943596175
943596485 943596769
943596824 943597426
943598770 943598785
943629638 943629770
943630271 943630286
943631095 943631213
943631785 943631800
943632640 943632736
943633431 943633446
943633763 943633885
943634326 943634341
943634725 943635175
943636005 943636020
943638307 943640090
943640724 943640739
943645763 943647806
943648457 943648472
943666461 943668570
943669080 943669095
943674297 943674719
943675303 943675318
943701615 943702304
943703051 943703066
943709353 943709648
943709652 943709804
943710482 943714786
943715464 943715479
943721385 943722508
943722534 943738672
943739688 943739703
943760880 943763335
943764067 943764082
943800876 943801933
943801985 943802096
943802148 943802512
943803303 943803318
943804279 943807586
943808142 943808157
943824180 943827422
943828223 943828238
943836166 943836460
943836750 943836903
943837360 943837375
943838184 943840034
943840547 943840562
943840981 943842551
943843005 943843020
943858887 943861998
943862159 943862221
943862572 943863742
943864797 943864812
943887070 943887960
943888015 943888076
943888602 943888617
943889789 943890389
943890840 943890855
943891036 943892368
943893013 943893028
943906189 943906393
943906635 943906964
943907485 943907500
943914926 943915923
943916420 943916435
943934254 943934639
943935143 943935158
943951181 943951271
943951752 943951767
943955099 943955468
943955940 943955955
943965059 943967280
943967811 943967826
943971159 943972522
943973019 943973034
943977749 943978878
943979860 943979875
944004157 944004313
944004945 944004960
944033532 944034296
944034757 944034772
944044683 944044825
944045330 944045345
944056631 944057042
944057397 944057690
944058250 944058265
944081162 944081708
944083155 944083170
944106011 944107087
944107604 944107619
944126198 944129721
944129755 944133059
944133083 944133532
944134002 944136801
944137163 944140666
944140847 944146511
944146635 944147057
944147148 944152687
944152907 944161079
944161263 944161735
944165075 944176690
944178280 944178295
944178942 944179058
944179463 944180197
944180261 944180558
944181156 944182882
944183581 944183596
944190302 944190665
944191219 944191234
944232061 944232154
944232731 944232746
944232956 944234238
944234830 944234845
944235817 944235962
944236586 944236601
944237881 944238230
944239177 944239192
944245270 944246258
944247031 944247046
944250756 944251016
944252178 944252193
944267621 944267875
944268128 944268264
944269214 944269229
944280083 944282266
944283207 944283222
944313381 944314063
944314151 944314626
944315233 944315248
944319920 944320023
944320602 944320617
944321442 944325168
944326584 944326599
944329169 944359794
944360722 944360862
944361197 944362406
944365635 944371333
944371955 944372515
944373525 944373540
944377997 944379985
944380838 944380853
944404916 944405656
944406294 944406309
944407236 944409201
944409830 944409845
944410643 944411163
944411614 944411629
944416150 944416973
944417607 944417622
944422166 944422602
944423194 944423209
944423649 944427528
944427719 944428256
944429046 944429061
944430327 944431331
944431624 944434200
944434972 944434987
944436989 944437274
944437943 944437958
944447959 944450373
944451491 944451506
944452132 944452717
944453691 944453706
944465163 944466328
944467057 944467072
944474788 944477062
944477655 944477670
944493966 944494414
944494827 944495198
944495775 944495790
944497397 944497544
944497845 944497980
944498560 944498575
944499182 944499280
944500079 944500094
944502209 944503039
944503740 944504553
944505196 944505211
944508925 944514643
944514705 944517265
944517649 944518053
944518425 944518722
944518778 944521571
944522299 944522314
944523138 944523457
944523916 944523931
944526429 944528373
944529362 944529377
944533252 944534923
944535647 944535662
944545070 944546400
944547255 944547270
944547497 944549137
944549866 944549881
944570775 944571689
944572181 944572196
944580147 944580745
944581191 944581206
944585730 944585994
944586844 944589110
944590870 944590885
944593303 944594893
944595220 944595808
944596552 944596567
944599174 944599596
944600516 944600531
944602358 944602644
944602702 944603503
944603992 944604007
944609275 944610207
944610788 944610803
944616378 944617898
944618607 944618622
944618796 944619000
944619446 944619461
944647033 944655784
944656481 944656496
944672209 944672678
944675969 944675984
944677364 944677707
944678611 944678626
944678793 944679524
944680219 944680234
944694580 944694868
944695159 944695269
944695802 944695817
944713714 944714270
944714541 944715379
944715879 944715894
944716447 944717127
944717400 944719924
944719979 944720835
944721034 944721242
944721843 944721858
944725080 944725191
944725243 944729360
944730163 944730178
944756766 944757166
944757813 944758711
944759822 944759837
944760181 944760490
944760846 944761138
944761618 944761633
944769742 944770220
944771133 944771148
944773484 944773794
944774320 944774487
944775139 944775154
944803978 944804419
944804637 944805252
944805741 944805756
944808108 944808229
944808282 944808559
944808663 944812819
944813546 944813561
944820615 944821454
944822564 944822579
944837754 944838773
944839406 944839421
944839779 944840188
944840605 944840620
944840956 944841219
944841623 944841638
944841982 944842317
944842874 944842889
944843064 944843888
944844356 944844371
944844961 944847640
944847651 944848852
944849950 944849965
944852432 944852996
944853491 944853506
944855658 944856067
944856179 944858633
944859391 944859406
944863648 944864779
944865349 944865364
944865461 944866343
944866796 944866811
944867062 944867508
944868035 944868050
944868673 944869407
944869961 944869976
944883363 944883714
944884428 944884443
944927055 944946350
944947326 944950115
944950118 944951013
944951071 944951191
944951240 944951989
944952658 944952673
945010518 945011792
945013011 945013164
945014341 945014937
945016519 945016534
945020404 945021040
945021557 945021572
945021858 945022004
945022537 945022552
945022864 945023986
945024427 945024442
945024874 945025059
945025931 945025946
945026230 945027819
945028117 945029179
945029706 945029721
945032476 945033771
945034268 945034283
945035299 945035720
945036377 945036392
945036830 945037674
945038133 945038148
945039833 945040132
945040631 945040646
945041283 945041589
945041861 945041942
945042686 945042701
945042874 945042979
945043953 945043968
945049785 945050636
945050666 945052274
945053343 945053358
945095482 945096567
945097385 945097525
945098112 945098232
945098667 945098768
945099217 945099867
945100337 945100430
945101242 945101688
945102485 945102500
945104176 945104914
945105413 945105428
945109843 945111090
945111193 945112078
945112108 945112360
945113213 945114246
945114277 945114417
945114525 945120821
945121516 945121531
945124175 945124266
945124314 945125843
945126622 945127415
945128017 945128032
945128451 945128619
945129015 945129030
945142706 945144735
945145525 945145540
945182406 945183171
945183954 945183969
945185784 945185976
945186381 945186396
945186907 945189115
945190116 945190131
945193618 945194132
945194541 945194556
945200737 945200928
945201328 945201343
945202408 945202550
945203074 945203089
945204788 945205034
945205505 945205520
945206017 945212719
945213444 945213459
945214639 945215021
945215075 945215527
945215643 945216385
945216869 945216884
945218705 945220807
945221324 945221339
945229572 945232070
945232818 945232833
945238134 945239997
945240326 945240473
945240527 945240771
945241270 945241285
945241460 945241710
945242167 945242182
945249348 945250769
945251653 945251668
945263723 945264688
945265523 945265538
945284997 945285735
945287249 945287264
945288609 945291487
945291987 945292002
945302076 945303094
945303742 945306963
945307988 945308003
945377235 945378136
945378456 945378803
945378840 945379316
945379350 945379857
945380352 945380367
945386947 945387687
945388123 945388138
945390603 945391251
945391679 945391694
945429093 945430185
945430386 945430639
945431279 945431294
945431664 945432335
945433055 945433070
945433172 945433435
945433503 945434287
945434766 945434781
945436670 945437390
945438076 945438091
945444595 945445799
945446612 945446627
945448270 945448445
945448560 945451215
945451856 945451871
945458813 945467650
945468440 945468455
945483768 945485917
945486223 945488156
945488204 945488287
945488803 945488818
945492493 945495487
945496069 945496084
945508959 945510424
945510927 945511202
945511772 945511787
945512202 945512704
945513258 945513273
945527105 945528802
945529845 945530051
945530497 945532200
945532727 945533252
945535433 945537524
945537831 945545669
945546161 945546465
945546682 945548161
945549521 945550921
945551227 945551390
945551444 945558698
945558892 945559279
945559540 945560198
945560250 945560744
945561141 945561384
945561650 945574033
945574738 945574861
945574984 945575172
945575229 945575653
945576657 945576903
945576958 945577412
945577803 945577970
945578085 945578301
945578417 945578710
945581570 945581585
945589159 945590047
945590314 945592141
945593121 945593136
945613679 945615161
945616510 945616525
945616565 945616881
945617374 945617389
945617512 945618352
945618405 945619055
945619468 945619483
945619801 945620002
945620397 945620412
945621282 945621497
945621550 945621700
945622930 945622945
945623405 945623958
945624013 945625106
945625524 945625539
945625826 945625940
945626356 945626371
945627013 945628914
945629354 945629369
945632657 945632995
945633044 945633851
945633901 945633977
945634463 945634478
945635608 945636368
945636808 945636823
945649432 945651098
945651424 945651535
945652044 945652059
945652846 945653887
945654088 945654356
945654786 945654801
945669851 945670551
945671275 945671290
945699217 945699990
945700932 945700947
945701305 945702505
945703034 945703049
945705666 945706492
945707257 945707272
945711973 945712636
945712689 945712887
945713337 945713352
945713521 945713966
945714415 945714430
945722487 945722857
945723149 945723349
945723804 945723819
945765526 945765756
945766652 945766667
945767087 945767423
945768353 945768542
945768627 945769896
945770735 945770750
945770996 945771545
945772096 945772111
945814624 945815846
945816595 945816610
945843345 945843892
945844382 945844397
945873456 945873681
945874480 945874495
945904353 945905350
945905517 945907700
945908557 945908572
945919091 945919706
945920287 945920302
945964559 945965030
945965493 945965508
945976427 945977294
945977815 945977830
945995017 945995475
945995989 945996004
945997780 945998431
945998972 945998987
946015569 946016681
946017215 946017230
946055988 946058000
946058834 946058849
946059538 946059691
946060093 946060108
946060869 946061402
946061873 946061888
946062162 946062857
946063305 946063320
946064616 946064787
946064839 946065012
946065446 946065461
946067019 946067528
946067582 946067802
946068260 946068275
946068793 946068884
946069381 946069396
946072065 946072818
946073260 946073275
946075537 946075926
946076386 946076401
946088545 946091555
946092139 946092154
946112425 946115945
946116804 946116819
946132538 946133326
946133819 946133834
946137538 946139114
946139887 946143336
946143889 946143904
946144823 946145105
946145534 946145549
946146928 946147976
946148450 946148705
946149213 946149228
946150469 946150710
946150759 946151328
946151744 946151759
946154390 946154729
946155165 946155180
946156422 946157172
946157634 946157649
946163953 946164135
946164583 946164598
946166484 946169275
946169368 946170509
946170736 946171584
946172378 946172393
946187454 946187774
946188206 946190084
946190730 946190745
946201607 946202888
946203484 946203499
946214161 946214309
946214562 946217110
946217887 946217902
946227392 946228960
946229451 946229466
946230082 946230332
946230814 946230829
946231968 946232058
946232485 946232500
946234181 946235961
946236455 946236470
946240138 946255595
946255655 946259631
946261016 946261031
946274058 946274670
946274980 946276965
946277724 946277739
946286026 946290211
946290898 946290913
946298205 946302882
946303140 946307942
946308365 946309301
946309815 946309830
946329923 946332196
946333329 946333344
946340313 946340348
946351799 946354180
946354667 946355072
946355692 946355707
946360619 946361628
946362218 946362233
946369149 946370048
946370541 946371294
946371769 946371784
946382629 946384157
946384498 946386500
946386527 946386803
946387371 946387693
946387999 946388644
946388994 946391862
946392015 946393355
946394024 946394039
946396750 946398260
946398942 946398957
946404976 946406366
946406969 946406984
946407203 946407908
946407983 946408128
946408635 946408650
946409273 946409993
946410246 946410489
946410541 946410962
946411373 946411388
946413576 946414274
946414552 946414705
946415154 946415169
946422985 946423413
946423660 946425694
946426236 946426251
946436296 946437422
946437823 946438290
946438889 946438904
946446992 946447459
946447748 946451000
946451587 946451987
946452395 946453256
946453685 946455501
946457192 946457207
946457932 946461804
946461831 946462241
946462731 946462746
946470998 946471264
946472434 946472449
946473250 946474402
946477600 946483769
946484545 946487335
946487730 946487981
946488252 946489359
946489465 946492894
946493018 946493630
946494414 946494429
946515171 946516706
946517308 946517323
946523263 946523858
946524583 946524810
946524956 946525420
946525645 946526557
946527332 946527347
946548488 946548963
946549826 946550283
946550918 946550933
946557699 946558177
946559016 946559031
946578543 946579248
946579761 946579776
946586807 946587796
946588516 946588531
946594212 946594581
946594939 946599119
946599305 946601369
946601497 946601693
946601755 946603176
946604195 946604210
946621999 946622529
946623015 946623030
946635392 946637729
946637890 946638187
946638903 946638918
946639094 946641156
946641606 946641621
946650419 946650730
946650975 946652694
946653196 946653211
946655287 946657212
946657658 946657886
946658601 946658616
946659825 946659935
946660469 946660484
946662257 946662809
946662880 946663100
946663582 946663597
946664562 946665317
946665411 946665726
946666344 946668770
946669288 946669303
946671157 946672249
946672338 946672731
946672955 946673340
946673852 946673867
946675801 946677265
946677946 946677961
946679673 946679767
946680249 946680264
946683163 946683484
946683942 946683957
946689726 946689761
946690113 946691789
946692371 946692386
946701486 946703866
946704622 946704637
946705488 946706379
946706926 946706941
946722645 946723959
946724903 946724918
946724986 946725124
946725179 946725491
946725573 946725826
946725857 946727987
946728878 946728893
946729751 946730720
946730795 946730861
946730891 946731021
946731055 946733038
946733069 946733866
946734573 946734588
946738401 946738769
946739058 946739968
946740242 946741904
946742975 946742990
946744038 946744540
946744915 946745673
946746280 946749776
946750096 946753448
946753568 946755043
946755083 946756325
946756526 946760042
946760631 946760646
946762149 946765059
946765527 946765542
946767870 946768809
946768872 946769336
946769778 946769793
946771244 946775133
946775924 946775939
946799018 946801343
946802283 946802298
946803615 946804943
946818933 946821667
946821977 946822447
946822981 946822996
946824756 946825530
946826220 946826235
946826402 946826918
946827384 946827399
946827631 946828329
946828394 946829719
946830277 946830292
946831037 946831952
946832552 946832567
946832796 946836038
946836830 946836845
946840710 946843675
946843756 946843760
946843766 946844283
946844912 946844927
946846270 946846637
946847186 946847201
946847602 946848404
946848495 946848569
946848630 946849092
946849259 946850167
946850227 946850644
946851232 946851247
946855046 946856592
946856720 946857338
946857852 946857867
946909284 946909988
946910718 946910733
946910851 946911252
946911745 946911760
946912042 946913276
946913717 946913732
946913883 946917511
946918271 946918286
946919124 946919414
946920146 946920161
946920510 946921524
946922062 946922077
946923139 946923773
946923865 946925249
946925723 946925738
946928372 946929040
946929505 946929520
946930138 946930524
946931051 946931066
946931268 946933364
946933830 946933845
946934298 946935430
946935559 946935984
946936516 946938383
946938491 946939157
946939816 946939831
946940073 946940509
946941054 946941069
946941991 946942111
946942411 946942541
946942658 946942819
946943153 946944510
946944932 946945109
946945702 946945717
946945739 946947616
946947745 946948487
946949016 946949031
946962951 946964103
946964817 946964890
946965454 946965469
946996100 946996483
946997244 946997259
946997857 946999571
947000026 947000041
947001760 947002570
947003491 947003506
947008262 947010317
947010862 947010877
947012333 947013628
947014119 947014134
947016593 947017898
947018478 947018493
947018592 947018894
947019212 947019451
947019924 947019939
947020151 947023077
