931044210 931047800
931052540 931055520
931056040 931057540
931057960 931059380
931061610 931063330
931070190 931072130
931073880 931076200
931266210 931266280
931267570 931267630
931308160 931308180
931408000 931408020
931471060 931471100
931511600 931511640
931531090 931531140
931585030 931585070
931585090 931585110
931590390 931590400
931590970 931602910
931603100 931603190
931660540 931660580
931686490 931698410
931777380 931783380
931813000 931813040
931826630 931826670
931869860 931869970
931870020 931870120
931923510 931926020
931926630 931928430
931928960 931930930
931932850 931934800
931935130 931939230
931978290 931978310
932183590 932188600
932188990 932189010
932189350 932189370
932189560 932189580
932189690 932189720
932189900 932189920
932189990 932190020
932190090 932190110
932190180 932190200
932190280 932190300
932194450 932209770
932219070 932219090
932318710 932320870
932369310 932396630
932397030 932398730
932398820 932400450
932400540 932403030
932548380 932550120
932554630 932556160
932558220 932564050
932564200 932572560
932573010 932574610
932582260 932584160
932793050 932793070
932793080 932793160
932794860 932794880
932795210 932795230
932795280 932817550
932862030 932862050
932968270 932968310
933042620 933044570
933072470 933072520
933105360 933105380
933126610 933128930
933132080 933134880
933138500 933140140
933151920 933158650
933359920 933366820
933369200 933371010
933396170 933396200
933396240 933421190
933422130 933422220
933422240 933422260
933423400 933423410
933423680 933423700
933423770 933423790
933423870 933423890
933423960 933423980
933424050 933424070
933424140 933424160
933546390 933548100
933559350 933559410
933683050 933685220
933851930 933857580
933970060 933977980
933978170 933979840
934002650 934002690
934002710 934002730
934002750 934002790
934003030 934024740
934025130 934025150
934025850 934025870
934105560 934107840
934108970 934108990
934109030 934109050
934109060 934109110
934119120 934119160
934119200 934119220
934119230 934119260
934119280 934119300
934119330 934119360
934135630 934135670
934230610 934230650
934286800 934286930
934385900 934385940
934505580 934509440
934533670 934541550
934562150 934563880
934603940 934603960
934605050 934605070
934605400 934605420
934605710 934605730
934605810 934605840
934605990 934606010
934606020 934613340
934614500 934614530
934615610 934621920
934622520 934624090
934786370 934788200
934828770 934828810
934836150 934836190
934838010 934838050
934839190 934841000
934842430 934842470
934842550 934842590
934842610 934842650
934842670 934842710
934842740 934842780
934842860 934842900
934842920 934842960
934842980 934843020
934843050 934843090
934843170 934843210
934843230 934843270
934843290 934843330
934843360 934843400
934843480 934843520
934843540 934843580
934843600 934843640
934843670 934843710
934891580 934891620
934891660 934891700
934892170 934892210
934892570 934892610
934893190 934893230
934893360 934893400
934893540 934893580
934894810 934894850
934896370 934896410
935212310 935212340
935212360 935212410
935212940 935212960
935213360 935213380
935213710 935213730
935214030 935235630
935239280 935241240
935308060 935317650
935319960 935324070
935400120 935400170
935400610 935410140
935412310 935413830
935420550 935422210
935422730 935425780
935461670 935463470
935501780 935506460
935516690 935516710
