931035615 931044229
931047794 931052559
931054006 931054065
931055504 931056053
931057536 931057974
931059530 931061622
931063337 931070202
931072128 931073902
931076198 931131452
931131709 931160989
931161114 931251169
931251276 931266014
931269723 931584328
931603236 931617868
931618614 931618687
931618704 931686512
931698810 931777398
931783387 931856204
931856236 931862428
931862460 931865307
931865340 931867216
931871250 931923530
931926002 931926649
931928420 931928981
931931090 931932870
931934828 931935150
931939220 932113687
932114226 932183125
932210090 932318690
932320890 932369307
932403248 932458950
932459044 932467219
932467326 932472134
932476420 932548395
932550129 932554639
932556150 932558239
932564070 932564213
932575031 932582270
932584152 932726110
932726199 932792535
932817630 933042630
933044560 933062430
933073045 933126620
933134867 933138515
933140140 933151930
933158652 933359937
933366819 933369219
933371002 933395133
933424334 933430359
933431570 933513014
933513154 933546407
933548139 933681910
933685663 933851952
933857685 933970078
933977990 933978185
933979846 934002014
934025912 934098107
934111225 934119040
934133634 934181443
934181482 934250538
934250570 934286580
934288778 934505601
934509469 934531493
934532514 934533685
934541702 934562170
934564062 934565690
934566474 934603230
934625960 934632284
934632312 934655128
934657746 934786388
934788200 934794030
934794626 934839212
934841000 934891228
934894526 935211630
935235670 935238687
935241423 935308044
935324177 935391667
935425844 935461692
935463519 935496499
935500240 935501799
935506605 935759560
935759993 935798415
