931071407 931079197
931081044 931081047
931081116 931083016
931106835 931109286
931113846 931116758
931138578 931138581
931138606 931138608
931159742 931164463
931169081 931170984
931173201 931177661
931180124 931183352
931184447 931194235
931196921 931198277
931198356 931200671
931202656 931205353
931219808 931222271
931244439 931258316
931262803 931274853
931283141 931284015
931286273 931291375
931292182 931293816
931316529 931318362
931326936 931327524
931329600 931341972
931344916 931346634
931351614 931359314
931360447 931360924
931377655 931378788
931379051 931386078
931399838 931403556
931418986 931429793
931432658 931435464
931436894 931454224
931457512 931470489
931471964 931477059
931481939 931484345
931497184 931513928
931527621 931528623
931530408 931531379
931533169 931533173
931533278 931533936
931533986 931534717
931539619 931542047
931543466 931544824
931564298 931566331
931589668 931604018
931612014 931613431
931644305 931651129
931661297 931663386
931665054 931665224
931667881 931677493
931677678 931686191
931711211 931712925
931714796 931717964
931725493 931726108
931736957 931741974
931767329 931777572
931778331 931778339
931782475 931782757
931784402 931795724
931800783 931804304
931808371 931808836
931828415 931829847
931851820 931852070
931852543 931858717
931868259 931883189
931886700 931901248
931916617 931916618
931916646 931921699
931932667 931937982
931938882 931955233
931958871 931964282
931973365 931975575
931977361 931978775
931978915 932001230
932010384 932016625
932018706 932025135
932028052 932029061
932034026 932037734
932038336 932038621
932041014 932060071
932063232 932068035
932069494 932088164
932089009 932124559
932130305 932130357
932131657 932133056
932133432 932144826
932147240 932152083
932152872 932166877
932167820 932210350
932215353 932216674
932244338 932252635
932258455 932260158
932260423 932297132
932308410 932315358
932317030 932318187
932318474 932321167
932323346 932328933
932329813 932340573
932341069 932343569
932344192 932382387
932399428 932404053
932405518 932411080
932411233 932424062
932424694 932424886
932426536 932427832
932427969 932427979
932432874 932444820
932450319 932452381
932454649 932464108
932465621 932466354
932472525 932473706
932474562 932477233
932480179 932484203
932485199 932485200
932485282 932485975
932487529 932505145
932508926 932511414
932511886 932522961
932532745 932560465
932565587 932576062
932580240 932587153
932588003 932612100
932615516 932618850
932619518 932626410
932627803 932645399
932649633 932662244
932665583 932665738
932668359 932679742
932694881 932722548
932724942 932730011
932745030 932747814
932750394 932756344
932758329 932774441
932774987 932787464
932787816 932813683
932817146 932817148
932817303 932820245
932849188 932861360
932881915 932882249
932884273 932894555
932895736 932901029
932903541 932909865
932911586 932920346
932920716 932921019
932924961 932929553
932929900 932944049
932944457 932944544
932945797 932954584
932954879 932971048
932972149 932980374
932983019 932984197
932985622 932990069
932993893 932998727
932999740 933005801
933006707 933009336
933012003 933015034
933015321 933017982
933028287 933028732
933029017 933033813
933034236 933035185
933035427 933065114
933067021 933068717
933069677 933070286
933070666 933078039
933083065 933084071
933085270 933085819
933086581 933089899
933093309 933097010
933098578 933099967
933104079 933113961
933114530 933119763
933120006 933156962
933159241 933161671
933165671 933177180
933178821 933178919
933183532 933183623
933183940 933187789
933190106 933199622
933199781 933218702
933220514 933242516
933246646 933247729
933251473 933272871
933275848 933280730
933282481 933307012
933308352 933308833
933311514 933318574
933319824 933322877
933323436 933333174
933335278 933338910
933340113 933343611
933344402 933344449
933346794 933350729
933351450 933355016
933356789 933357435
933403516 933416212
933424620 933425693
933445376 933450015
933454511 933458583
933460473 933461154
933463216 933463218
933463252 933464443
933484229 933499096
933508031 933510213
933510703 933510807
933512112 933512803
933513247 933522356
933524323 933528154
933530296 933530704
933534414 933535114
933573805 933593140
933593813 933594354
933597724 933598155
933600183 933600483
933600954 933602352
933602827 933604278
933604680 933604696
933604853 933606320
933606961 933607921
933608394 933608412
933608420 933608424
933608437 933609353
933609802 933612487
933612919 933616762
933617393 933617698
933620638 933621215
933622081 933622730
933624872 933626543
933641080 933644646
933645439 933650570
933651489 933664714
933665487 933675772
933676947 933678438
933684784 933685549
933686222 933686546
933687004 933687186
933687670 933688208
933688811 933688862
933690244 933690487
933691001 933691789
933692386 933692699
933693197 933694205
933694689 933695581
933696299 933697025
933699013 933701661
933703007 933703058
933703973 933705148
933706234 933707295
933707652 933707906
933708937 933709908
933711220 933712476
933714376 933727094
933729755 933730677
933731371 933733291
933734293 933763537
933767644 933767645
933772816 933773021
933774442 933776013
933778716 933780698
933781482 933783411
933784695 933785304
933785798 933794479
933795127 933808678
933809158 933812314
933812471 933815155
933816877 933817199
933817242 933825410
933826145 933826146
933829390 933842755
933843676 933851846
933865440 933866148
933866738 933867915
933869228 933869320
933869435 933869786
933872227 933873018
933873440 933882616
933883190 933884038
933884890 933884915
933885570 933890681
933891038 933891039
933891073 933900485
933900670 933914503
933925272 933929582
933930634 933939270
933941359 933942999
933945886 933947644
933949658 933952223
933953534 933954049
933956110 933957498
933958480 933961431
933963431 933963677
933965187 933969648
933998264 934012432
934014112 934023836
934024421 934025091
934026936 934026953
934028851 934029574
934060826 934061685
934062655 934071436
934074039 934074559
934076090 934084216
934085941 934111866
934112777 934113876
934124600 934124778
934125651 934126801
934127442 934127930
934129261 934129262
934129284 934129439
934130061 934130285
934130784 934131250
934143372 934145435
934150077 934150197
934151819 934152150
934153240 934153487
934164501 934167327
934169252 934169816
934172662 934173837
934173897 934191781
934194795 934198336
934200263 934203054
934203863 934204166
934205550 934205726
934207817 934207996
934208839 934209724
934210625 934210627
934213804 934213805
934214798 934215588
934216737 934217695
934223388 934223693
934227898 934228617
934229724 934231245
934231889 934235763
934242716 934254072
934255145 934258843
934260498 934281810
934283453 934283481
934283944 934287307
934288910 934289018
934294633 934294888
934296359 934296368
934298264 934298941
934300603 934300776
934302193 934303847
934306148 934306512
934307215 934307649
934308260 934308864
934309438 934316533
934318816 934322142
934324418 934329485
934335327 934366564
934367833 934371277
934376110 934377998
934384079 934384281
934384915 934387170
934389917 934389918
934390045 934394331
934395124 934395267
934395826 934397134
934397655 934397656
934397663 934398835
934399263 934401750
934403218 934415681
934417984 934417998
934419362 934427328
934431730 934432518
934434470 934438483
934439452 934444715
934459510 934463361
934485010 934486846
934487980 934497190
934498043 934504578
934516181 934521545
934524311 934542903
934586382 934586384
934586648 934594599
934599043 934603805
934604276 934617820
934620706 934629672
934664399 934667051
934667533 934684584
934684962 934698298
934700029 934705782
934708092 934713869
934715360 934715647
934716304 934716580
934768230 934772839
934773714 934786709
934792720 934797358
934801640 934802298
934802778 934803761
934805890 934806762
934867679 934886500
934890600 934890747
934937296 934940933
934941291 934942288
934943188 934972201
934973577 934974572
935000382 935004803
935005241 935014935
935019018 935029040
935029678 935029715
935030571 935030605
935030703 935036034
935038551 935039314
935040246 935040895
935042053 935042118
935045212 935047294
935051247 935051771
935061285 935062814
935072410 935075473
935076666 935078919
935079521 935079598
935080295 935081458
935083903 935084023
935084600 935089671
935091440 935096238
935096697 935098450
935100580 935112875
935113893 935113944
935115310 935123876
935126510 935126575
935127497 935129153
935130544 935133701
935136614 935136904
935137582 935140938
935142087 935145847
935147187 935147799
935659145 935659146
935659159 935659161
935659237 935659238
935659260 935659262
935659271 935659273
