0.000000 2.0315133000e-21
9.000000 2.0315133000e-21
9.020400 2.4115253000e-21
9.040846 3.0978500000e-21
9.061338 4.6064717000e-21
9.081877 1.0007255000e-20
9.102462 4.1375496000e-20
9.123094 6.7000822000e-21
9.143773 3.7140344000e-21
9.164499 2.6361497000e-21
9.185272 2.0976150000e-21
9.206091 1.7837581000e-21
9.226958 1.5832162000e-21
9.247872 1.4467633000e-21
9.268834 1.3494487000e-21
9.289843 1.2774003000e-21
9.310900 1.2223720000e-21
9.332005 1.1792069000e-21
9.353157 1.1445471000e-21
9.374357 1.1161329000e-21
9.395605 1.0924006000e-21
9.416902 1.0722422000e-21
9.438247 1.0548558000e-21
9.459640 1.0396507000e-21
9.481082 1.0261843000e-21
9.502572 1.0141201000e-21
9.524111 1.0031991000e-21
9.545698 9.9321909000e-22
9.567335 9.8402090000e-22
9.589021 9.7547772000e-22
9.610756 9.6748765000e-22
9.632540 9.5996809000e-22
9.654373 9.5285155000e-22
9.676256 9.4608248000e-22
9.698189 9.3961485000e-22
9.720171 9.3341028000e-22
9.742204 9.2743655000e-22
9.764286 9.2166648000e-22
9.786418 9.1607701000e-22
9.808600 9.1064848000e-22
9.830833 9.0536404000e-22
9.853116 9.0020922000e-22
9.875449 8.9517150000e-22
9.897833 8.9024001000e-22
9.920268 8.8540530000e-22
9.942754 8.8065911000e-22
9.965291 8.7599418000e-22
9.987878 8.7140414000e-22
10.010517 8.6688336000e-22
10.033208 8.6242686000e-22
10.055949 8.5803021000e-22
10.078743 8.5368948000e-22
10.101588 8.4940114000e-22
10.124484 8.4516204000e-22
10.147433 8.4096935000e-22
10.170433 8.3682052000e-22
10.193486 8.3271326000e-22
10.216591 8.2864550000e-22
10.239749 8.2461536000e-22
10.262958 8.2062112000e-22
10.286221 8.1666124000e-22
10.309536 8.1273430000e-22
10.332904 8.0883901000e-22
10.356325 8.0497418000e-22
10.379799 8.0113874000e-22
10.403327 7.9733167000e-22
10.426907 7.9355207000e-22
10.450541 7.8979908000e-22
10.474229 7.8607193000e-22
10.497970 7.8236990000e-22
10.521765 7.7869230000e-22
10.545615 7.7503852000e-22
10.569518 7.7140798000e-22
10.593475 7.6780014000e-22
10.617487 7.6421450000e-22
10.641553 7.6065058000e-22
10.665673 7.5710794000e-22
10.689849 7.5358617000e-22
10.714079 7.5008489000e-22
10.738364 7.4660373000e-22
10.762704 7.4314234000e-22
10.787099 7.3970040000e-22
10.811549 7.3627760000e-22
10.836055 7.3287366000e-22
10.860617 7.2948830000e-22
10.885234 7.2612126000e-22
10.909907 7.2277229000e-22
10.934636 7.1944115000e-22
10.959421 7.1612763000e-22
10.984262 7.1283151000e-22
11.009159 7.0955258000e-22
11.034113 7.0629066000e-22
11.059124 7.0304554000e-22
11.084191 6.9981706000e-22
11.109315 6.9660504000e-22
11.134495 6.9340931000e-22
11.159733 6.9022972000e-22
11.185028 6.8706612000e-22
11.210381 6.8391835000e-22
11.235791 6.8078627000e-22
11.261258 6.7766975000e-22
11.286784 6.7456864000e-22
11.312367 6.7148283000e-22
11.338008 6.6841219000e-22
11.363707 6.6535659000e-22
11.389465 6.6231592000e-22
11.415280 6.5929006000e-22
11.441155 6.5627890000e-22
11.467088 6.5328234000e-22
11.493080 6.5030025000e-22
11.519130 6.4733255000e-22
11.545240 6.4437914000e-22
11.571409 6.4143990000e-22
11.597637 6.3851475000e-22
11.623925 6.3560359000e-22
11.650272 6.3270633000e-22
11.676679 6.2982288000e-22
11.703146 6.2695314000e-22
11.729673 6.2409704000e-22
11.756260 6.2125449000e-22
11.782907 6.1842540000e-22
11.809615 6.1560969000e-22
11.836383 6.1280728000e-22
11.863212 6.1001809000e-22
11.890102 6.0724204000e-22
11.917052 6.0447905000e-22
11.944064 6.0172905000e-22
11.971137 5.9899196000e-22
11.998271 5.9626771000e-22
12.025467 5.9355623000e-22
12.052725 5.9085744000e-22
12.080044 5.8817127000e-22
12.107425 5.8549765000e-22
12.134868 5.8283651000e-22
12.162374 5.8018779000e-22
12.189941 5.7755141000e-22
12.217572 5.7492731000e-22
12.245264 5.7231542000e-22
12.273020 5.6971568000e-22
12.300839 5.6712803000e-22
12.328720 5.6455239000e-22
12.356665 5.6198871000e-22
12.384673 5.5943691000e-22
12.412745 5.5689695000e-22
12.440880 5.5436876000e-22
12.469079 5.5185227000e-22
12.497342 5.4934743000e-22
12.525669 5.4685417000e-22
12.554060 5.4437244000e-22
12.582516 5.4190218000e-22
12.611036 5.3944333000e-22
12.639621 5.3699583000e-22
12.668270 5.3455962000e-22
12.696985 5.3213465000e-22
12.725764 5.2972086000e-22
12.754609 5.2731820000e-22
12.783519 5.2492660000e-22
12.812495 5.2254602000e-22
12.841536 5.2017639000e-22
12.870644 5.1781767000e-22
12.899817 5.1546980000e-22
12.929056 5.1313272000e-22
12.958362 5.1080639000e-22
12.987734 5.0849075000e-22
13.017172 5.0618574000e-22
13.046677 5.0389132000e-22
13.076250 5.0160744000e-22
13.105889 4.9933403000e-22
13.135595 4.9707106000e-22
13.165369 4.9481846000e-22
13.195210 4.9257620000e-22
13.225119 4.9034422000e-22
13.255096 4.8812246000e-22
13.285140 4.8591088000e-22
13.315253 4.8370944000e-22
13.345434 4.8151808000e-22
13.375683 4.7933675000e-22
13.406001 4.7716541000e-22
13.436388 4.7500400000e-22
13.466843 4.7285248000e-22
13.497368 4.7071081000e-22
13.527961 4.6857893000e-22
13.558624 4.6645680000e-22
13.589357 4.6434437000e-22
13.620159 4.6224159000e-22
13.651031 4.6014843000e-22
13.681973 4.5806483000e-22
13.712985 4.5599074000e-22
13.744068 4.5392613000e-22
13.775221 4.5187095000e-22
13.806444 4.4982515000e-22
13.837739 4.4778869000e-22
13.869104 4.4576153000e-22
13.900540 4.4374361000e-22
13.932048 4.4173490000e-22
13.963627 4.3973536000e-22
13.995277 4.3774494000e-22
14.027000 4.3576359000e-22
14.058794 4.3379128000e-22
14.090660 4.3182796000e-22
14.122599 4.2987359000e-22
14.154610 4.2792813000e-22
14.186693 4.2599154000e-22
14.218849 4.2406377000e-22
14.251078 4.2214478000e-22
14.283380 4.2023453000e-22
14.315756 4.1833299000e-22
14.348204 4.1644011000e-22
14.380727 4.1455584000e-22
14.413323 4.1268016000e-22
14.445993 4.1081301000e-22
14.478736 4.0895437000e-22
14.511555 4.0710419000e-22
14.544447 4.0526242000e-22
14.577414 4.0342904000e-22
14.610456 4.0160400000e-22
14.643573 3.9978726000e-22
14.676764 3.9797879000e-22
14.710031 3.9617855000e-22
14.743374 3.9438649000e-22
14.776792 3.9260259000e-22
14.810286 3.9082680000e-22
14.843855 3.8905908000e-22
14.877501 3.8729940000e-22
14.911223 3.8554772000e-22
14.945021 3.8380400000e-22
14.978896 3.8206821000e-22
15.012848 3.8034031000e-22
15.046877 3.7862026000e-22
15.080983 3.7690803000e-22
15.115166 3.7520358000e-22
15.149427 3.7350688000e-22
15.183765 3.7181788000e-22
15.218181 3.7013656000e-22
15.252676 3.6846288000e-22
15.287248 3.6679680000e-22
15.321899 3.6513828000e-22
15.356628 3.6348730000e-22
15.391436 3.6184382000e-22
15.426323 3.6020780000e-22
15.461289 3.5857921000e-22
15.496334 3.5695801000e-22
15.531459 3.5534418000e-22
15.566663 3.5373767000e-22
15.601947 3.5213846000e-22
15.637311 3.5054651000e-22
15.672755 3.4896178000e-22
15.708280 3.4738425000e-22
15.743885 3.4581387000e-22
15.779571 3.4425063000e-22
15.815337 3.4269448000e-22
15.851185 3.4114539000e-22
15.887114 3.3960333000e-22
15.923125 3.3806827000e-22
15.959217 3.3654017000e-22
15.995390 3.3501901000e-22
16.031646 3.3350475000e-22
16.067984 3.3199736000e-22
16.104405 3.3049680000e-22
16.140908 3.2900306000e-22
16.177493 3.2751609000e-22
16.214162 3.2603587000e-22
16.250914 3.2456236000e-22
16.287749 3.2309553000e-22
16.324667 3.2163536000e-22
16.361670 3.2018180000e-22
16.398756 3.1873484000e-22
16.435926 3.1729445000e-22
16.473180 3.1586058000e-22
16.510519 3.1443322000e-22
16.547942 3.1301233000e-22
16.585451 3.1159788000e-22
16.623044 3.1018985000e-22
16.660723 3.0878820000e-22
16.698486 3.0739290000e-22
16.736336 3.0600393000e-22
16.774271 3.0462126000e-22
16.812293 3.0324486000e-22
16.850400 3.0187469000e-22
16.888594 3.0051074000e-22
16.926874 2.9915297000e-22
16.965242 2.9780136000e-22
17.003696 2.9645587000e-22
17.042237 2.9511648000e-22
17.080866 2.9378316000e-22
17.119582 2.9245588000e-22
17.158386 2.9113462000e-22
17.197278 2.8981935000e-22
17.236258 2.8851004000e-22
17.275326 2.8720667000e-22
17.314483 2.8590920000e-22
17.353729 2.8461761000e-22
17.393064 2.8333187000e-22
17.432488 2.8205196000e-22
17.472001 2.8077785000e-22
17.511604 2.7950951000e-22
17.551296 2.7824692000e-22
17.591079 2.7699005000e-22
17.630952 2.7573888000e-22
17.670915 2.7449338000e-22
17.710968 2.7325352000e-22
17.751113 2.7201927000e-22
17.791348 2.7079062000e-22
17.831675 2.6956754000e-22
17.872093 2.6835000000e-22
17.912603 2.6713797000e-22
17.953204 2.6593143000e-22
17.993898 2.6473037000e-22
18.034683 2.6353474000e-22
18.075562 2.6234453000e-22
18.116532 2.6115971000e-22
18.157596 2.5998025000e-22
18.198753 2.5880615000e-22
18.240003 2.5763736000e-22
18.281347 2.5647386000e-22
18.322784 2.5531564000e-22
18.364315 2.5416266000e-22
18.405941 2.5301490000e-22
18.447660 2.5187235000e-22
18.489475 2.5073497000e-22
18.531384 2.4960274000e-22
18.573388 2.4847564000e-22
18.615487 2.4735364000e-22
18.657682 2.4623673000e-22
18.699972 2.4512487000e-22
18.742358 2.4401806000e-22
18.784840 2.4291625000e-22
18.827419 2.4181944000e-22
18.870094 2.4072759000e-22
18.912866 2.3964069000e-22
18.955734 2.3855871000e-22
18.998700 2.3748164000e-22
19.041764 2.3640944000e-22
19.084925 2.3534209000e-22
19.128183 2.3427958000e-22
19.171540 2.3322189000e-22
19.214995 2.3216898000e-22
19.258549 2.3112084000e-22
19.302201 2.3007745000e-22
19.345952 2.2903879000e-22
19.389802 2.2800483000e-22
19.433752 2.2697555000e-22
19.477802 2.2595093000e-22
19.521951 2.2493095000e-22
19.566200 2.2391560000e-22
19.610550 2.2290484000e-22
19.655000 2.2189866000e-22
19.699551 2.2089703000e-22
19.744203 2.1989994000e-22
19.788956 2.1890737000e-22
19.833810 2.1791929000e-22
19.878766 2.1693569000e-22
19.923825 2.1595654000e-22
19.968985 2.1498183000e-22
20.014247 2.1401153000e-22
20.059612 2.1304562000e-22
20.105080 2.1208409000e-22
20.150652 2.1112692000e-22
20.196326 2.1017407000e-22
20.242104 2.0922555000e-22
20.287985 2.0828132000e-22
20.333971 2.0734136000e-22
20.380061 2.0640566000e-22
20.426255 2.0547420000e-22
20.472554 2.0454696000e-22
20.518958 2.0362392000e-22
20.565467 2.0270505000e-22
20.612082 2.0179035000e-22
20.658802 2.0087979000e-22
20.705628 1.9997336000e-22
20.752561 1.9907103000e-22
20.799599 1.9817278000e-22
20.846745 1.9727861000e-22
20.893997 1.9638848000e-22
20.941356 1.9550238000e-22
20.988823 1.9462030000e-22
21.036397 1.9374221000e-22
21.084079 1.9286810000e-22
21.131869 1.9199795000e-22
21.179767 1.9113174000e-22
21.227774 1.9026945000e-22
21.275890 1.8941106000e-22
21.324115 1.8855657000e-22
21.372449 1.8770594000e-22
21.420893 1.8685917000e-22
21.469446 1.8601623000e-22
21.518110 1.8517711000e-22
21.566884 1.8434179000e-22
21.615768 1.8351025000e-22
21.664764 1.8268248000e-22
21.713870 1.8185846000e-22
21.763087 1.8103817000e-22
21.812417 1.8022159000e-22
21.861858 1.7940872000e-22
21.911411 1.7859952000e-22
21.961076 1.7779399000e-22
22.010854 1.7699211000e-22
22.060745 1.7619386000e-22
22.110749 1.7539923000e-22
22.160866 1.7460819000e-22
22.211097 1.7382074000e-22
22.261441 1.7303686000e-22
22.311900 1.7225652000e-22
22.362473 1.7147972000e-22
22.413161 1.7070644000e-22
22.463963 1.6993666000e-22
22.514881 1.6917037000e-22
22.565914 1.6840755000e-22
22.617063 1.6764819000e-22
22.668328 1.6689226000e-22
22.719709 1.6613976000e-22
22.771207 1.6539067000e-22
22.822821 1.6464497000e-22
22.874552 1.6390265000e-22
22.926401 1.6316369000e-22
22.978367 1.6242808000e-22
23.030450 1.6169580000e-22
23.082652 1.6096684000e-22
23.134972 1.6024118000e-22
23.187411 1.5951881000e-22
23.239969 1.5879971000e-22
23.292645 1.5808387000e-22
23.345442 1.5737127000e-22
23.398357 1.5666190000e-22
23.451393 1.5595574000e-22
23.504549 1.5525279000e-22
23.557825 1.5455302000e-22
23.611223 1.5385642000e-22
23.664741 1.5316297000e-22
23.718380 1.5247267000e-22
23.772142 1.5178549000e-22
23.826025 1.5110143000e-22
23.880030 1.5042047000e-22
23.934157 1.4974259000e-22
23.988407 1.4906779000e-22
24.042781 1.4839604000e-22
24.097277 1.4772734000e-22
24.151897 1.4706166000e-22
24.206641 1.4639901000e-22
24.261508 1.4573935000e-22
24.316501 1.4508269000e-22
24.371617 1.4442900000e-22
24.426859 1.4377828000e-22
24.482226 1.4313050000e-22
24.537719 1.4248566000e-22
24.593337 1.4184374000e-22
24.649081 1.4120473000e-22
24.704952 1.4056862000e-22
24.760949 1.3993538000e-22
24.817074 1.3930502000e-22
24.873325 1.3867752000e-22
24.929704 1.3805286000e-22
24.986211 1.3743103000e-22
25.042846 1.3681202000e-22
25.099609 1.3619582000e-22
25.156501 1.3558241000e-22
25.213522 1.3497178000e-22
25.270672 1.3436392000e-22
25.327951 1.3375881000e-22
25.385361 1.3315645000e-22
25.442900 1.3255682000e-22
25.500570 1.3195991000e-22
25.558371 1.3136570000e-22
25.616303 1.3077418000e-22
25.674366 1.3018535000e-22
25.732560 1.2959919000e-22
25.790887 1.2901569000e-22
25.849346 1.2843483000e-22
25.907937 1.2785660000e-22
25.966661 1.2728100000e-22
26.025518 1.2670801000e-22
26.084509 1.2613761000e-22
26.143633 1.2556980000e-22
26.202891 1.2500457000e-22
26.262284 1.2444190000e-22
26.321811 1.2388178000e-22
26.381473 1.2332420000e-22
26.441271 1.2276915000e-22
26.501204 1.2221662000e-22
26.561272 1.2166660000e-22
26.621477 1.2111906000e-22
26.681819 1.2057402000e-22
26.742297 1.2003144000e-22
26.802912 1.1949133000e-22
26.863665 1.1895366000e-22
26.924555 1.1841844000e-22
26.985584 1.1788564000e-22
27.046750 1.1735526000e-22
27.108056 1.1682728000e-22
27.169500 1.1630171000e-22
27.231084 1.1577851000e-22
27.292807 1.1525769000e-22
27.354670 1.1473923000e-22
27.416673 1.1422313000e-22
27.478817 1.1370936000e-22
27.541102 1.1319793000e-22
27.603527 1.1268882000e-22
27.666095 1.1218202000e-22
27.728804 1.1167752000e-22
27.791655 1.1117531000e-22
27.854649 1.1067537000e-22
27.917786 1.1017771000e-22
27.981065 1.0968230000e-22
28.044488 1.0918915000e-22
28.108055 1.0869823000e-22
28.171766 1.0820954000e-22
28.235622 1.0772307000e-22
28.299622 1.0723881000e-22
28.363767 1.0675674000e-22
28.428057 1.0627687000e-22
28.492494 1.0579917000e-22
28.557076 1.0532364000e-22
28.621805 1.0485027000e-22
28.686680 1.0437905000e-22
28.751703 1.0390997000e-22
28.816873 1.0344302000e-22
28.882190 1.0297819000e-22
28.947656 1.0251547000e-22
29.013270 1.0205485000e-22
29.079033 1.0159633000e-22
29.144944 1.0113988000e-22
29.211006 1.0068551000e-22
29.277216 1.0023321000e-22
29.343577 9.9782954000e-23
29.410089 9.9334747000e-23
29.476751 9.8888576000e-23
29.543564 9.8444432000e-23
29.610529 9.8002306000e-23
29.677646 9.7562189000e-23
29.744914 9.7124072000e-23
29.812335 9.6687945000e-23
29.879909 9.6253799000e-23
29.947636 9.5821627000e-23
30.015517 9.5391418000e-23
30.083552 9.4963165000e-23
30.151740 9.4536858000e-23
30.220084 9.4112488000e-23
30.288582 9.3690048000e-23
30.357235 9.3269527000e-23
30.426044 9.2850918000e-23
30.495009 9.2434212000e-23
30.564130 9.2019400000e-23
30.633408 9.1606474000e-23
30.702844 9.1195425000e-23
30.772436 9.0786246000e-23
30.842186 9.0378927000e-23
30.912094 8.9973460000e-23
30.982161 8.9569837000e-23
31.052387 8.9168049000e-23
31.122771 8.8768089000e-23
31.193315 8.8369948000e-23
31.264020 8.7973618000e-23
31.334884 8.7579091000e-23
31.405909 8.7186358000e-23
31.477095 8.6795412000e-23
31.548442 8.6406244000e-23
31.619951 8.6018847000e-23
31.691623 8.5633213000e-23
31.763456 8.5249334000e-23
31.835453 8.4867201000e-23
31.907612 8.4486807000e-23
31.979936 8.4108145000e-23
32.052423 8.3731206000e-23
32.125074 8.3355982000e-23
32.197890 8.2982467000e-23
32.270871 8.2610652000e-23
32.344018 8.2240530000e-23
32.417330 8.1872092000e-23
32.490809 8.1505332000e-23
32.564454 8.1140243000e-23
32.638266 8.0776815000e-23
32.712245 8.0415043000e-23
32.786392 8.0054918000e-23
32.860707 7.9696433000e-23
32.935191 7.9339582000e-23
33.009843 7.8984355000e-23
33.084665 7.8630747000e-23
33.159656 7.8278750000e-23
33.234817 7.7928357000e-23
33.310148 7.7579560000e-23
33.385651 7.7232353000e-23
33.461324 7.6886728000e-23
33.537169 7.6542678000e-23
33.613186 7.6200196000e-23
33.689375 7.5859275000e-23
33.765737 7.5519908000e-23
33.842272 7.5182088000e-23
33.918980 7.4845808000e-23
33.995862 7.4511062000e-23
34.072919 7.4177842000e-23
34.150150 7.3846141000e-23
34.227556 7.3515954000e-23
34.305138 7.3187272000e-23
34.382895 7.2860089000e-23
34.460829 7.2534399000e-23
34.538940 7.2210195000e-23
34.617227 7.1887469000e-23
34.695692 7.1566217000e-23
34.774335 7.1246430000e-23
34.853156 7.0928102000e-23
34.932155 7.0611227000e-23
35.011334 7.0295799000e-23
35.090692 6.9981810000e-23
35.170230 6.9669255000e-23
35.249949 6.9358127000e-23
35.329848 6.9048419000e-23
35.409928 6.8740126000e-23
35.490190 6.8433240000e-23
35.570633 6.8127756000e-23
35.651259 6.7823667000e-23
35.732068 6.7520967000e-23
35.813060 6.7219650000e-23
35.894235 6.6919710000e-23
35.975595 6.6621141000e-23
36.057139 6.6323935000e-23
36.138867 6.6028088000e-23
36.220781 6.5733593000e-23
36.302881 6.5440444000e-23
36.385167 6.5148636000e-23
36.467639 6.4858161000e-23
36.550298 6.4569015000e-23
36.633144 6.4281190000e-23
36.716179 6.3994683000e-23
36.799401 6.3709485000e-23
36.882812 6.3425592000e-23
36.966413 6.3142998000e-23
37.050202 6.2861697000e-23
37.134182 6.2581683000e-23
37.218352 6.2302950000e-23
37.302713 6.2025493000e-23
37.387265 6.1749307000e-23
37.472008 6.1474384000e-23
37.556944 6.1200720000e-23
37.642072 6.0928309000e-23
37.727393 6.0657146000e-23
37.812908 6.0387224000e-23
37.898616 6.0118539000e-23
37.984519 5.9851084000e-23
38.070616 5.9584855000e-23
38.156909 5.9319846000e-23
38.243397 5.9056051000e-23
38.330081 5.8793466000e-23
38.416962 5.8532084000e-23
38.504039 5.8271900000e-23
38.591314 5.8012909000e-23
38.678787 5.7755105000e-23
38.766458 5.7498484000e-23
38.854328 5.7243040000e-23
38.942397 5.6988767000e-23
39.030665 5.6735662000e-23
39.119134 5.6483717000e-23
39.207803 5.6232929000e-23
39.296673 5.5983291000e-23
39.385745 5.5734800000e-23
39.475018 5.5487449000e-23
39.564494 5.5241234000e-23
39.654172 5.4996150000e-23
39.744054 5.4752191000e-23
39.834140 5.4509353000e-23
39.924430 5.4267631000e-23
40.014924 5.4027019000e-23
40.105624 5.3787513000e-23
40.196529 5.3549107000e-23
40.287640 5.3311798000e-23
40.378958 5.3075579000e-23
40.470483 5.2840447000e-23
40.562215 5.2606396000e-23
40.654155 5.2373422000e-23
40.746303 5.2141519000e-23
40.838661 5.1910683000e-23
40.931227 5.1680909000e-23
41.024004 5.1452193000e-23
41.116991 5.1224530000e-23
41.210188 5.0997915000e-23
41.303597 5.0772343000e-23
41.397218 5.0547810000e-23
41.491050 5.0324312000e-23
41.585096 5.0101843000e-23
41.679354 4.9880399000e-23
41.773827 4.9659975000e-23
41.868513 4.9440568000e-23
41.963414 4.9222171000e-23
42.058530 4.9004782000e-23
42.153862 4.8788396000e-23
42.249410 4.8573007000e-23
42.345174 4.8358612000e-23
42.441155 4.8145207000e-23
42.537354 4.7932786000e-23
42.633771 4.7721345000e-23
42.730407 4.7510881000e-23
42.827262 4.7301389000e-23
42.924336 4.7092864000e-23
43.021630 4.6885302000e-23
43.119145 4.6678699000e-23
43.216880 4.6473051000e-23
43.314838 4.6268353000e-23
43.413017 4.6064602000e-23
43.511419 4.5861792000e-23
43.610044 4.5659921000e-23
43.708892 4.5458983000e-23
43.807965 4.5258975000e-23
43.907262 4.5059892000e-23
44.006784 4.4861731000e-23
44.106531 4.4664487000e-23
44.206505 4.4468157000e-23
44.306706 4.4272735000e-23
44.407133 4.4078219000e-23
44.507788 4.3884604000e-23
44.608672 4.3691887000e-23
44.709784 4.3500062000e-23
44.811125 4.3309127000e-23
44.912696 4.3119077000e-23
45.014497 4.2929909000e-23
45.116528 4.2741619000e-23
45.218792 4.2554202000e-23
45.321286 4.2367655000e-23
45.424014 4.2181974000e-23
45.526974 4.1997155000e-23
45.630167 4.1813195000e-23
45.733594 4.1630089000e-23
45.837256 4.1447834000e-23
45.941153 4.1266427000e-23
46.045285 4.1085862000e-23
46.149653 4.0906137000e-23
46.254258 4.0727249000e-23
46.359100 4.0549192000e-23
46.464180 4.0371964000e-23
46.569498 4.0195562000e-23
46.675054 4.0019980000e-23
46.780850 3.9845216000e-23
46.886885 3.9671267000e-23
46.993161 3.9498128000e-23
47.099678 3.9325795000e-23
47.206436 3.9154267000e-23
47.313436 3.8983538000e-23
47.420679 3.8813605000e-23
47.528165 3.8644466000e-23
47.635894 3.8476116000e-23
47.743868 3.8308552000e-23
47.852086 3.8141770000e-23
47.960550 3.7975767000e-23
48.069259 3.7810540000e-23
48.178215 3.7646085000e-23
48.287418 3.7482400000e-23
48.396868 3.7319479000e-23
48.506567 3.7157321000e-23
48.616514 3.6995921000e-23
48.726710 3.6835277000e-23
48.837156 3.6675385000e-23
48.947853 3.6516242000e-23
49.058800 3.6357844000e-23
49.169999 3.6200189000e-23
49.281450 3.6043273000e-23
49.393153 3.5887092000e-23
49.505110 3.5731645000e-23
49.617320 3.5576926000e-23
49.729785 3.5422934000e-23
49.842505 3.5269665000e-23
49.955480 3.5117115000e-23
50.068711 3.4965283000e-23
50.182199 3.4814164000e-23
50.295944 3.4663755000e-23
50.409947 3.4514054000e-23
50.524209 3.4365057000e-23
50.638729 3.4216762000e-23
50.753509 3.4069164000e-23
50.868549 3.3922262000e-23
50.983850 3.3776051000e-23
51.099412 3.3630530000e-23
51.215237 3.3485695000e-23
51.331323 3.3341543000e-23
51.447673 3.3198071000e-23
51.564287 3.3055276000e-23
51.681164 3.2913155000e-23
51.798307 3.2771705000e-23
51.915716 3.2630924000e-23
52.033390 3.2490808000e-23
52.151331 3.2351355000e-23
52.269540 3.2212562000e-23
52.388016 3.2074425000e-23
52.506761 3.1936942000e-23
52.625775 3.1800110000e-23
52.745059 3.1663926000e-23
52.864613 3.1528388000e-23
52.984439 3.1393493000e-23
53.104535 3.1259237000e-23
53.224904 3.1125619000e-23
53.345546 3.0992634000e-23
53.466462 3.0860282000e-23
53.587651 3.0728558000e-23
53.709115 3.0597460000e-23
53.830855 3.0466986000e-23
53.952870 3.0337132000e-23
54.075162 3.0207896000e-23
54.197731 3.0079276000e-23
54.320578 2.9951268000e-23
54.443703 2.9823871000e-23
54.567108 2.9697080000e-23
54.690792 2.9570895000e-23
54.814757 2.9445311000e-23
54.939002 2.9320327000e-23
55.063529 2.9195940000e-23
55.188339 2.9072148000e-23
55.313431 2.8948947000e-23
55.438807 2.8826336000e-23
55.564467 2.8704311000e-23
55.690412 2.8582870000e-23
55.816642 2.8462011000e-23
55.943158 2.8341732000e-23
56.069962 2.8222029000e-23
56.197052 2.8102900000e-23
56.324431 2.7984342000e-23
56.452098 2.7866355000e-23
56.580055 2.7748933000e-23
56.708302 2.7632077000e-23
56.836840 2.7515782000e-23
56.965668 2.7400046000e-23
57.094789 2.7284868000e-23
57.224203 2.7170245000e-23
57.353910 2.7056174000e-23
57.483911 2.6942652000e-23
57.614206 2.6829679000e-23
57.744797 2.6717251000e-23
57.875684 2.6605365000e-23
58.006867 2.6494020000e-23
58.138348 2.6383214000e-23
58.270127 2.6272943000e-23
58.402205 2.6163207000e-23
58.534582 2.6054001000e-23
58.667259 2.5945325000e-23
58.800237 2.5837175000e-23
58.933516 2.5729550000e-23
59.067097 2.5622448000e-23
59.200981 2.5515866000e-23
59.335169 2.5409801000e-23
59.469660 2.5304252000e-23
59.604457 2.5199217000e-23
59.739559 2.5094693000e-23
59.874967 2.4990678000e-23
60.010683 2.4887171000e-23
60.146705 2.4784167000e-23
60.283037 2.4681667000e-23
60.419677 2.4579667000e-23
60.556627 2.4478166000e-23
60.693887 2.4377160000e-23
60.831458 2.4276649000e-23
60.969342 2.4176630000e-23
61.107537 2.4077101000e-23
61.246046 2.3978059000e-23
61.384869 2.3879504000e-23
61.524007 2.3781432000e-23
61.663460 2.3683841000e-23
61.803229 2.3586731000e-23
61.943315 2.3490098000e-23
62.083718 2.3393940000e-23
62.224440 2.3298256000e-23
62.365481 2.3203044000e-23
62.506841 2.3108301000e-23
62.648522 2.3014026000e-23
62.790524 2.2920216000e-23
62.932847 2.2826870000e-23
63.075494 2.2733985000e-23
63.218463 2.2641560000e-23
63.361757 2.2549593000e-23
63.505376 2.2458082000e-23
63.649320 2.2367024000e-23
63.793590 2.2276419000e-23
63.938187 2.2186263000e-23
64.083113 2.2096556000e-23
64.228366 2.2007294000e-23
64.373949 2.1918478000e-23
64.519862 2.1830103000e-23
64.666105 2.1742170000e-23
64.812680 2.1654675000e-23
64.959588 2.1567617000e-23
65.106828 2.1480994000e-23
65.254402 2.1394804000e-23
65.402310 2.1309046000e-23
65.550554 2.1223717000e-23
65.699134 2.1138816000e-23
65.848050 2.1054341000e-23
65.997304 2.0970290000e-23
66.146897 2.0886662000e-23
66.296828 2.0803454000e-23
66.447099 2.0720666000e-23
66.597711 2.0638294000e-23
66.748665 2.0556338000e-23
66.899960 2.0474795000e-23
67.051599 2.0393664000e-23
67.203581 2.0312943000e-23
67.355907 2.0232631000e-23
67.508579 2.0152726000e-23
67.661597 2.0073225000e-23
67.814962 1.9994128000e-23
67.968674 1.9915432000e-23
68.122735 1.9837137000e-23
68.277145 1.9759239000e-23
68.431905 1.9681739000e-23
68.587015 1.9604633000e-23
68.742478 1.9527920000e-23
68.898292 1.9451599000e-23
69.054460 1.9375669000e-23
69.210982 1.9300126000e-23
69.367859 1.9224970000e-23
69.525091 1.9150200000e-23
69.682680 1.9075813000e-23
69.840626 1.9001807000e-23
69.998929 1.8928183000e-23
70.157592 1.8854937000e-23
70.316614 1.8782068000e-23
70.475997 1.8709574000e-23
70.635741 1.8637455000e-23
70.795847 1.8565708000e-23
70.956316 1.8494332000e-23
71.117149 1.8423326000e-23
71.278346 1.8352687000e-23
71.439908 1.8282414000e-23
71.601837 1.8212507000e-23
71.764133 1.8142962000e-23
71.926797 1.8073779000e-23
72.089829 1.8004957000e-23
72.253231 1.7936493000e-23
72.417004 1.7868386000e-23
72.581147 1.7800636000e-23
72.745663 1.7733239000e-23
72.910551 1.7666195000e-23
73.075813 1.7599503000e-23
73.241450 1.7533160000e-23
73.407463 1.7467166000e-23
73.573851 1.7401518000e-23
73.740617 1.7336217000e-23
73.907761 1.7271259000e-23
74.075283 1.7206644000e-23
74.243185 1.7142370000e-23
74.411468 1.7078436000e-23
74.580133 1.7014840000e-23
74.749179 1.6951581000e-23
74.918609 1.6888658000e-23
75.088423 1.6826069000e-23
75.258621 1.6763813000e-23
75.429206 1.6701888000e-23
75.600177 1.6640293000e-23
75.771536 1.6579027000e-23
75.943283 1.6518088000e-23
76.115419 1.6457476000e-23
76.287946 1.6397187000e-23
76.460863 1.6337222000e-23
76.634173 1.6277579000e-23
76.807875 1.6218256000e-23
76.981971 1.6159253000e-23
77.156462 1.6100567000e-23
77.331348 1.6042198000e-23
77.506631 1.5984145000e-23
77.682311 1.5926405000e-23
77.858389 1.5868978000e-23
78.034866 1.5811862000e-23
78.211743 1.5755056000e-23
78.389021 1.5698559000e-23
78.566701 1.5642369000e-23
78.744784 1.5586486000e-23
78.923271 1.5530907000e-23
79.102161 1.5475632000e-23
79.281458 1.5420660000e-23
79.461161 1.5365988000e-23
79.641271 1.5311617000e-23
79.821789 1.5257544000e-23
80.002717 1.5203768000e-23
80.184054 1.5150289000e-23
80.365803 1.5097104000e-23
80.547964 1.5044214000e-23
80.730537 1.4991615000e-23
80.913525 1.4939308000e-23
81.096927 1.4887291000e-23
81.280745 1.4835562000e-23
81.464979 1.4784122000e-23
81.649631 1.4732967000e-23
81.834702 1.4682098000e-23
82.020192 1.4631513000e-23
82.206103 1.4581211000e-23
82.392434 1.4531190000e-23
82.579189 1.4481450000e-23
82.766366 1.4431989000e-23
82.953968 1.4382806000e-23
83.141995 1.4333900000e-23
83.330449 1.4285270000e-23
83.519329 1.4236914000e-23
83.708638 1.4188832000e-23
83.898375 1.4141023000e-23
84.088543 1.4093484000e-23
84.279142 1.4046216000e-23
84.470173 1.3999216000e-23
84.661636 1.3952485000e-23
84.853534 1.3906020000e-23
85.045867 1.3859820000e-23
85.238636 1.3813885000e-23
85.431841 1.3768213000e-23
85.625485 1.3722804000e-23
85.819567 1.3677655000e-23
86.014090 1.3632767000e-23
86.209053 1.3588138000e-23
86.404458 1.3543766000e-23
86.600306 1.3499651000e-23
86.796598 1.3455791000e-23
86.993335 1.3412187000e-23
87.190518 1.3368835000e-23
87.388148 1.3325736000e-23
87.586226 1.3282889000e-23
87.784753 1.3240291000e-23
87.983729 1.3197943000e-23
88.183157 1.3155843000e-23
88.383037 1.3113990000e-23
88.583370 1.3072383000e-23
88.784157 1.3031022000e-23
88.985399 1.2989904000e-23
89.187097 1.2949029000e-23
89.389252 1.2908395000e-23
89.591866 1.2868003000e-23
89.794939 1.2827850000e-23
89.998472 1.2787937000e-23
90.202466 1.2748261000e-23
90.406923 1.2708821000e-23
90.611843 1.2669618000e-23
90.817228 1.2630649000e-23
91.023079 1.2591914000e-23
91.229395 1.2553411000e-23
91.436180 1.2515140000e-23
91.643433 1.2477100000e-23
91.851156 1.2439290000e-23
92.059350 1.2401708000e-23
92.268016 1.2364354000e-23
92.477155 1.2327227000e-23
92.686767 1.2290325000e-23
92.896855 1.2253648000e-23
93.107419 1.2217195000e-23
93.318461 1.2180965000e-23
93.529980 1.2144957000e-23
93.741979 1.2109169000e-23
93.954459 1.2073602000e-23
94.167420 1.2038253000e-23
94.380864 1.2003123000e-23
94.594792 1.1968209000e-23
94.809205 1.1933511000e-23
95.024104 1.1899029000e-23
95.239489 1.1864761000e-23
95.455363 1.1830706000e-23
95.671727 1.1796864000e-23
95.888580 1.1763232000e-23
96.105926 1.1729812000e-23
96.323764 1.1696600000e-23
96.542095 1.1663598000e-23
96.760922 1.1630803000e-23
96.980244 1.1598214000e-23
97.200064 1.1565832000e-23
97.420382 1.1533654000e-23
97.641199 1.1501681000e-23
97.862517 1.1469910000e-23
98.084336 1.1438342000e-23
98.306659 1.1406975000e-23
98.529485 1.1375808000e-23
98.752816 1.1344841000e-23
98.976653 1.1314073000e-23
99.200998 1.1283502000e-23
99.425852 1.1253128000e-23
99.651215 1.1222949000e-23
99.877088 1.1192966000e-23
100.103470 1.1163177000e-23
100.330370 1.1133581000e-23
100.557790 1.1104178000e-23
100.785710 1.1074966000e-23
101.014160 1.1045945000e-23
101.243120 1.1017113000e-23
101.472610 1.0988470000e-23
101.702610 1.0960016000e-23
101.933130 1.0931748000e-23
102.164180 1.0903667000e-23
102.395750 1.0875771000e-23
102.627840 1.0848060000e-23
102.860460 1.0820533000e-23
103.093610 1.0793188000e-23
103.327290 1.0766026000e-23
103.561490 1.0739045000e-23
103.796230 1.0712244000e-23
104.031500 1.0685623000e-23
104.267300 1.0659180000e-23
104.503640 1.0632915000e-23
104.740510 1.0606828000e-23
104.977920 1.0580916000e-23
105.215870 1.0555180000e-23
105.454350 1.0529618000e-23
105.693380 1.0504231000e-23
105.932950 1.0479016000e-23
106.173060 1.0453973000e-23
106.413720 1.0429101000e-23
106.654920 1.0404400000e-23
106.896670 1.0379869000e-23
107.138970 1.0355506000e-23
107.381810 1.0331312000e-23
107.625210 1.0307285000e-23
107.869160 1.0283424000e-23
108.113660 1.0259729000e-23
108.358710 1.0236199000e-23
108.604320 1.0212833000e-23
108.850490 1.0189630000e-23
109.097220 1.0166589000e-23
109.344500 1.0143711000e-23
109.592350 1.0120993000e-23
109.840750 1.0098435000e-23
110.089720 1.0076037000e-23
110.339260 1.0053798000e-23
110.589360 1.0031716000e-23
110.840020 1.0009791000e-23
111.091260 9.9880230000e-24
111.343060 9.9664102000e-24
111.595440 9.9449521000e-24
111.848390 9.9236481000e-24
112.101910 9.9024973000e-24
112.356000 9.8814990000e-24
112.610670 9.8606525000e-24
112.865920 9.8399569000e-24
113.121750 9.8194116000e-24
113.378150 9.7990158000e-24
113.635140 9.7787687000e-24
113.892710 9.7586697000e-24
114.150870 9.7387179000e-24
114.409610 9.7189127000e-24
114.668930 9.6992533000e-24
114.928850 9.6797389000e-24
115.189350 9.6603689000e-24
115.450440 9.6411426000e-24
115.712130 9.6220591000e-24
115.974400 9.6031178000e-24
116.237280 9.5843179000e-24
116.500750 9.5656588000e-24
116.764810 9.5471398000e-24
117.029480 9.5287600000e-24
117.294740 9.5105188000e-24
117.560600 9.4924155000e-24
117.827070 9.4744494000e-24
118.094140 9.4566198000e-24
118.361820 9.4389260000e-24
118.630110 9.4213673000e-24
118.899000 9.4039429000e-24
119.168500 9.3866523000e-24
119.438610 9.3694947000e-24
119.709340 9.3524694000e-24
119.980680 9.3355757000e-24
120.252630 9.3188130000e-24
120.525200 9.3021805000e-24
120.798390 9.2856776000e-24
121.072190 9.2693037000e-24
121.346620 9.2530580000e-24
121.621670 9.2369399000e-24
121.897340 9.2209486000e-24
122.173640 9.2050836000e-24
122.450570 9.1893442000e-24
122.728120 9.1737297000e-24
123.006300 9.1582394000e-24
123.285110 9.1428727000e-24
123.564550 9.1276290000e-24
123.844630 9.1125076000e-24
124.125340 9.0975077000e-24
124.406690 9.0826289000e-24
124.688680 9.0678705000e-24
124.971300 9.0532317000e-24
125.254570 9.0387120000e-24
125.538470 9.0243107000e-24
125.823020 9.0100273000e-24
126.108220 8.9958609000e-24
126.394060 8.9818112000e-24
126.680550 8.9678773000e-24
126.967690 8.9540587000e-24
127.255480 8.9403548000e-24
127.543930 8.9267649000e-24
127.833020 8.9132884000e-24
128.122770 8.8999247000e-24
128.413180 8.8866733000e-24
128.704250 8.8735334000e-24
128.995980 8.8605045000e-24
129.288360 8.8475859000e-24
129.581420 8.8347772000e-24
129.875130 8.8220776000e-24
130.169510 8.8094866000e-24
130.464560 8.7970035000e-24
130.760280 8.7846279000e-24
131.056660 8.7723590000e-24
131.353720 8.7601964000e-24
131.651450 8.7481394000e-24
131.949860 8.7361874000e-24
132.248940 8.7243399000e-24
132.548700 8.7125963000e-24
132.849150 8.7009560000e-24
133.150270 8.6894185000e-24
133.452070 8.6779831000e-24
133.754560 8.6666493000e-24
134.057730 8.6554166000e-24
134.361590 8.6442844000e-24
134.666140 8.6332521000e-24
134.971380 8.6223191000e-24
135.277320 8.6114850000e-24
135.583940 8.6007491000e-24
135.891260 8.5901109000e-24
136.199280 8.5795699000e-24
136.508000 8.5691255000e-24
136.817410 8.5587772000e-24
137.127530 8.5485245000e-24
137.438350 8.5383667000e-24
137.749870 8.5283034000e-24
138.062100 8.5183341000e-24
138.375040 8.5084582000e-24
138.688680 8.4986751000e-24
139.003040 8.4889845000e-24
139.318110 8.4793857000e-24
139.633900 8.4698782000e-24
139.950400 8.4604615000e-24
140.267610 8.4511351000e-24
140.585550 8.4418985000e-24
140.904210 8.4327512000e-24
141.223590 8.4236927000e-24
141.543690 8.4147224000e-24
141.864520 8.4058399000e-24
142.186080 8.3970447000e-24
142.508360 8.3883363000e-24
142.831380 8.3797142000e-24
143.155130 8.3711779000e-24
143.479610 8.3627269000e-24
143.804820 8.3543607000e-24
144.130780 8.3460789000e-24
144.457470 8.3378809000e-24
144.784910 8.3297663000e-24
145.113080 8.3217347000e-24
145.442000 8.3137855000e-24
145.771670 8.3059183000e-24
146.102080 8.2981326000e-24
146.433240 8.2904279000e-24
146.765150 8.2828039000e-24
147.097820 8.2752599000e-24
147.431230 8.2677957000e-24
147.765410 8.2604106000e-24
148.100340 8.2531044000e-24
148.436030 8.2458764000e-24
148.772480 8.2387264000e-24
149.109700 8.2316537000e-24
149.447680 8.2246581000e-24
149.786420 8.2177390000e-24
150.125930 8.2108961000e-24
150.466210 8.2041288000e-24
150.807270 8.1974368000e-24
151.149090 8.1908196000e-24
151.491700 8.1842768000e-24
151.835070 8.1778080000e-24
152.179230 8.1714128000e-24
152.524170 8.1650907000e-24
152.869880 8.1588414000e-24
153.216380 8.1526643000e-24
153.563670 8.1465592000e-24
153.911750 8.1405256000e-24
154.260610 8.1345631000e-24
154.610260 8.1286712000e-24
154.960710 8.1228497000e-24
155.311950 8.1170981000e-24
155.663990 8.1114159000e-24
156.016820 8.1058029000e-24
156.370460 8.1002586000e-24
156.724890 8.0947826000e-24
157.080130 8.0893746000e-24
157.436180 8.0840342000e-24
157.793030 8.0787609000e-24
158.150690 8.0735544000e-24
158.509160 8.0684144000e-24
158.868440 8.0633405000e-24
159.228540 8.0583322000e-24
159.589460 8.0533893000e-24
159.951190 8.0485113000e-24
160.313740 8.0436979000e-24
160.677120 8.0389488000e-24
161.041310 8.0342636000e-24
161.406340 8.0296419000e-24
161.772190 8.0250833000e-24
162.138870 8.0205876000e-24
162.506380 8.0161543000e-24
162.874720 8.0117832000e-24
163.243900 8.0074739000e-24
163.613920 8.0032260000e-24
163.984770 7.9990393000e-24
164.356470 7.9949133000e-24
164.729000 7.9908477000e-24
165.102390 7.9868423000e-24
165.476610 7.9828966000e-24
165.851690 7.9790104000e-24
166.227620 7.9751834000e-24
166.604400 7.9714151000e-24
166.982030 7.9677053000e-24
167.360520 7.9640537000e-24
167.739860 7.9604600000e-24
168.120070 7.9569238000e-24
168.501140 7.9534448000e-24
168.883070 7.9500228000e-24
169.265870 7.9466574000e-24
169.649530 7.9433484000e-24
170.034070 7.9400953000e-24
170.419480 7.9368980000e-24
170.805760 7.9337561000e-24
171.192910 7.9306693000e-24
171.580950 7.9276374000e-24
171.969860 7.9246600000e-24
172.359650 7.9217369000e-24
172.750330 7.9188678000e-24
173.141890 7.9160523000e-24
173.534350 7.9132903000e-24
173.927690 7.9105815000e-24
174.321920 7.9079255000e-24
174.717040 7.9053220000e-24
175.113060 7.9027709000e-24
175.509980 7.9002719000e-24
175.907800 7.8978246000e-24
176.306520 7.8954289000e-24
176.706150 7.8930844000e-24
177.106680 7.8907909000e-24
177.508110 7.8885482000e-24
177.910460 7.8863559000e-24
178.313720 7.8842139000e-24
178.717900 7.8821218000e-24
179.122990 7.8800794000e-24
179.528990 7.8780866000e-24
179.935920 7.8761429000e-24
180.343770 7.8742483000e-24
180.752550 7.8724024000e-24
181.162250 7.8706050000e-24
181.572880 7.8688558000e-24
181.984440 7.8671547000e-24
182.396930 7.8655015000e-24
182.810360 7.8638957000e-24
183.224730 7.8623374000e-24
183.640030 7.8608261000e-24
184.056280 7.8593617000e-24
184.473470 7.8579440000e-24
184.891610 7.8565727000e-24
185.310690 7.8552477000e-24
185.730720 7.8539686000e-24
186.151710 7.8527354000e-24
186.573650 7.8515477000e-24
186.996540 7.8504054000e-24
187.420400 7.8493083000e-24
187.845210 7.8482561000e-24
188.270990 7.8472487000e-24
188.697740 7.8462858000e-24
189.125450 7.8453672000e-24
189.554130 7.8444928000e-24
189.983780 7.8436624000e-24
190.414400 7.8428756000e-24
190.846000 7.8421325000e-24
191.278580 7.8414327000e-24
191.712140 7.8407760000e-24
192.146690 7.8401624000e-24
192.582220 7.8395916000e-24
193.018730 7.8390633000e-24
193.456240 7.8385775000e-24
193.894730 7.8381340000e-24
194.334220 7.8377325000e-24
194.774710 7.8373729000e-24
195.216190 7.8370550000e-24
195.658680 7.8367786000e-24
196.102170 7.8365437000e-24
196.546660 7.8363499000e-24
196.992160 7.8361972000e-24
197.438670 7.8360853000e-24
197.886200 7.8360141000e-24
198.334730 7.8359835000e-24
198.784290 7.8359932000e-24
199.234860 7.8360431000e-24
199.686460 7.8361332000e-24
200.139070 7.8362631000e-24
200.592720 7.8364327000e-24
201.047390 7.8366419000e-24
201.503090 7.8368906000e-24
201.959830 7.8371786000e-24
202.417600 7.8375057000e-24
202.876410 7.8378718000e-24
203.336260 7.8382767000e-24
203.797150 7.8387204000e-24
204.259080 7.8392026000e-24
204.722070 7.8397232000e-24
205.186100 7.8402822000e-24
205.651180 7.8408792000e-24
206.117320 7.8415143000e-24
206.584510 7.8421873000e-24
207.052770 7.8428980000e-24
207.522080 7.8436464000e-24
207.992460 7.8444322000e-24
208.463910 7.8452554000e-24
208.936420 7.8461158000e-24
209.410000 7.8470133000e-24
209.884660 7.8479478000e-24
210.360400 7.8489192000e-24
210.837210 7.8499273000e-24
211.315100 7.8509721000e-24
211.794080 7.8520534000e-24
212.274140 7.8531710000e-24
212.755290 7.8543249000e-24
213.237530 7.8555150000e-24
213.720860 7.8567412000e-24
214.205290 7.8580033000e-24
214.690820 7.8593013000e-24
215.177450 7.8606349000e-24
215.665180 7.8620042000e-24
216.154010 7.8634090000e-24
216.643960 7.8648493000e-24
217.135010 7.8663248000e-24
217.627180 7.8678356000e-24
218.120460 7.8693815000e-24
218.614860 7.8709624000e-24
219.110390 7.8725782000e-24
219.607030 7.8742289000e-24
220.104800 7.8759143000e-24
220.603700 7.8776344000e-24
221.103730 7.8793890000e-24
221.604890 7.8811781000e-24
222.107190 7.8830015000e-24
222.610630 7.8848593000e-24
223.115210 7.8867512000e-24
223.620930 7.8886773000e-24
224.127800 7.8906374000e-24
224.635820 7.8926315000e-24
225.144990 7.8946594000e-24
225.655310 7.8967212000e-24
226.166790 7.8988166000e-24
226.679430 7.9009458000e-24
227.193230 7.9031084000e-24
227.708200 7.9053046000e-24
228.224330 7.9075342000e-24
228.741640 7.9097972000e-24
229.260110 7.9120934000e-24
229.779760 7.9144229000e-24
230.300590 7.9167855000e-24
230.822600 7.9191811000e-24
231.345800 7.9216098000e-24
231.870170 7.9240715000e-24
232.395740 7.9265660000e-24
232.922500 7.9290933000e-24
233.450450 7.9316534000e-24
233.979600 7.9342462000e-24
234.509950 7.9368716000e-24
235.041500 7.9395297000e-24
235.574250 7.9422202000e-24
236.108220 7.9449433000e-24
236.643390 7.9476987000e-24
237.179780 7.9504865000e-24
237.717380 7.9533066000e-24
238.256200 7.9561590000e-24
238.796240 7.9590436000e-24
239.337510 7.9619604000e-24
239.880000 7.9649093000e-24
240.423720 7.9678902000e-24
240.968680 7.9709032000e-24
241.514870 7.9739481000e-24
242.062300 7.9770250000e-24
242.610970 7.9801338000e-24
243.160880 7.9832744000e-24
243.712040 7.9864468000e-24
244.264450 7.9896510000e-24
244.818110 7.9928870000e-24
245.373020 7.9961546000e-24
245.929190 7.9994539000e-24
246.486630 8.0027848000e-24
247.045330 8.0061473000e-24
247.605290 8.0095414000e-24
248.166520 8.0129670000e-24
248.729030 8.0164240000e-24
249.292810 8.0199126000e-24
249.857870 8.0234325000e-24
250.424200 8.0269839000e-24
250.991830 8.0305666000e-24
251.560740 8.0341807000e-24
252.130930 8.0378261000e-24
252.702430 8.0415028000e-24
253.275210 8.0452107000e-24
253.849300 8.0489499000e-24
254.424680 8.0527204000e-24
255.001370 8.0565220000e-24
255.579370 8.0603548000e-24
256.158680 8.0642188000e-24
256.739300 8.0681139000e-24
257.321230 8.0720402000e-24
257.904490 8.0759975000e-24
258.489070 8.0799860000e-24
259.074970 8.0840055000e-24
259.662200 8.0880561000e-24
260.250760 8.0921377000e-24
260.840660 8.0962504000e-24
261.431890 8.1003941000e-24
262.024460 8.1045688000e-24
262.618380 8.1087745000e-24
263.213640 8.1130112000e-24
263.810250 8.1172789000e-24
264.408220 8.1215775000e-24
265.007540 8.1259072000e-24
265.608210 8.1302678000e-24
266.210250 8.1346593000e-24
266.813660 8.1390818000e-24
267.418430 8.1435352000e-24
268.024570 8.1480196000e-24
268.632090 8.1525350000e-24
269.240980 8.1570812000e-24
269.851250 8.1616585000e-24
270.462910 8.1662666000e-24
271.075950 8.1709057000e-24
271.690390 8.1755757000e-24
272.306210 8.1802767000e-24
272.923430 8.1850086000e-24
273.542050 8.1897715000e-24
274.162080 8.1945653000e-24
274.783500 8.1993901000e-24
275.406340 8.2042458000e-24
276.030590 8.2091325000e-24
276.656250 8.2140502000e-24
277.283330 8.2189989000e-24
277.911830 8.2239786000e-24
278.541760 8.2289892000e-24
279.173120 8.2340309000e-24
279.805900 8.2391036000e-24
280.440120 8.2442074000e-24
281.075780 8.2493422000e-24
281.712880 8.2545080000e-24
282.351420 8.2597049000e-24
282.991410 8.2649329000e-24
283.632850 8.2701920000e-24
284.275750 8.2754823000e-24
284.920100 8.2808036000e-24
285.565910 8.2861561000e-24
286.213190 8.2915398000e-24
286.861930 8.2969546000e-24
287.512140 8.3024007000e-24
288.163830 8.3078779000e-24
288.817000 8.3133865000e-24
289.471640 8.3189262000e-24
290.127770 8.3244973000e-24
290.785390 8.3300996000e-24
291.444490 8.3357333000e-24
292.105100 8.3413984000e-24
292.767190 8.3470948000e-24
293.430790 8.3528226000e-24
294.095900 8.3585818000e-24
294.762510 8.3643724000e-24
295.430630 8.3701946000e-24
296.100260 8.3760482000e-24
296.771420 8.3819334000e-24
297.444090 8.3878501000e-24
298.118290 8.3937983000e-24
298.794020 8.3997782000e-24
299.471280 8.4057898000e-24
300.150070 8.4118330000e-24
300.830410 8.4179079000e-24
301.512280 8.4240145000e-24
302.195700 8.4301529000e-24
302.880670 8.4363231000e-24
303.567200 8.4425251000e-24
304.255280 8.4487589000e-24
304.944910 8.4550247000e-24
305.636120 8.4613223000e-24
306.328880 8.4676520000e-24
307.023220 8.4740136000e-24
307.719130 8.4804072000e-24
308.416620 8.4868330000e-24
309.115690 8.4932908000e-24
309.816350 8.4997808000e-24
310.518590 8.5063029000e-24
311.222430 8.5128573000e-24
311.927860 8.5194439000e-24
312.634890 8.5260628000e-24
313.343520 8.5327140000e-24
314.053760 8.5393977000e-24
314.765610 8.5461137000e-24
315.479070 8.5528622000e-24
316.194150 8.5596432000e-24
316.910850 8.5664567000e-24
317.629170 8.5733028000e-24
318.349120 8.5801815000e-24
319.070710 8.5870929000e-24
319.793930 8.5940371000e-24
320.518780 8.6010139000e-24
321.245290 8.6080236000e-24
321.973430 8.6150661000e-24
322.703230 8.6221416000e-24
323.434690 8.6292499000e-24
324.167800 8.6363913000e-24
324.902570 8.6435657000e-24
325.639010 8.6507731000e-24
326.377120 8.6580137000e-24
327.116900 8.6652875000e-24
327.858350 8.6725945000e-24
328.601490 8.6799348000e-24
329.346320 8.6873084000e-24
330.092830 8.6947154000e-24
330.841030 8.7021558000e-24
331.590930 8.7096297000e-24
332.342530 8.7171372000e-24
333.095830 8.7246782000e-24
333.850840 8.7322528000e-24
334.607560 8.7398612000e-24
335.366000 8.7475033000e-24
336.126150 8.7551792000e-24
336.888030 8.7628889000e-24
337.651630 8.7706325000e-24
338.416970 8.7784101000e-24
339.184040 8.7862217000e-24
339.952850 8.7940674000e-24
340.723400 8.8019472000e-24
341.495700 8.8098612000e-24
342.269750 8.8178095000e-24
343.045550 8.8257920000e-24
343.823120 8.8338089000e-24
344.602440 8.8418602000e-24
345.383530 8.8499460000e-24
346.166390 8.8580663000e-24
346.951030 8.8662212000e-24
347.737440 8.8744107000e-24
348.525640 8.8826350000e-24
349.315620 8.8908940000e-24
350.107400 8.8991879000e-24
350.900970 8.9075167000e-24
351.696330 8.9158804000e-24
352.493500 8.9242791000e-24
353.292480 8.9327129000e-24
354.093270 8.9411818000e-24
354.895870 8.9496860000e-24
355.700290 8.9582254000e-24
356.506540 8.9668002000e-24
357.314610 8.9754103000e-24
358.124520 8.9840559000e-24
358.936260 8.9927370000e-24
359.749840 9.0014537000e-24
360.565260 9.0102061000e-24
361.382540 9.0189942000e-24
362.201660 9.0278181000e-24
363.022650 9.0366778000e-24
363.845490 9.0455734000e-24
364.670200 9.0545051000e-24
365.496770 9.0634727000e-24
366.325220 9.0724765000e-24
367.155550 9.0815165000e-24
367.987760 9.0905928000e-24
368.821860 9.0997054000e-24
369.657850 9.1088543000e-24
370.495730 9.1180398000e-24
371.335510 9.1272618000e-24
372.177200 9.1365203000e-24
373.020790 9.1458156000e-24
373.866300 9.1551476000e-24
374.713720 9.1645164000e-24
375.563060 9.1739221000e-24
376.414330 9.1833648000e-24
377.267530 9.1928445000e-24
378.122660 9.2023613000e-24
378.979730 9.2119153000e-24
379.838740 9.2215066000e-24
380.699700 9.2311351000e-24
381.562610 9.2408011000e-24
382.427470 9.2505045000e-24
383.294300 9.2602455000e-24
384.163090 9.2700241000e-24
385.033850 9.2798404000e-24
385.906590 9.2896945000e-24
386.781300 9.2995864000e-24
387.658000 9.3095162000e-24
388.536680 9.3194841000e-24
389.417350 9.3294900000e-24
390.300020 9.3395340000e-24
391.184700 9.3496163000e-24
392.071370 9.3597369000e-24
392.960060 9.3698959000e-24
393.850760 9.3800933000e-24
394.743480 9.3903293000e-24
395.638220 9.4006039000e-24
396.534990 9.4109172000e-24
397.433790 9.4212693000e-24
398.334640 9.4316602000e-24
399.237520 9.4420901000e-24
400.142450 9.4525590000e-24
401.049430 9.4630670000e-24
401.958460 9.4736141000e-24
402.869560 9.4842005000e-24
403.782720 9.4948263000e-24
404.697950 9.5054915000e-24
405.615260 9.5161962000e-24
406.534650 9.5269404000e-24
407.456110 9.5377244000e-24
408.379670 9.5485481000e-24
409.305320 9.5594116000e-24
410.233070 9.5703151000e-24
411.162930 9.5812586000e-24
412.094890 9.5922422000e-24
413.028960 9.6032659000e-24
413.965150 9.6143299000e-24
414.903460 9.6254343000e-24
415.843900 9.6365790000e-24
416.786470 9.6477644000e-24
417.731170 9.6589903000e-24
418.678020 9.6702569000e-24
419.627010 9.6815643000e-24
420.578160 9.6929126000e-24
421.531460 9.7043019000e-24
422.486920 9.7157322000e-24
423.444550 9.7272037000e-24
424.404350 9.7387164000e-24
425.366320 9.7502704000e-24
426.330470 9.7618659000e-24
427.296810 9.7735029000e-24
428.265340 9.7851815000e-24
429.236070 9.7969018000e-24
430.208990 9.8086639000e-24
431.184120 9.8204680000e-24
432.161470 9.8323140000e-24
433.141020 9.8442022000e-24
434.122800 9.8561326000e-24
435.106800 9.8681053000e-24
436.093030 9.8801205000e-24
437.081500 9.8921782000e-24
438.072210 9.9042785000e-24
439.065160 9.9164217000e-24
440.060370 9.9286077000e-24
441.057830 9.9408367000e-24
442.057550 9.9531089000e-24
443.059530 9.9654244000e-24
444.063790 9.9777833000e-24
445.070330 9.9901857000e-24
446.079140 1.0002632000e-23
447.090240 1.0015122000e-23
448.103640 1.0027656000e-23
449.119330 1.0040235000e-23
450.137320 1.0052858000e-23
451.157620 1.0065525000e-23
452.180240 1.0078238000e-23
453.205170 1.0090996000e-23
454.232420 1.0103800000e-23
455.262010 1.0116650000e-23
456.293920 1.0129546000e-23
457.328180 1.0142489000e-23
458.364780 1.0155480000e-23
459.403730 1.0168520000e-23
460.445030 1.0181609000e-23
461.488700 1.0194749000e-23
462.534730 1.0207942000e-23
463.583130 1.0221188000e-23
464.633910 1.0234493000e-23
465.687070 1.0247858000e-23
466.742610 1.0261290000e-23
467.800550 1.0274796000e-23
468.860890 1.0288387000e-23
469.923630 1.0302081000e-23
470.988780 1.0315905000e-23
472.056340 1.0329906000e-23
473.126330 1.0344165000e-23
474.198740 1.0358842000e-23
475.273580 1.0374283000e-23
476.350850 1.0391347000e-23
477.430570 1.0412718000e-23
478.512740 1.0450754000e-23
479.597350 1.0648976000e-23
480.684430 1.1939038000e-23
481.773970 1.0524153000e-23
482.865980 1.0488183000e-23
483.960470 1.0490462000e-23
485.057430 1.0500055000e-23
486.156880 1.0512019000e-23
487.258830 1.0524994000e-23
488.363270 1.0538488000e-23
489.470220 1.0552286000e-23
490.579670 1.0566283000e-23
491.691640 1.0580422000e-23
492.806130 1.0594672000e-23
493.923150 1.0609011000e-23
495.042690 1.0623429000e-23
496.164780 1.0637916000e-23
497.289410 1.0652468000e-23
498.416590 1.0667079000e-23
499.546320 1.0681749000e-23
500.678610 1.0696473000e-23
501.813470 1.0711252000e-23
502.950900 1.0726085000e-23
504.090910 1.0740969000e-23
505.233510 1.0755905000e-23
506.378690 1.0770892000e-23
507.526470 1.0785930000e-23
508.676860 1.0801019000e-23
509.829840 1.0816158000e-23
510.985450 1.0831348000e-23
512.143670 1.0846588000e-23
513.304520 1.0861878000e-23
514.467990 1.0877218000e-23
515.634110 1.0892608000e-23
516.802870 1.0908048000e-23
517.974280 1.0923539000e-23
519.148340 1.0939080000e-23
520.325060 1.0954671000e-23
521.504460 1.0970313000e-23
522.686520 1.0986004000e-23
523.871270 1.1001747000e-23
525.058690 1.1017540000e-23
526.248820 1.1033383000e-23
527.441630 1.1049277000e-23
528.637160 1.1065222000e-23
529.835390 1.1081218000e-23
531.036340 1.1097265000e-23
532.240010 1.1113362000e-23
533.446410 1.1129511000e-23
534.655540 1.1145711000e-23
535.867410 1.1161963000e-23
537.082030 1.1178266000e-23
538.299410 1.1194620000e-23
539.519540 1.1211026000e-23
540.742440 1.1227484000e-23
541.968110 1.1243994000e-23
543.196560 1.1260556000e-23
544.427790 1.1277169000e-23
545.661810 1.1293835000e-23
546.898630 1.1310553000e-23
548.138260 1.1327324000e-23
549.380690 1.1344147000e-23
550.625940 1.1361022000e-23
551.874020 1.1377950000e-23
553.124920 1.1394932000e-23
554.378660 1.1411965000e-23
555.635230 1.1429052000e-23
556.894660 1.1446193000e-23
558.156940 1.1463386000e-23
559.422090 1.1480633000e-23
560.690100 1.1497933000e-23
561.960980 1.1515287000e-23
563.234750 1.1532694000e-23
564.511400 1.1550155000e-23
565.790950 1.1567670000e-23
567.073390 1.1585239000e-23
568.358740 1.1602863000e-23
569.647010 1.1620540000e-23
570.938200 1.1638272000e-23
572.232310 1.1656059000e-23
573.529360 1.1673900000e-23
574.829350 1.1691795000e-23
576.132280 1.1709746000e-23
577.438170 1.1727751000e-23
578.747010 1.1745812000e-23
580.058830 1.1763928000e-23
581.373610 1.1782099000e-23
582.691380 1.1800325000e-23
584.012130 1.1818607000e-23
585.335880 1.1836944000e-23
586.662630 1.1855338000e-23
587.992380 1.1873787000e-23
589.325150 1.1892292000e-23
590.660940 1.1910853000e-23
591.999760 1.1929471000e-23
593.341610 1.1948144000e-23
594.686510 1.1966875000e-23
596.034450 1.1985661000e-23
597.385450 1.2004505000e-23
598.739510 1.2023405000e-23
600.096640 1.2042363000e-23
601.456840 1.2061377000e-23
602.820130 1.2080448000e-23
604.186510 1.2099577000e-23
605.555980 1.2118763000e-23
606.928560 1.2138007000e-23
608.304250 1.2157309000e-23
609.683060 1.2176668000e-23
611.065000 1.2196085000e-23
612.450060 1.2215560000e-23
613.838270 1.2235093000e-23
615.229620 1.2254684000e-23
616.624130 1.2274334000e-23
618.021800 1.2294043000e-23
619.422630 1.2313810000e-23
620.826640 1.2333635000e-23
622.233840 1.2353520000e-23
623.644220 1.2373464000e-23
625.057800 1.2393466000e-23
626.474580 1.2413528000e-23
627.894580 1.2433650000e-23
629.317790 1.2453831000e-23
630.744230 1.2474071000e-23
632.173900 1.2494371000e-23
633.606810 1.2514731000e-23
635.042970 1.2535151000e-23
636.482390 1.2555631000e-23
637.925070 1.2576172000e-23
639.371020 1.2596773000e-23
640.820240 1.2617434000e-23
642.272760 1.2638156000e-23
643.728560 1.2658938000e-23
645.187660 1.2679782000e-23
646.650070 1.2700686000e-23
648.115800 1.2721652000e-23
649.584850 1.2742679000e-23
651.057220 1.2763767000e-23
652.532940 1.2784917000e-23
654.012000 1.2806129000e-23
655.494410 1.2827402000e-23
656.980180 1.2848737000e-23
658.469320 1.2870134000e-23
659.961840 1.2891593000e-23
661.457740 1.2913115000e-23
662.957030 1.2934699000e-23
664.459710 1.2956345000e-23
665.965810 1.2978055000e-23
667.475310 1.2999827000e-23
668.988240 1.3021662000e-23
670.504600 1.3043560000e-23
672.024390 1.3065521000e-23
673.547630 1.3087546000e-23
675.074330 1.3109634000e-23
676.604480 1.3131785000e-23
678.138100 1.3154001000e-23
679.675200 1.3176280000e-23
681.215780 1.3198623000e-23
682.759850 1.3221030000e-23
684.307430 1.3243502000e-23
685.858510 1.3266038000e-23
687.413110 1.3288639000e-23
688.971230 1.3311304000e-23
690.532880 1.3334034000e-23
692.098070 1.3356829000e-23
693.666810 1.3379689000e-23
695.239110 1.3402614000e-23
696.814970 1.3425604000e-23
698.394400 1.3448660000e-23
699.977410 1.3471782000e-23
701.564010 1.3494969000e-23
703.154200 1.3518223000e-23
704.748000 1.3541542000e-23
706.345420 1.3564927000e-23
707.946450 1.3588379000e-23
709.551110 1.3611897000e-23
711.159410 1.3635482000e-23
712.771360 1.3659133000e-23
714.386950 1.3682852000e-23
716.006220 1.3706637000e-23
717.629150 1.3730489000e-23
719.255760 1.3754409000e-23
720.886050 1.3778396000e-23
722.520040 1.3802451000e-23
724.157740 1.3826573000e-23
725.799150 1.3850763000e-23
727.444280 1.3875021000e-23
729.093130 1.3899347000e-23
730.745730 1.3923742000e-23
732.402070 1.3948204000e-23
734.062160 1.3972736000e-23
735.726020 1.3997336000e-23
737.393650 1.4022005000e-23
739.065060 1.4046742000e-23
740.740250 1.4071549000e-23
742.419250 1.4096425000e-23
744.102050 1.4121371000e-23
745.788660 1.4146386000e-23
747.479100 1.4171470000e-23
749.173370 1.4196625000e-23
750.871480 1.4221849000e-23
752.573440 1.4247144000e-23
754.279250 1.4272509000e-23
755.988930 1.4297944000e-23
757.702490 1.4323450000e-23
759.419930 1.4349026000e-23
761.141270 1.4374674000e-23
762.866500 1.4400392000e-23
764.595650 1.4426181000e-23
766.328720 1.4452042000e-23
768.065710 1.4477974000e-23
769.806640 1.4503978000e-23
771.551520 1.4530053000e-23
773.300350 1.4556201000e-23
775.053150 1.4582420000e-23
776.809920 1.4608711000e-23
778.570670 1.4635075000e-23
780.335410 1.4661511000e-23
782.104150 1.4688020000e-23
783.876900 1.4714602000e-23
785.653670 1.4741256000e-23
787.434470 1.4767984000e-23
789.219300 1.4794785000e-23
791.008180 1.4821659000e-23
792.801120 1.4848607000e-23
794.598120 1.4875628000e-23
796.399190 1.4902723000e-23
798.204340 1.4929893000e-23
800.013580 1.4957136000e-23
801.826930 1.4984454000e-23
803.644390 1.5011846000e-23
805.465960 1.5039312000e-23
807.291670 1.5066854000e-23
809.121510 1.5094470000e-23
810.955500 1.5122162000e-23
812.793650 1.5149928000e-23
814.635960 1.5177770000e-23
816.482450 1.5205688000e-23
818.333120 1.5233681000e-23
820.187990 1.5261750000e-23
822.047070 1.5289895000e-23
823.910360 1.5318116000e-23
825.777870 1.5346413000e-23
827.649610 1.5374787000e-23
829.525600 1.5403238000e-23
831.405840 1.5431765000e-23
833.290340 1.5460370000e-23
835.179110 1.5489051000e-23
837.072160 1.5517810000e-23
838.969510 1.5546646000e-23
840.871150 1.5575559000e-23
842.777110 1.5604551000e-23
844.687380 1.5633620000e-23
846.601990 1.5662768000e-23
848.520930 1.5691993000e-23
850.444230 1.5721297000e-23
852.371880 1.5750680000e-23
854.303910 1.5780141000e-23
856.240310 1.5809681000e-23
858.181100 1.5839301000e-23
860.126290 1.5868999000e-23
862.075890 1.5898777000e-23
864.029910 1.5928634000e-23
865.988360 1.5958571000e-23
867.951240 1.5988588000e-23
869.918580 1.6018685000e-23
871.890380 1.6048862000e-23
873.866640 1.6079120000e-23
875.847390 1.6109458000e-23
877.832620 1.6139876000e-23
879.822350 1.6170376000e-23
881.816600 1.6200956000e-23
883.815360 1.6231618000e-23
885.818660 1.6262361000e-23
887.826490 1.6293186000e-23
889.838880 1.6324093000e-23
891.855830 1.6355081000e-23
893.877340 1.6386151000e-23
895.903450 1.6417304000e-23
897.934140 1.6448539000e-23
899.969440 1.6479856000e-23
902.009350 1.6511257000e-23
904.053880 1.6542740000e-23
906.103050 1.6574306000e-23
908.156860 1.6605956000e-23
910.215330 1.6637688000e-23
912.278460 1.6669505000e-23
914.346270 1.6701405000e-23
916.418770 1.6733390000e-23
918.495970 1.6765458000e-23
920.577870 1.6797611000e-23
922.664490 1.6829848000e-23
924.755840 1.6862170000e-23
926.851930 1.6894577000e-23
928.952780 1.6927069000e-23
931.058380 1.6959647000e-23
933.168760 1.6992310000e-23
935.283920 1.7025059000e-23
937.403880 1.7057893000e-23
939.528640 1.7090815000e-23
941.658210 1.7123823000e-23
943.792620 1.7156919000e-23
945.931860 1.7190103000e-23
948.075950 1.7223377000e-23
950.224900 1.7256745000e-23
952.378720 1.7290215000e-23
954.537430 1.7323810000e-23
956.701020 1.7357630000e-23
958.869520 1.7392621000e-23
961.042940 1.7506943000e-23
963.221280 1.7459609000e-23
965.404560 1.7492862000e-23
967.592790 1.7526766000e-23
969.785980 1.7560852000e-23
971.984130 1.7595055000e-23
974.187280 1.7629359000e-23
976.395410 1.7663757000e-23
978.608550 1.7698247000e-23
980.826710 1.7732828000e-23
983.049890 1.7767499000e-23
985.278120 1.7802261000e-23
987.511390 1.7837114000e-23
989.749730 1.7872057000e-23
991.993140 1.7907090000e-23
994.241630 1.7942214000e-23
996.495230 1.7977429000e-23
998.753930 1.8012734000e-23
1001.017700 1.8048131000e-23
1003.286700 1.8083619000e-23
1005.560800 1.8119198000e-23
1007.840000 1.8154870000e-23
1010.124500 1.8190632000e-23
1012.414000 1.8226487000e-23
1014.708800 1.8262434000e-23
1017.008800 1.8298474000e-23
1019.314000 1.8334606000e-23
1021.624400 1.8370831000e-23
1023.940100 1.8407149000e-23
1026.261000 1.8443559000e-23
1028.587200 1.8480064000e-23
1030.918600 1.8516661000e-23
1033.255300 1.8553353000e-23
1035.597300 1.8590138000e-23
1037.944700 1.8627018000e-23
1040.297300 1.8663992000e-23
1042.655300 1.8701060000e-23
1045.018600 1.8738223000e-23
1047.387300 1.8775481000e-23
1049.761400 1.8812834000e-23
1052.140800 1.8850282000e-23
1054.525600 1.8887826000e-23
1056.915900 1.8925465000e-23
1059.311500 1.8963201000e-23
1061.712600 1.9001032000e-23
1064.119100 1.9038960000e-23
1066.531100 1.9076984000e-23
1068.948600 1.9115105000e-23
1071.371500 1.9153323000e-23
1073.799900 1.9191638000e-23
1076.233800 1.9230050000e-23
1078.673300 1.9268560000e-23
1081.118200 1.9307167000e-23
1083.568700 1.9345873000e-23
1086.024800 1.9384676000e-23
1088.486400 1.9423578000e-23
1090.953600 1.9462579000e-23
1093.426500 1.9501678000e-23
1095.904900 1.9540876000e-23
1098.388900 1.9580173000e-23
1100.878500 1.9619570000e-23
1103.373800 1.9659066000e-23
1105.874800 1.9698662000e-23
1108.381400 1.9738358000e-23
1110.893700 1.9778154000e-23
1113.411700 1.9818051000e-23
1115.935400 1.9858048000e-23
1118.464900 1.9898146000e-23
1121.000000 1.9938345000e-23
1123.540900 1.9978645000e-23
1126.087600 2.0019047000e-23
1128.640000 2.0059550000e-23
1131.198300 2.0100156000e-23
1133.762300 2.0140863000e-23
1136.332100 2.0181673000e-23
1138.907800 2.0222586000e-23
1141.489300 2.0263601000e-23
1144.076600 2.0304719000e-23
1146.669800 2.0345940000e-23
1149.268900 2.0387265000e-23
1151.873900 2.0428693000e-23
1154.484800 2.0470225000e-23
1157.101600 2.0511862000e-23
1159.724300 2.0553602000e-23
1162.353000 2.0595447000e-23
1164.987700 2.0637397000e-23
1167.628300 2.0679451000e-23
1170.274900 2.0721611000e-23
1172.927500 2.0763877000e-23
1175.586100 2.0806247000e-23
1178.250700 2.0848724000e-23
1180.921400 2.0891307000e-23
1183.598100 2.0933996000e-23
1186.280900 2.0976791000e-23
1188.969800 2.1019694000e-23
1191.664800 2.1062703000e-23
1194.365800 2.1105819000e-23
1197.073000 2.1149043000e-23
1199.786400 2.1192374000e-23
1202.505900 2.1235813000e-23
1205.231500 2.1279361000e-23
1207.963400 2.1323016000e-23
1210.701400 2.1366781000e-23
1213.445600 2.1410654000e-23
1216.196100 2.1454636000e-23
1218.952700 2.1498727000e-23
1221.715700 2.1542927000e-23
1224.484900 2.1587238000e-23
1227.260300 2.1631658000e-23
1230.042100 2.1676189000e-23
1232.830200 2.1720829000e-23
1235.624600 2.1765581000e-23
1238.425300 2.1810443000e-23
1241.232300 2.1855417000e-23
1244.045800 2.1900501000e-23
1246.865600 2.1945698000e-23
1249.691800 2.1991006000e-23
1252.524400 2.2036426000e-23
1255.363400 2.2081958000e-23
1258.208900 2.2127603000e-23
1261.060800 2.2173361000e-23
1263.919200 2.2219232000e-23
1266.784000 2.2265216000e-23
1269.655400 2.2311313000e-23
1272.533200 2.2357524000e-23
1275.417600 2.2403849000e-23
1278.308500 2.2450289000e-23
1281.206000 2.2496843000e-23
1284.110000 2.2543511000e-23
1287.020600 2.2590294000e-23
1289.937900 2.2637193000e-23
1292.861700 2.2684207000e-23
1295.792200 2.2731336000e-23
1298.729200 2.2778582000e-23
1301.673000 2.2825943000e-23
1304.623400 2.2873422000e-23
1307.580600 2.2921016000e-23
1310.544400 2.2968728000e-23
1313.514900 2.3016557000e-23
1316.492200 2.3064503000e-23
1319.476200 2.3112566000e-23
1322.467000 2.3160748000e-23
1325.464500 2.3209048000e-23
1328.468900 2.3257466000e-23
1331.480100 2.3306003000e-23
1334.498100 2.3354659000e-23
1337.522900 2.3403434000e-23
1340.554600 2.3452328000e-23
1343.593100 2.3501342000e-23
1346.638600 2.3550476000e-23
1349.690900 2.3599730000e-23
1352.750200 2.3649105000e-23
1355.816400 2.3698600000e-23
1358.889600 2.3748216000e-23
1361.969700 2.3797953000e-23
1365.056800 2.3847812000e-23
1368.150900 2.3897793000e-23
1371.252000 2.3947895000e-23
1374.360100 2.3998120000e-23
1377.475300 2.4048467000e-23
1380.597600 2.4098937000e-23
1383.726900 2.4149531000e-23
1386.863300 2.4200247000e-23
1390.006800 2.4251087000e-23
1393.157500 2.4302051000e-23
1396.315300 2.4353138000e-23
1399.480200 2.4404351000e-23
1402.652300 2.4455687000e-23
1405.831600 2.4507149000e-23
1409.018200 2.4558736000e-23
1412.211900 2.4610449000e-23
1415.412900 2.4662287000e-23
1418.621100 2.4714251000e-23
1421.836600 2.4766342000e-23
1425.059400 2.4818559000e-23
1428.289500 2.4870905000e-23
1431.527000 2.4923379000e-23
1434.771700 2.4975989000e-23
1438.023800 2.5028784000e-23
1441.283300 2.5140746000e-23
1444.550200 2.5134603000e-23
1447.824500 2.5187656000e-23
1451.106200 2.5240883000e-23
1454.395300 2.5294246000e-23
1457.691900 2.5347741000e-23
1460.996000 2.5401366000e-23
1464.307500 2.5455121000e-23
1467.626600 2.5509007000e-23
1470.953200 2.5563023000e-23
1474.287300 2.5617169000e-23
1477.629000 2.5671447000e-23
1480.978300 2.5725856000e-23
1484.335100 2.5780396000e-23
1487.699600 2.5835068000e-23
1491.071700 2.5889872000e-23
1494.451400 2.5944808000e-23
1497.838800 2.5999877000e-23
1501.233800 2.6055079000e-23
1504.636600 2.6110414000e-23
1508.047100 2.6165883000e-23
1511.465300 2.6221485000e-23
1514.891200 2.6277221000e-23
1518.325000 2.6333092000e-23
1521.766500 2.6389097000e-23
1525.215800 2.6445237000e-23
1528.672900 2.6501513000e-23
1532.137800 2.6557923000e-23
1535.610600 2.6614470000e-23
1539.091300 2.6671153000e-23
1542.579900 2.6727972000e-23
1546.076400 2.6784927000e-23
1549.580800 2.6842020000e-23
1553.093100 2.6899250000e-23
1556.613400 2.6956617000e-23
1560.141700 2.7014122000e-23
1563.678000 2.7071766000e-23
1567.222300 2.7129547000e-23
1570.774600 2.7187468000e-23
1574.335000 2.7245527000e-23
1577.903500 2.7303726000e-23
1581.480000 2.7362065000e-23
1585.064700 2.7420543000e-23
1588.657500 2.7479162000e-23
1592.258400 2.7537921000e-23
1595.867500 2.7596821000e-23
1599.484700 2.7655862000e-23
1603.110200 2.7715045000e-23
1606.743900 2.7774369000e-23
1610.385800 2.7833836000e-23
1614.036000 2.7893445000e-23
1617.694400 2.7953196000e-23
1621.361100 2.8013090000e-23
1625.036200 2.8073128000e-23
1628.719600 2.8133310000e-23
1632.411300 2.8193635000e-23
1636.111400 2.8254104000e-23
1639.819900 2.8314718000e-23
1643.536800 2.8375477000e-23
1647.262100 2.8436381000e-23
1650.995800 2.8497431000e-23
1654.738000 2.8558626000e-23
1658.488700 2.8619968000e-23
1662.247900 2.8681455000e-23
1666.015700 2.8743090000e-23
1669.791900 2.8804872000e-23
1673.576800 2.8866801000e-23
1677.370200 2.8928877000e-23
1681.172200 2.8991102000e-23
1684.982800 2.9053475000e-23
1688.802000 2.9115997000e-23
1692.629900 2.9178668000e-23
1696.466500 2.9241488000e-23
1700.311800 2.9304457000e-23
1704.165800 2.9367577000e-23
1708.028600 2.9430847000e-23
1711.900100 2.9494267000e-23
1715.780300 2.9557839000e-23
1719.669400 2.9621562000e-23
1723.567300 2.9685436000e-23
1727.474000 2.9749462000e-23
1731.389500 2.9813641000e-23
1735.314000 2.9877972000e-23
1739.247300 2.9942456000e-23
1743.189600 3.0007093000e-23
1747.140800 3.0071884000e-23
1751.100900 3.0136828000e-23
1755.070000 3.0201927000e-23
1759.048200 3.0267181000e-23
1763.035300 3.0332589000e-23
1767.031500 3.0398153000e-23
1771.036700 3.0463872000e-23
1775.051000 3.0529748000e-23
1779.074400 3.0595779000e-23
1783.106900 3.0661967000e-23
1787.148600 3.0728312000e-23
1791.199400 3.0794815000e-23
1795.259400 3.0861475000e-23
1799.328700 3.0928293000e-23
1803.407100 3.0995269000e-23
1807.494800 3.1062404000e-23
1811.591700 3.1129698000e-23
1815.698000 3.1197151000e-23
1819.813500 3.1264764000e-23
1823.938400 3.1332537000e-23
1828.072600 3.1400471000e-23
1832.216200 3.1468565000e-23
1836.369200 3.1536821000e-23
1840.531600 3.1605237000e-23
1844.703400 3.1673816000e-23
1848.884700 3.1742557000e-23
1853.075400 3.1811460000e-23
1857.275700 3.1880527000e-23
1861.485500 3.1949756000e-23
1865.704800 3.2019149000e-23
1869.933700 3.2088706000e-23
1874.172200 3.2158427000e-23
1878.420200 3.2228313000e-23
1882.678000 3.2298364000e-23
1886.945300 3.2368581000e-23
1891.222300 3.2438963000e-23
1895.509100 3.2509511000e-23
1899.805500 3.2580226000e-23
1904.111700 3.2651107000e-23
1908.427600 3.2722157000e-23
1912.753400 3.2793374000e-23
1917.088900 3.2864767000e-23
1921.434300 3.2954526000e-23
1925.789500 3.3008042000e-23
1930.154500 3.3079922000e-23
1934.529500 3.3151980000e-23
1938.914400 3.3224209000e-23
1943.309200 3.3296608000e-23
1947.714000 3.3369178000e-23
1952.128800 3.3441918000e-23
1956.553600 3.3514830000e-23
1960.988400 3.3587914000e-23
1965.433200 3.3661170000e-23
1969.888200 3.3734598000e-23
1974.353200 3.3808199000e-23
1978.828400 3.3881973000e-23
1983.313700 3.3955920000e-23
1987.809100 3.4030042000e-23
1992.314800 3.4104338000e-23
1996.830700 3.4178808000e-23
2001.356800 3.4253453000e-23
2005.893100 3.4328274000e-23
2010.439800 3.4403271000e-23
2014.996700 3.4478444000e-23
2019.564000 3.4553793000e-23
2024.141600 3.4629320000e-23
2028.729600 3.4705024000e-23
2033.328000 3.4780905000e-23
2037.936900 3.4856965000e-23
2042.556200 3.4933204000e-23
2047.185900 3.5009621000e-23
2051.826100 3.5086217000e-23
2056.476900 3.5162994000e-23
2061.138200 3.5239950000e-23
2065.810100 3.5317087000e-23
2070.492500 3.5394405000e-23
2075.185600 3.5471904000e-23
2079.889300 3.5549585000e-23
2084.603700 3.5627447000e-23
2089.328700 3.5705493000e-23
2094.064500 3.5783721000e-23
2098.811000 3.5862133000e-23
2103.568200 3.5940728000e-23
2108.336300 3.6019507000e-23
2113.115100 3.6098471000e-23
2117.904800 3.6177620000e-23
2122.705300 3.6256954000e-23
2127.516800 3.6336474000e-23
2132.339100 3.6416180000e-23
2137.172300 3.6496073000e-23
2142.016500 3.6576152000e-23
2146.871700 3.6656419000e-23
2151.737900 3.6736874000e-23
2156.615100 3.6817517000e-23
2161.503400 3.6898349000e-23
2166.402800 3.6979369000e-23
2171.313200 3.7060579000e-23
2176.234800 3.7141979000e-23
2181.167600 3.7223569000e-23
2186.111500 3.7305350000e-23
2191.066700 3.7387322000e-23
2196.033000 3.7469485000e-23
2201.010600 3.7551841000e-23
2205.999600 3.7634389000e-23
2210.999800 3.7717129000e-23
2216.011300 3.7800063000e-23
2221.034200 3.7883191000e-23
2226.068500 3.7966512000e-23
2231.114200 3.8050029000e-23
2236.171400 3.8133740000e-23
2241.240000 3.8217646000e-23
2246.320100 3.8301748000e-23
2251.411700 3.8386047000e-23
2256.514800 3.8470542000e-23
2261.629500 3.8555234000e-23
2266.755800 3.8640124000e-23
2271.893800 3.8725212000e-23
2277.043300 3.8810498000e-23
2282.204600 3.8895983000e-23
2287.377500 3.8981668000e-23
2292.562200 3.9067552000e-23
2297.758600 3.9153636000e-23
2302.966800 3.9239921000e-23
2308.186800 3.9326407000e-23
2313.418700 3.9413094000e-23
2318.662400 3.9499984000e-23
2323.917900 3.9587075000e-23
2329.185400 3.9674370000e-23
2334.464900 3.9761868000e-23
2339.756300 3.9849569000e-23
2345.059700 3.9937475000e-23
2350.375100 4.0025586000e-23
2355.702500 4.0113901000e-23
2361.042100 4.0202422000e-23
2366.393700 4.0291149000e-23
2371.757500 4.0380083000e-23
2377.133400 4.0469223000e-23
2382.521500 4.0558571000e-23
2387.921900 4.0648127000e-23
2393.334400 4.0737892000e-23
2398.759300 4.0827871000e-23
2404.196400 4.0918061000e-23
2409.645900 4.1008438000e-23
2415.107700 4.1099039000e-23
2420.581900 4.1189851000e-23
2426.068500 4.1280874000e-23
2431.567500 4.1372109000e-23
2437.079000 4.1463556000e-23
2442.603000 4.1555215000e-23
2448.139500 4.1647087000e-23
2453.688500 4.1739173000e-23
2459.250200 4.1831472000e-23
2464.824400 4.1923986000e-23
2470.411300 4.2016715000e-23
2476.010800 4.2109659000e-23
2481.623100 4.2202819000e-23
2487.248000 4.2296195000e-23
2492.885700 4.2389788000e-23
2498.536200 4.2483598000e-23
2504.199500 4.2577626000e-23
2509.875600 4.2671872000e-23
2515.564600 4.2766337000e-23
2521.266500 4.2861020000e-23
2526.981300 4.2955924000e-23
2532.709100 4.3051047000e-23
2538.449900 4.3146392000e-23
2544.203600 4.3241957000e-23
2549.970400 4.3337744000e-23
2555.750300 4.3433753000e-23
2561.543300 4.3529984000e-23
2567.349400 4.3626439000e-23
2573.168600 4.3723117000e-23
2579.001100 4.3820020000e-23
2584.846800 4.3917147000e-23
2590.705700 4.4014498000e-23
2596.577900 4.4112076000e-23
2602.463400 4.4209880000e-23
2608.362300 4.4307910000e-23
2614.274500 4.4406167000e-23
2620.200100 4.4504652000e-23
2626.139200 4.4603364000e-23
2632.091700 4.4702306000e-23
2638.057700 4.4801476000e-23
2644.037300 4.4900876000e-23
2650.030400 4.5000507000e-23
2656.037000 4.5100368000e-23
2662.057300 4.5200460000e-23
2668.091300 4.5300783000e-23
2674.138900 4.5401339000e-23
2680.200200 4.5502127000e-23
2686.275300 4.5603149000e-23
2692.364100 4.5704404000e-23
2698.466700 4.5805894000e-23
2704.583200 4.5907618000e-23
2710.713500 4.6009578000e-23
2716.857700 4.6111773000e-23
2723.015900 4.6214205000e-23
2729.188000 4.6316874000e-23
2735.374100 4.6419780000e-23
2741.574200 4.6522924000e-23
2747.788400 4.6626306000e-23
2754.016600 4.6729927000e-23
2760.259000 4.6833788000e-23
2766.515500 4.6937889000e-23
2772.786200 4.7042230000e-23
2779.071200 4.7146813000e-23
2785.370300 4.7251637000e-23
2791.683800 4.7356703000e-23
2798.011500 4.7462012000e-23
2804.353600 4.7567564000e-23
2810.710100 4.7673360000e-23
2817.081000 4.7779401000e-23
2823.466300 4.7885686000e-23
2829.866100 4.7992217000e-23
2836.280400 4.8098993000e-23
2842.709200 4.8206016000e-23
2849.152600 4.8313287000e-23
2855.610600 4.8420804000e-23
2862.083300 4.8528570000e-23
2868.570600 4.8636585000e-23
2875.072600 4.8744850000e-23
2881.589400 4.8853430000e-23
2888.120900 4.8962128000e-23
2894.667300 4.9071143000e-23
2901.228500 4.9180409000e-23
2907.804500 4.9289928000e-23
2914.395500 4.9399699000e-23
2921.001400 4.9509724000e-23
2927.622200 4.9620002000e-23
2934.258100 4.9730534000e-23
2940.909000 4.9841322000e-23
2947.575000 4.9952365000e-23
2954.256100 5.0063664000e-23
2960.952400 5.0175219000e-23
2967.663800 5.0287032000e-23
2974.390400 5.0399103000e-23
2981.132300 5.0511431000e-23
2987.889500 5.0624019000e-23
2994.662000 5.0736866000e-23
3001.449800 5.0849973000e-23
3008.253000 5.0963341000e-23
3015.071600 5.1076970000e-23
3021.905700 5.1190861000e-23
3028.755300 5.1305014000e-23
3035.620400 5.1419431000e-23
3042.501100 5.1534110000e-23
3049.397400 5.1649054000e-23
3056.309300 5.1764263000e-23
3063.236800 5.1879737000e-23
3070.180100 5.1995476000e-23
3077.139100 5.2111483000e-23
3084.113900 5.2227756000e-23
3091.104500 5.2344297000e-23
3098.110900 5.2461107000e-23
3105.133200 5.2578185000e-23
3112.171400 5.2695533000e-23
3119.225600 5.2813150000e-23
3126.295800 5.2931039000e-23
3133.382000 5.3049199000e-23
3140.484300 5.3167631000e-23
3147.602600 5.3286335000e-23
3154.737100 5.3405312000e-23
3161.887800 5.3524564000e-23
3169.054600 5.3644089000e-23
3176.237800 5.3763889000e-23
3183.437200 5.3883965000e-23
3190.652900 5.4004318000e-23
3197.885000 5.4124947000e-23
3205.133400 5.4245853000e-23
3212.398300 5.4367038000e-23
3219.679700 5.4488501000e-23
3226.977500 5.4610243000e-23
3234.291900 5.4732265000e-23
3241.622900 5.4854568000e-23
3248.970500 5.4977152000e-23
3256.334800 5.5100018000e-23
3263.715800 5.5223166000e-23
3271.113400 5.5346598000e-23
3278.527900 5.5470313000e-23
3285.959100 5.5594312000e-23
3293.407200 5.5718596000e-23
3300.872200 5.5843166000e-23
3308.354100 5.5968022000e-23
3315.853000 5.6093165000e-23
3323.368800 5.6218596000e-23
3330.901700 5.6344314000e-23
3338.451700 5.6470322000e-23
3346.018800 5.6596619000e-23
3353.603000 5.6723206000e-23
3361.204400 5.6850091000e-23
3368.823100 5.6977253000e-23
3376.459000 5.7104714000e-23
3384.112200 5.7232468000e-23
3391.782800 5.7360515000e-23
3399.470800 5.7488856000e-23
3407.176200 5.7617492000e-23
3414.899000 5.7746424000e-23
3422.639400 5.7875651000e-23
3430.397300 5.8005175000e-23
3438.172800 5.8134996000e-23
3445.965900 5.8265115000e-23
3453.776700 5.8395533000e-23
3461.605100 5.8526251000e-23
3469.451400 5.8657268000e-23
3477.315400 5.8788586000e-23
3485.197200 5.8920205000e-23
3493.096900 5.9052126000e-23
3501.014500 5.9184350000e-23
3508.950100 5.9316877000e-23
3516.903600 5.9449709000e-23
3524.875200 5.9582845000e-23
3532.864800 5.9716286000e-23
3540.872600 5.9850034000e-23
3548.898500 5.9984088000e-23
3556.942500 6.0118450000e-23
3565.004900 6.0253120000e-23
3573.085500 6.0388099000e-23
3581.184400 6.0523387000e-23
3589.301600 6.0658985000e-23
3597.437300 6.0794895000e-23
3605.591400 6.0931116000e-23
3613.764000 6.1067650000e-23
3621.955100 6.1204496000e-23
3630.164800 6.1341656000e-23
3638.393100 6.1479131000e-23
3646.640000 6.1616921000e-23
3654.905700 6.1755026000e-23
3663.190000 6.1893448000e-23
3671.493200 6.2032188000e-23
3679.815200 6.2171245000e-23
3688.156000 6.2310621000e-23
3696.515700 6.2450317000e-23
3704.894400 6.2590332000e-23
3713.292100 6.2730669000e-23
3721.708800 6.2871327000e-23
3730.144600 6.3012307000e-23
3738.599500 6.3153610000e-23
3747.073600 6.3295237000e-23
3755.566800 6.3437188000e-23
3764.079400 6.3579465000e-23
3772.611200 6.3722067000e-23
3781.162400 6.3864996000e-23
3789.732900 6.4008253000e-23
3798.322900 6.4151837000e-23
3806.932300 6.4295751000e-23
3815.561300 6.4439994000e-23
3824.209800 6.4584567000e-23
3832.877900 6.4729471000e-23
3841.565700 6.4874712000e-23
3850.273200 6.5020276000e-23
3859.000400 6.5166178000e-23
3867.747300 6.5312414000e-23
3876.514100 6.5458985000e-23
3885.300800 6.5605891000e-23
3894.107400 6.5753134000e-23
3902.934000 6.5900713000e-23
3911.780500 6.6048631000e-23
3920.647100 6.6196887000e-23
3929.533900 6.6345482000e-23
3938.440700 6.6494418000e-23
3947.367700 6.6643694000e-23
3956.315000 6.6793312000e-23
3965.282600 6.6943272000e-23
3974.270500 6.7093575000e-23
3983.278700 6.7244223000e-23
3992.307400 6.7395215000e-23
4001.356500 6.7546552000e-23
4010.426200 6.7698236000e-23
4019.516400 6.7850266000e-23
4028.627200 6.8002645000e-23
4037.758700 6.8155372000e-23
4046.910800 6.8308449000e-23
4056.083700 6.8461875000e-23
4065.277400 6.8615653000e-23
4074.492000 6.8769782000e-23
4083.727400 6.8924264000e-23
4092.983700 6.9079099000e-23
4102.261100 6.9234288000e-23
4111.559400 6.9389832000e-23
4120.878900 6.9545732000e-23
4130.219400 6.9701988000e-23
4139.581200 6.9858602000e-23
4148.964100 7.0015573000e-23
4158.368400 7.0172904000e-23
4167.793900 7.0330594000e-23
4177.240800 7.0488645000e-23
4186.709100 7.0647057000e-23
4196.198900 7.0805831000e-23
4205.710200 7.0964968000e-23
4215.243000 7.1124469000e-23
4224.797500 7.1284335000e-23
4234.373600 7.1444566000e-23
4243.971400 7.1605163000e-23
4253.591000 7.1766127000e-23
4263.232400 7.1927459000e-23
4272.895600 7.2089160000e-23
4282.580700 7.2251230000e-23
4292.287800 7.2413671000e-23
4302.016900 7.2576482000e-23
4311.768000 7.2739666000e-23
4321.541300 7.2903225000e-23
4331.336700 7.3067154000e-23
4341.154300 7.3231458000e-23
4350.994100 7.3396139000e-23
4360.856300 7.3561195000e-23
4370.740800 7.3726629000e-23
4380.647700 7.3892441000e-23
4390.577100 7.4058631000e-23
4400.528900 7.4225201000e-23
4410.503400 7.4392151000e-23
4420.500400 7.4559483000e-23
4430.520100 7.4727197000e-23
4440.562500 7.4895294000e-23
4450.627700 7.5063775000e-23
4460.715700 7.5232641000e-23
4470.826500 7.5401892000e-23
4480.960300 7.5571530000e-23
4491.117000 7.5741555000e-23
4501.296800 7.5911969000e-23
4511.499600 7.6082772000e-23
4521.725600 7.6253964000e-23
4531.974700 7.6425548000e-23
4542.247100 7.6597523000e-23
4552.542800 7.6769891000e-23
4562.861800 7.6942652000e-23
4573.204100 7.7115808000e-23
4583.570000 7.7289359000e-23
4593.959300 7.7463307000e-23
4604.372200 7.7637651000e-23
4614.808600 7.7812394000e-23
4625.268800 7.7987535000e-23
4635.752600 7.8163076000e-23
4646.260200 7.8339018000e-23
4656.791600 7.8515361000e-23
4667.346900 7.8692107000e-23
4677.926100 7.8869256000e-23
4688.529300 7.9046809000e-23
4699.156500 7.9224768000e-23
4709.807800 7.9403133000e-23
4720.483300 7.9581904000e-23
4731.182900 7.9761084000e-23
4741.906900 7.9940673000e-23
4752.655100 8.0120671000e-23
4763.427600 8.0301080000e-23
4774.224600 8.0481900000e-23
4785.046100 8.0663134000e-23
4795.892100 8.0844780000e-23
4806.762700 8.1026842000e-23
4817.657900 8.1209318000e-23
4828.577800 8.1392211000e-23
4839.522500 8.1575521000e-23
4850.491900 8.1759249000e-23
4861.486300 8.1943396000e-23
4872.505500 8.2127963000e-23
4883.549800 8.2312951000e-23
4894.619000 8.2498362000e-23
4905.713400 8.2684195000e-23
4916.832900 8.2870452000e-23
4927.977600 8.3057133000e-23
4939.147600 8.3244241000e-23
4950.342900 8.3431775000e-23
4961.563500 8.3619737000e-23
4972.809600 8.3808127000e-23
4984.081200 8.3996947000e-23
4995.378400 8.4186198000e-23
5006.701100 8.4375880000e-23
5018.049500 8.4565995000e-23
5029.423600 8.4756543000e-23
5040.823600 8.4947526000e-23
5052.249300 8.5138944000e-23
5063.701000 8.5330799000e-23
5075.178600 8.5523091000e-23
5086.682200 8.5715821000e-23
5098.211900 8.5908991000e-23
5109.767700 8.6102601000e-23
5121.349700 8.6296653000e-23
5132.958000 8.6491146000e-23
5144.592600 8.6686084000e-23
5156.253500 8.6881465000e-23
5167.940900 8.7077292000e-23
5179.654800 8.7273566000e-23
5191.395300 8.7470286000e-23
5203.162300 8.7667455000e-23
5214.956000 8.7865074000e-23
5226.776500 8.8063143000e-23
5238.623700 8.8261663000e-23
5250.497800 8.8460636000e-23
5262.398800 8.8660062000e-23
5274.326800 8.8859942000e-23
5286.281800 8.9060279000e-23
5298.263900 8.9261071000e-23
5310.273200 8.9462321000e-23
5322.309700 8.9664030000e-23
5334.373500 8.9866199000e-23
5346.464600 9.0068828000e-23
5358.583100 9.0271919000e-23
5370.729100 9.0475472000e-23
5382.902700 9.0679489000e-23
5395.103800 9.0883972000e-23
5407.332600 9.1088920000e-23
5419.589100 9.1294335000e-23
5431.873300 9.1500217000e-23
5444.185500 9.1706569000e-23
5456.525500 9.1913391000e-23
5468.893500 9.2120685000e-23
5481.289500 9.2328450000e-23
5493.713600 9.2536689000e-23
5506.165900 9.2745402000e-23
5518.646500 9.2954590000e-23
5531.155300 9.3164255000e-23
5543.692400 9.3374398000e-23
5556.258000 9.3585019000e-23
5568.852100 9.3796120000e-23
5581.474700 9.4007702000e-23
5594.125900 9.4219765000e-23
5606.805800 9.4432312000e-23
5619.514400 9.4645343000e-23
5632.251800 9.4858858000e-23
5645.018100 9.5072861000e-23
5657.813400 9.5287350000e-23
5670.637600 9.5502328000e-23
5683.490900 9.5717795000e-23
5696.373400 9.5933753000e-23
5709.285000 9.6150203000e-23
5722.226000 9.6367146000e-23
5735.196200 9.6584583000e-23
5748.195900 9.6802514000e-23
5761.225000 9.7020943000e-23
5774.283600 9.7239868000e-23
5787.371900 9.7459292000e-23
5800.489800 9.7679215000e-23
5813.637400 9.7899639000e-23
5826.814900 9.8120565000e-23
5840.022200 9.8341994000e-23
5853.259400 9.8563927000e-23
5866.526700 9.8786365000e-23
5879.824000 9.9009310000e-23
5893.151500 9.9232762000e-23
5906.509100 9.9456723000e-23
5919.897100 9.9681194000e-23
5933.315400 9.9906175000e-23
5946.764100 1.0013167000e-22
5960.243300 1.0035768000e-22
5973.753000 1.0058420000e-22
5987.293400 1.0081124000e-22
6000.864500 1.0103879000e-22
6014.466300 1.0126686000e-22
6028.098900 1.0149545000e-22
6041.762500 1.0172456000e-22
6055.457000 1.0195420000e-22
6069.182600 1.0218435000e-22
6082.939300 1.0241503000e-22
6096.727100 1.0264623000e-22
6110.546200 1.0287796000e-22
6124.396700 1.0311022000e-22
6138.278500 1.0334301000e-22
6152.191800 1.0357632000e-22
6166.136600 1.0381017000e-22
6180.113000 1.0404455000e-22
6194.121100 1.0427946000e-22
6208.161000 1.0451491000e-22
6222.232700 1.0475089000e-22
6236.336300 1.0498741000e-22
6250.471800 1.0522447000e-22
6264.639400 1.0546207000e-22
6278.839100 1.0570020000e-22
6293.071000 1.0593888000e-22
6307.335200 1.0617811000e-22
6321.631700 1.0641787000e-22
6335.960500 1.0665819000e-22
6350.321900 1.0689904000e-22
6364.715800 1.0714045000e-22
6379.142400 1.0738241000e-22
6393.601600 1.0762491000e-22
6408.093600 1.0786797000e-22
6422.618500 1.0811158000e-22
6437.176300 1.0835575000e-22
6451.767100 1.0860047000e-22
6466.390900 1.0884575000e-22
6481.047900 1.0909158000e-22
6495.738200 1.0933798000e-22
6510.461700 1.0958493000e-22
6525.218600 1.0983245000e-22
6540.008900 1.1008053000e-22
6554.832800 1.1032918000e-22
6569.690300 1.1057839000e-22
6584.581400 1.1082816000e-22
6599.506300 1.1107851000e-22
6614.465000 1.1132942000e-22
6629.457700 1.1158091000e-22
6644.484300 1.1183296000e-22
6659.545000 1.1208559000e-22
6674.639800 1.1233880000e-22
6689.768800 1.1259258000e-22
6704.932100 1.1284694000e-22
6720.129800 1.1310187000e-22
6735.362000 1.1335739000e-22
6750.628600 1.1361349000e-22
6765.929900 1.1387017000e-22
6781.265900 1.1412743000e-22
6796.636600 1.1438528000e-22
6812.042100 1.1464371000e-22
6827.482600 1.1490274000e-22
6842.958100 1.1516235000e-22
6858.468600 1.1542255000e-22
6874.014300 1.1568334000e-22
6889.595300 1.1594473000e-22
6905.211500 1.1620671000e-22
6920.863200 1.1646928000e-22
6936.550300 1.1673246000e-22
6952.273000 1.1699623000e-22
6968.031300 1.1726060000e-22
6983.825400 1.1752557000e-22
6999.655200 1.1779115000e-22
7015.520900 1.1805733000e-22
7031.422600 1.1832411000e-22
7047.360400 1.1859150000e-22
7063.334200 1.1885950000e-22
7079.344300 1.1912811000e-22
7095.390600 1.1939733000e-22
7111.473400 1.1966716000e-22
7127.592500 1.1993760000e-22
7143.748200 1.2020866000e-22
7159.940600 1.2048033000e-22
7176.169600 1.2075263000e-22
7192.435400 1.2102554000e-22
7208.738100 1.2129907000e-22
7225.077800 1.2157322000e-22
7241.454400 1.2184800000e-22
7257.868200 1.2212340000e-22
7274.319200 1.2239943000e-22
7290.807500 1.2267608000e-22
7307.333200 1.2295337000e-22
7323.896300 1.2323128000e-22
7340.497000 1.2350983000e-22
7357.135300 1.2378901000e-22
7373.811300 1.2406882000e-22
7390.525100 1.2434927000e-22
7407.276800 1.2463036000e-22
7424.066400 1.2491208000e-22
7440.894100 1.2519445000e-22
7457.760000 1.2547745000e-22
7474.664100 1.2576111000e-22
7491.606500 1.2604540000e-22
7508.587300 1.2633034000e-22
7525.606600 1.2661593000e-22
7542.664400 1.2690217000e-22
7559.761000 1.2718906000e-22
7576.896300 1.2747660000e-22
7594.070400 1.2776479000e-22
7611.283400 1.2805364000e-22
7628.535500 1.2834315000e-22
7645.826700 1.2863331000e-22
7663.157000 1.2892414000e-22
7680.526700 1.2921562000e-22
7697.935700 1.2950776000e-22
7715.384200 1.2980057000e-22
7732.872200 1.3009405000e-22
7750.399900 1.3038819000e-22
7767.967300 1.3068300000e-22
7785.574500 1.3097848000e-22
7803.221600 1.3127464000e-22
7820.908700 1.3157146000e-22
7838.635900 1.3186896000e-22
7856.403300 1.3216713000e-22
7874.211000 1.3246599000e-22
7892.059000 1.3276552000e-22
7909.947500 1.3306573000e-22
7927.876600 1.3336663000e-22
7945.846200 1.3366820000e-22
7963.856600 1.3397047000e-22
7981.907900 1.3427342000e-22
8000.000000 1.3457706000e-22
