   1.0000000e+01   1.1060283e-21
   1.0023060e+01   1.0957144e-21
   1.0046173e+01   1.0855016e-21
   1.0069340e+01   1.0753886e-21
   1.0092560e+01   1.0653744e-21
   1.0115833e+01   1.0554580e-21
   1.0139161e+01   1.0456382e-21
   1.0162542e+01   1.0359139e-21
   1.0185976e+01   1.0262842e-21
   1.0209465e+01   1.0167480e-21
   1.0233008e+01   1.0073043e-21
   1.0256606e+01   9.9795210e-22
   1.0280258e+01   9.8869045e-22
   1.0303964e+01   9.7951837e-22
   1.0327725e+01   9.7043491e-22
   1.0351541e+01   9.6143913e-22
   1.0375412e+01   9.5253011e-22
   1.0399337e+01   9.4370693e-22
   1.0423318e+01   9.3496870e-22
   1.0447355e+01   9.2631452e-22
   1.0471446e+01   9.1774353e-22
   1.0495594e+01   9.0925486e-22
   1.0519796e+01   9.0084766e-22
   1.0544055e+01   8.9252109e-22
   1.0568370e+01   8.8427431e-22
   1.0592741e+01   8.7610651e-22
   1.0617168e+01   8.6801688e-22
   1.0641651e+01   8.6000462e-22
   1.0666191e+01   8.5206894e-22
   1.0690787e+01   8.4420907e-22
   1.0715440e+01   8.3642423e-22
   1.0740150e+01   8.2871367e-22
   1.0764917e+01   8.2107663e-22
   1.0789741e+01   8.1351237e-22
   1.0814622e+01   8.0602017e-22
   1.0839560e+01   7.9859930e-22
   1.0864557e+01   7.9124904e-22
   1.0889610e+01   7.8396869e-22
   1.0914722e+01   7.7675755e-22
   1.0939891e+01   7.6961493e-22
   1.0965119e+01   7.6254016e-22
   1.0990404e+01   7.5553255e-22
   1.1015748e+01   7.4859144e-22
   1.1041151e+01   7.4171618e-22
   1.1066612e+01   7.3490611e-22
   1.1092131e+01   7.2816059e-22
   1.1117710e+01   7.2147898e-22
   1.1143347e+01   7.1486067e-22
   1.1169044e+01   7.0830502e-22
   1.1194800e+01   7.0181143e-22
   1.1220615e+01   6.9537928e-22
   1.1246490e+01   6.8900797e-22
   1.1272425e+01   6.8269692e-22
   1.1298419e+01   6.7644554e-22
   1.1324473e+01   6.7025323e-22
   1.1350587e+01   6.6411945e-22
   1.1376762e+01   6.5804360e-22
   1.1402997e+01   6.5202514e-22
   1.1429292e+01   6.4606350e-22
   1.1455648e+01   6.4015815e-22
   1.1482065e+01   6.3430853e-22
   1.1508543e+01   6.2851411e-22
   1.1535082e+01   6.2277435e-22
   1.1561682e+01   6.1708874e-22
   1.1588343e+01   6.1145676e-22
   1.1615066e+01   6.0587788e-22
   1.1641850e+01   6.0035161e-22
   1.1668696e+01   5.9487743e-22
   1.1695605e+01   5.8945485e-22
   1.1722575e+01   5.8408339e-22
   1.1749607e+01   5.7876254e-22
   1.1776702e+01   5.7349184e-22
   1.1803859e+01   5.6827080e-22
   1.1831079e+01   5.6309896e-22
   1.1858361e+01   5.5797585e-22
   1.1885707e+01   5.5290100e-22
   1.1913115e+01   5.4787397e-22
   1.1940587e+01   5.4289430e-22
   1.1968122e+01   5.3796154e-22
   1.1995721e+01   5.3307526e-22
   1.2023383e+01   5.2823501e-22
   1.2051109e+01   5.2344037e-22
   1.2078899e+01   5.1869091e-22
   1.2106753e+01   5.1398621e-22
   1.2134671e+01   5.0932585e-22
   1.2162654e+01   5.0470941e-22
   1.2190701e+01   5.0013650e-22
   1.2218813e+01   4.9560669e-22
   1.2246989e+01   4.9111960e-22
   1.2275231e+01   4.8667483e-22
   1.2303538e+01   4.8227199e-22
   1.2331910e+01   4.7791068e-22
   1.2360347e+01   4.7359054e-22
   1.2388850e+01   4.6931118e-22
   1.2417419e+01   4.6507223e-22
   1.2446054e+01   4.6087332e-22
   1.2474755e+01   4.5671408e-22
   1.2503521e+01   4.5259416e-22
   1.2532355e+01   4.4851319e-22
   1.2561254e+01   4.4447082e-22
   1.2590221e+01   4.4046671e-22
   1.2619254e+01   4.3650051e-22
   1.2648354e+01   4.3257188e-22
   1.2677521e+01   4.2868048e-22
   1.2706756e+01   4.2482599e-22
   1.2736058e+01   4.2100807e-22
   1.2765427e+01   4.1722640e-22
   1.2794864e+01   4.1348066e-22
   1.2824369e+01   4.0977054e-22
   1.2853942e+01   4.0609571e-22
   1.2883584e+01   4.0245589e-22
   1.2913293e+01   3.9885075e-22
   1.2943071e+01   3.9528000e-22
   1.2972918e+01   3.9174335e-22
   1.3002834e+01   3.8824050e-22
   1.3032818e+01   3.8477117e-22
   1.3062872e+01   3.8133507e-22
   1.3092995e+01   3.7793193e-22
   1.3123188e+01   3.7456147e-22
   1.3153450e+01   3.7122341e-22
   1.3183782e+01   3.6791750e-22
   1.3214184e+01   3.6464347e-22
   1.3244656e+01   3.6140106e-22
   1.3275198e+01   3.5819002e-22
   1.3305811e+01   3.5501010e-22
   1.3336494e+01   3.5186105e-22
   1.3367248e+01   3.4874265e-22
   1.3398073e+01   3.4565464e-22
   1.3428969e+01   3.4259681e-22
   1.3459937e+01   3.3956893e-22
   1.3490975e+01   3.3657077e-22
   1.3522086e+01   3.3360212e-22
   1.3553268e+01   3.3066278e-22
   1.3584522e+01   3.2775254e-22
   1.3615848e+01   3.2487119e-22
   1.3647246e+01   3.2201855e-22
   1.3678716e+01   3.1919443e-22
   1.3710260e+01   3.1639865e-22
   1.3741876e+01   3.1363104e-22
   1.3773565e+01   3.1089142e-22
   1.3805326e+01   3.0817964e-22
   1.3837162e+01   3.0549554e-22
   1.3869070e+01   3.0283897e-22
   1.3901052e+01   3.0020980e-22
   1.3933108e+01   2.9760790e-22
   1.3965238e+01   2.9503314e-22
   1.3997442e+01   2.9248542e-22
   1.4029720e+01   2.8996462e-22
   1.4062073e+01   2.8747066e-22
   1.4094500e+01   2.8500345e-22
   1.4127002e+01   2.8256293e-22
   1.4159579e+01   2.8014902e-22
   1.4192231e+01   2.7776170e-22
   1.4224959e+01   2.7540091e-22
   1.4257762e+01   2.7306664e-22
   1.4290640e+01   2.7075890e-22
   1.4323594e+01   2.6847769e-22
   1.4356625e+01   2.6622303e-22
   1.4389731e+01   2.6399500e-22
   1.4422914e+01   2.6179364e-22
   1.4456173e+01   2.5961905e-22
   1.4489510e+01   2.5747136e-22
   1.4522922e+01   2.5535069e-22
   1.4556412e+01   2.5325723e-22
   1.4589980e+01   2.5119116e-22
   1.4623624e+01   2.4915273e-22
   1.4657346e+01   2.4714220e-22
   1.4691146e+01   2.4515988e-22
   1.4725024e+01   2.4320612e-22
   1.4758980e+01   2.4128131e-22
   1.4793015e+01   2.3938592e-22
   1.4827127e+01   2.3752044e-22
   1.4861319e+01   2.3568545e-22
   1.4895589e+01   2.3388158e-22
   1.4929939e+01   2.3210956e-22
   1.4964367e+01   2.3037017e-22
   1.4998875e+01   2.2866433e-22
   1.5033463e+01   2.2699304e-22
   1.5068130e+01   2.2535740e-22
   1.5102877e+01   2.2375869e-22
   1.5137704e+01   2.2219828e-22
   1.5172612e+01   2.2067776e-22
   1.5207600e+01   2.1919888e-22
   1.5242669e+01   2.1776360e-22
   1.5277819e+01   2.1637413e-22
   1.5313050e+01   2.1503295e-22
   1.5348362e+01   2.1374284e-22
   1.5383755e+01   2.1250695e-22
   1.5419230e+01   2.1132883e-22
   1.5454787e+01   2.1021249e-22
   1.5490426e+01   2.0916249e-22
   1.5526147e+01   2.0818399e-22
   1.5561950e+01   2.0728289e-22
   1.5597836e+01   2.0646594e-22
   1.5633805e+01   2.0574084e-22
   1.5669857e+01   2.0511647e-22
   1.5705991e+01   2.0460306e-22
   1.5742210e+01   2.0421247e-22
   1.5778511e+01   2.0395845e-22
   1.5814897e+01   2.0385706e-22
   1.5851366e+01   2.0392712e-22
   1.5887919e+01   2.0419080e-22
   1.5924557e+01   2.0467431e-22
   1.5961279e+01   2.0540886e-22
   1.5998086e+01   2.0643178e-22
   1.6034978e+01   2.0778805e-22
   1.6071954e+01   2.0953222e-22
   1.6109016e+01   2.1173093e-22
   1.6146164e+01   2.1446632e-22
   1.6183397e+01   2.1784050e-22
   1.6220716e+01   2.2198175e-22
   1.6258121e+01   2.2705304e-22
   1.6295613e+01   2.3326417e-22
   1.6333190e+01   2.4088914e-22
   1.6370855e+01   2.5029199e-22
   1.6408606e+01   2.6196604e-22
   1.6446445e+01   2.7659563e-22
   1.6484370e+01   2.9515699e-22
   1.6522383e+01   3.1909076e-22
   1.6560484e+01   3.5061381e-22
   1.6598673e+01   3.9332238e-22
   1.6636949e+01   4.5346301e-22
   1.6675314e+01   5.4293053e-22
   1.6713768e+01   6.8753269e-22
   1.6752310e+01   9.5578559e-22
   1.6790941e+01   1.6097498e-21
   1.6829661e+01   5.4259947e-21
   1.6868470e+01   3.8270821e-21
   1.6907369e+01   1.4132842e-21
   1.6946357e+01   8.6873847e-22
   1.6985436e+01   6.3005964e-22
   1.7024604e+01   4.9705798e-22
   1.7063863e+01   4.1287543e-22
   1.7103213e+01   3.5518242e-22
   1.7142653e+01   3.1342301e-22
   1.7182184e+01   2.8196029e-22
   1.7221806e+01   2.5751188e-22
   1.7261520e+01   2.3803860e-22
   1.7301325e+01   2.2220838e-22
   1.7341222e+01   2.0911564e-22
   1.7381211e+01   1.9812435e-22
   1.7421292e+01   1.8877563e-22
   1.7461466e+01   1.8073083e-22
   1.7501732e+01   1.7373513e-22
   1.7542091e+01   1.6759357e-22
   1.7582543e+01   1.6215481e-22
   1.7623089e+01   1.5729985e-22
   1.7663728e+01   1.5293404e-22
   1.7704460e+01   1.4898131e-22
   1.7745287e+01   1.4537997e-22
   1.7786208e+01   1.4207958e-22
   1.7827223e+01   1.3903854e-22
   1.7868333e+01   1.3622232e-22
   1.7909537e+01   1.3360207e-22
   1.7950837e+01   1.3115353e-22
   1.7992231e+01   1.2885619e-22
   1.8033722e+01   1.2669263e-22
   1.8075308e+01   1.2464793e-22
   1.8116989e+01   1.2270932e-22
   1.8158767e+01   1.2086577e-22
   1.8200642e+01   1.1910772e-22
   1.8242612e+01   1.1742690e-22
   1.8284680e+01   1.1581604e-22
   1.8326845e+01   1.1426881e-22
   1.8369106e+01   1.1277963e-22
   1.8411466e+01   1.1134359e-22
   1.8453923e+01   1.0995634e-22
   1.8496478e+01   1.0861402e-22
   1.8539131e+01   1.0731320e-22
   1.8581882e+01   1.0605081e-22
   1.8624732e+01   1.0482412e-22
   1.8667681e+01   1.0363067e-22
   1.8710728e+01   1.0246824e-22
   1.8753876e+01   1.0133483e-22
   1.8797122e+01   1.0022866e-22
   1.8840468e+01   9.9148076e-23
   1.8883915e+01   9.8091607e-23
   1.8927461e+01   9.7057901e-23
   1.8971108e+01   9.6045730e-23
   1.9014856e+01   9.5053971e-23
   1.9058704e+01   9.4081594e-23
   1.9102653e+01   9.3127658e-23
   1.9146704e+01   9.2191295e-23
   1.9190857e+01   9.1271708e-23
   1.9235111e+01   9.0368160e-23
   1.9279467e+01   8.9479972e-23
   1.9323926e+01   8.8606514e-23
   1.9368487e+01   8.7747203e-23
   1.9413151e+01   8.6901496e-23
   1.9457918e+01   8.6068889e-23
   1.9502788e+01   8.5248912e-23
   1.9547762e+01   8.4441128e-23
   1.9592839e+01   8.3645126e-23
   1.9638020e+01   8.2860522e-23
   1.9683305e+01   8.2086958e-23
   1.9728695e+01   8.1324095e-23
   1.9774190e+01   8.0571616e-23
   1.9819789e+01   7.9829222e-23
   1.9865494e+01   7.9096631e-23
   1.9911304e+01   7.8373578e-23
   1.9957219e+01   7.7659811e-23
   2.0003241e+01   7.6955092e-23
   2.0049369e+01   7.6259196e-23
   2.0095603e+01   7.5571908e-23
   2.0141943e+01   7.4893026e-23
   2.0188391e+01   7.4222355e-23
   2.0234945e+01   7.3559712e-23
   2.0281607e+01   7.2904921e-23
   2.0328377e+01   7.2257814e-23
   2.0375254e+01   7.1618232e-23
   2.0422240e+01   7.0986020e-23
   2.0469333e+01   7.0361033e-23
   2.0516536e+01   6.9743130e-23
   2.0563847e+01   6.9132175e-23
   2.0611268e+01   6.8528040e-23
   2.0658797e+01   6.7930599e-23
   2.0706437e+01   6.7339734e-23
   2.0754186e+01   6.6755327e-23
   2.0802045e+01   6.6177269e-23
   2.0850015e+01   6.5605451e-23
   2.0898095e+01   6.5039771e-23
   2.0946286e+01   6.4480127e-23
   2.0994589e+01   6.3926423e-23
   2.1043002e+01   6.3378566e-23
   2.1091528e+01   6.2836464e-23
   2.1140165e+01   6.2300029e-23
   2.1188914e+01   6.1769176e-23
   2.1237776e+01   6.1243822e-23
   2.1286750e+01   6.0723886e-23
   2.1335838e+01   6.0209291e-23
   2.1385039e+01   5.9699960e-23
   2.1434353e+01   5.9195819e-23
   2.1483780e+01   5.8696796e-23
   2.1533322e+01   5.8202821e-23
   2.1582978e+01   5.7713825e-23
   2.1632749e+01   5.7229742e-23
   2.1682634e+01   5.6750506e-23
   2.1732634e+01   5.6276053e-23
   2.1782750e+01   5.5806322e-23
   2.1832981e+01   5.5341252e-23
   2.1883328e+01   5.4880783e-23
   2.1933791e+01   5.4424857e-23
   2.1984371e+01   5.3973419e-23
   2.2035067e+01   5.3526411e-23
   2.2085880e+01   5.3083779e-23
   2.2136810e+01   5.2645471e-23
   2.2187858e+01   5.2211433e-23
   2.2239023e+01   5.1781615e-23
   2.2290306e+01   5.1355967e-23
   2.2341708e+01   5.0934438e-23
   2.2393228e+01   5.0516981e-23
   2.2444867e+01   5.0103548e-23
   2.2496625e+01   4.9694092e-23
   2.2548503e+01   4.9288569e-23
   2.2600500e+01   4.8886932e-23
   2.2652617e+01   4.8489137e-23
   2.2704854e+01   4.8095141e-23
   2.2757211e+01   4.7704902e-23
   2.2809689e+01   4.7318376e-23
   2.2862289e+01   4.6935524e-23
   2.2915009e+01   4.6556304e-23
   2.2967852e+01   4.6180676e-23
   2.3020816e+01   4.5808600e-23
   2.3073902e+01   4.5440039e-23
   2.3127110e+01   4.5074953e-23
   2.3180442e+01   4.4713306e-23
   2.3233896e+01   4.4355059e-23
   2.3287474e+01   4.4000177e-23
   2.3341175e+01   4.3648624e-23
   2.3395000e+01   4.3300364e-23
   2.3448949e+01   4.2955362e-23
   2.3503022e+01   4.2613583e-23
   2.3557220e+01   4.2274995e-23
   2.3611543e+01   4.1939562e-23
   2.3665992e+01   4.1607253e-23
   2.3720566e+01   4.1278034e-23
   2.3775265e+01   4.0951874e-23
   2.3830091e+01   4.0628740e-23
   2.3885044e+01   4.0308602e-23
   2.3940123e+01   3.9991428e-23
   2.3995329e+01   3.9677189e-23
   2.4050662e+01   3.9365853e-23
   2.4106123e+01   3.9057391e-23
   2.4161712e+01   3.8751775e-23
   2.4217429e+01   3.8448974e-23
   2.4273275e+01   3.8148960e-23
   2.4329249e+01   3.7851706e-23
   2.4385353e+01   3.7557182e-23
   2.4441586e+01   3.7265363e-23
   2.4497948e+01   3.6976219e-23
   2.4554441e+01   3.6689725e-23
   2.4611063e+01   3.6405855e-23
   2.4667817e+01   3.6124580e-23
   2.4724701e+01   3.5845877e-23
   2.4781716e+01   3.5569718e-23
   2.4838863e+01   3.5296080e-23
   2.4896142e+01   3.5024936e-23
   2.4953552e+01   3.4756262e-23
   2.5011095e+01   3.4490034e-23
   2.5068771e+01   3.4226227e-23
   2.5126580e+01   3.3964817e-23
   2.5184522e+01   3.3705782e-23
   2.5242598e+01   3.3449097e-23
   2.5300807e+01   3.3194740e-23
   2.5359151e+01   3.2942687e-23
   2.5417630e+01   3.2692916e-23
   2.5476243e+01   3.2445405e-23
   2.5534991e+01   3.2200132e-23
   2.5593875e+01   3.1957074e-23
   2.5652895e+01   3.1716211e-23
   2.5712050e+01   3.1477521e-23
   2.5771343e+01   3.1240982e-23
   2.5830772e+01   3.1006575e-23
   2.5890338e+01   3.0774278e-23
   2.5950041e+01   3.0544070e-23
   2.6009882e+01   3.0315932e-23
   2.6069861e+01   3.0089844e-23
   2.6129978e+01   2.9865786e-23
   2.6190234e+01   2.9643739e-23
   2.6250629e+01   2.9423682e-23
   2.6311163e+01   2.9205597e-23
   2.6371837e+01   2.8989465e-23
   2.6432650e+01   2.8775267e-23
   2.6493604e+01   2.8562985e-23
   2.6554699e+01   2.8352600e-23
   2.6615934e+01   2.8144094e-23
   2.6677311e+01   2.7937449e-23
   2.6738829e+01   2.7732648e-23
   2.6800489e+01   2.7529673e-23
   2.6862291e+01   2.7328506e-23
   2.6924236e+01   2.7129130e-23
   2.6986323e+01   2.6931529e-23
   2.7048554e+01   2.6735685e-23
   2.7110928e+01   2.6541581e-23
   2.7173446e+01   2.6349202e-23
   2.7236108e+01   2.6158530e-23
   2.7298915e+01   2.5969550e-23
   2.7361866e+01   2.5782246e-23
   2.7424963e+01   2.5596601e-23
   2.7488205e+01   2.5412601e-23
   2.7551593e+01   2.5230229e-23
   2.7615127e+01   2.5049470e-23
   2.7678808e+01   2.4870309e-23
   2.7742636e+01   2.4692732e-23
   2.7806610e+01   2.4516722e-23
   2.7870732e+01   2.4342266e-23
   2.7935003e+01   2.4169348e-23
   2.7999421e+01   2.3997955e-23
   2.8063988e+01   2.3828072e-23
   2.8128704e+01   2.3659684e-23
   2.8193569e+01   2.3492779e-23
   2.8258583e+01   2.3327341e-23
   2.8323748e+01   2.3163358e-23
   2.8389062e+01   2.3000816e-23
   2.8454528e+01   2.2839701e-23
   2.8520144e+01   2.2679999e-23
   2.8585912e+01   2.2521699e-23
   2.8651831e+01   2.2364786e-23
   2.8717903e+01   2.2209248e-23
   2.8784126e+01   2.2055072e-23
   2.8850503e+01   2.1902246e-23
   2.8917032e+01   2.1750756e-23
   2.8983715e+01   2.1600591e-23
   2.9050552e+01   2.1451738e-23
   2.9117543e+01   2.1304185e-23
   2.9184688e+01   2.1157920e-23
   2.9251988e+01   2.1012931e-23
   2.9319443e+01   2.0869207e-23
   2.9387054e+01   2.0726735e-23
   2.9454821e+01   2.0585504e-23
   2.9522744e+01   2.0445502e-23
   2.9590824e+01   2.0306719e-23
   2.9659060e+01   2.0169143e-23
   2.9727454e+01   2.0032763e-23
   2.9796006e+01   1.9897568e-23
   2.9864716e+01   1.9763548e-23
   2.9933584e+01   1.9630690e-23
   3.0002611e+01   1.9498985e-23
   3.0071797e+01   1.9368422e-23
   3.0141143e+01   1.9238991e-23
   3.0210649e+01   1.9110681e-23
   3.0280315e+01   1.8983482e-23
   3.0350142e+01   1.8857384e-23
   3.0420129e+01   1.8732377e-23
   3.0490278e+01   1.8608451e-23
   3.0560589e+01   1.8485596e-23
   3.0631062e+01   1.8363802e-23
   3.0701697e+01   1.8243060e-23
   3.0772496e+01   1.8123360e-23
   3.0843457e+01   1.8004692e-23
   3.0914583e+01   1.7887048e-23
   3.0985872e+01   1.7770417e-23
   3.1057326e+01   1.7654792e-23
   3.1128944e+01   1.7540162e-23
   3.1200728e+01   1.7426519e-23
   3.1272677e+01   1.7313853e-23
   3.1344792e+01   1.7202157e-23
   3.1417073e+01   1.7091421e-23
   3.1489521e+01   1.6981636e-23
   3.1562136e+01   1.6872794e-23
   3.1634919e+01   1.6764887e-23
   3.1707869e+01   1.6657906e-23
   3.1780988e+01   1.6551842e-23
   3.1854275e+01   1.6446688e-23
   3.1927731e+01   1.6342436e-23
   3.2001357e+01   1.6239077e-23
   3.2075152e+01   1.6136603e-23
   3.2149118e+01   1.6035006e-23
   3.2223254e+01   1.5934279e-23
   3.2297561e+01   1.5834414e-23
   3.2372039e+01   1.5735403e-23
   3.2446689e+01   1.5637238e-23
   3.2521512e+01   1.5539912e-23
   3.2596506e+01   1.5443418e-23
   3.2671674e+01   1.5347748e-23
   3.2747015e+01   1.5252895e-23
   3.2822530e+01   1.5158851e-23
   3.2898219e+01   1.5065610e-23
   3.2974083e+01   1.4973164e-23
   3.3050121e+01   1.4881506e-23
   3.3126335e+01   1.4790629e-23
   3.3202725e+01   1.4700527e-23
   3.3279290e+01   1.4611192e-23
   3.3356033e+01   1.4522618e-23
   3.3432952e+01   1.4434798e-23
   3.3510049e+01   1.4347726e-23
   3.3587323e+01   1.4261394e-23
   3.3664776e+01   1.4175797e-23
   3.3742407e+01   1.4090928e-23
   3.3820217e+01   1.4006780e-23
   3.3898207e+01   1.3923348e-23
   3.3976376e+01   1.3840624e-23
   3.4054726e+01   1.3758604e-23
   3.4133257e+01   1.3677280e-23
   3.4211968e+01   1.3596647e-23
   3.4290861e+01   1.3516698e-23
   3.4369936e+01   1.3437428e-23
   3.4449194e+01   1.3358831e-23
   3.4528634e+01   1.3280900e-23
   3.4608257e+01   1.3203631e-23
   3.4688064e+01   1.3127017e-23
   3.4768055e+01   1.3051053e-23
   3.4848230e+01   1.2975733e-23
   3.4928590e+01   1.2901052e-23
   3.5009136e+01   1.2827003e-23
   3.5089867e+01   1.2753582e-23
   3.5170785e+01   1.2680784e-23
   3.5251889e+01   1.2608602e-23
   3.5333180e+01   1.2537032e-23
   3.5414659e+01   1.2466068e-23
   3.5496325e+01   1.2395705e-23
   3.5578180e+01   1.2325938e-23
   3.5660224e+01   1.2256762e-23
   3.5742456e+01   1.2188172e-23
   3.5824879e+01   1.2120163e-23
   3.5907491e+01   1.2052729e-23
   3.5990294e+01   1.1985866e-23
   3.6073288e+01   1.1919570e-23
   3.6156473e+01   1.1853835e-23
   3.6239850e+01   1.1788656e-23
   3.6323420e+01   1.1724029e-23
   3.6407182e+01   1.1659949e-23
   3.6491137e+01   1.1596412e-23
   3.6575286e+01   1.1533413e-23
   3.6659629e+01   1.1470947e-23
   3.6744166e+01   1.1409009e-23
   3.6828898e+01   1.1347597e-23
   3.6913826e+01   1.1286704e-23
   3.6998950e+01   1.1226327e-23
   3.7084270e+01   1.1166461e-23
   3.7169786e+01   1.1107102e-23
   3.7255500e+01   1.1048246e-23
   3.7341412e+01   1.0989888e-23
   3.7427521e+01   1.0932025e-23
   3.7513829e+01   1.0874652e-23
   3.7600336e+01   1.0817765e-23
   3.7687043e+01   1.0761360e-23
   3.7773950e+01   1.0705434e-23
   3.7861057e+01   1.0649981e-23
   3.7948365e+01   1.0594999e-23
   3.8035874e+01   1.0540482e-23
   3.8123585e+01   1.0486428e-23
   3.8211498e+01   1.0432833e-23
   3.8299614e+01   1.0379693e-23
   3.8387933e+01   1.0327003e-23
   3.8476456e+01   1.0274760e-23
   3.8565183e+01   1.0222962e-23
   3.8654115e+01   1.0171603e-23
   3.8743251e+01   1.0120680e-23
   3.8832594e+01   1.0070190e-23
   3.8922142e+01   1.0020129e-23
   3.9011897e+01   9.9704936e-24
   3.9101858e+01   9.9212803e-24
   3.9192028e+01   9.8724857e-24
   3.9282405e+01   9.8241062e-24
   3.9372990e+01   9.7761385e-24
   3.9463785e+01   9.7285792e-24
   3.9554788e+01   9.6814250e-24
   3.9646002e+01   9.6346726e-24
   3.9737426e+01   9.5883186e-24
   3.9829061e+01   9.5423599e-24
   3.9920907e+01   9.4967932e-24
   4.0012965e+01   9.4516153e-24
   4.0105235e+01   9.4068230e-24
   4.0197718e+01   9.3624133e-24
   4.0290414e+01   9.3183830e-24
   4.0383324e+01   9.2747290e-24
   4.0476449e+01   9.2314482e-24
   4.0569788e+01   9.1885378e-24
   4.0663342e+01   9.1459945e-24
   4.0757112e+01   9.1038155e-24
   4.0851098e+01   9.0619979e-24
   4.0945301e+01   9.0205386e-24
   4.1039721e+01   8.9794348e-24
   4.1134359e+01   8.9386837e-24
   4.1229215e+01   8.8982824e-24
   4.1324290e+01   8.8582280e-24
   4.1419584e+01   8.8185178e-24
   4.1515098e+01   8.7791489e-24
   4.1610832e+01   8.7401187e-24
   4.1706787e+01   8.7014245e-24
   4.1802963e+01   8.6630634e-24
   4.1899361e+01   8.6250328e-24
   4.1995982e+01   8.5873302e-24
   4.2092825e+01   8.5499527e-24
   4.2189891e+01   8.5128979e-24
   4.2287181e+01   8.4761631e-24
   4.2384696e+01   8.4397458e-24
   4.2482435e+01   8.4036434e-24
   4.2580400e+01   8.3678534e-24
   4.2678591e+01   8.3323733e-24
   4.2777008e+01   8.2972006e-24
   4.2875652e+01   8.2623328e-24
   4.2974524e+01   8.2277675e-24
   4.3073623e+01   8.1935023e-24
   4.3172951e+01   8.1595348e-24
   4.3272508e+01   8.1258625e-24
   4.3372295e+01   8.0924832e-24
   4.3472312e+01   8.0593944e-24
   4.3572559e+01   8.0265939e-24
   4.3673038e+01   7.9940793e-24
   4.3773748e+01   7.9618484e-24
   4.3874691e+01   7.9298989e-24
   4.3975866e+01   7.8982285e-24
   4.4077275e+01   7.8668350e-24
   4.4178918e+01   7.8357162e-24
   4.4280795e+01   7.8048699e-24
   4.4382906e+01   7.7742939e-24
   4.4485254e+01   7.7439860e-24
   4.4587837e+01   7.7139441e-24
   4.4690657e+01   7.6841661e-24
   4.4793714e+01   7.6546499e-24
   4.4897009e+01   7.6253933e-24
   4.5000541e+01   7.5963943e-24
   4.5104313e+01   7.5676508e-24
   4.5208324e+01   7.5391607e-24
   4.5312575e+01   7.5109221e-24
   4.5417066e+01   7.4829329e-24
   4.5521798e+01   7.4551912e-24
   4.5626772e+01   7.4276948e-24
   4.5731987e+01   7.4004420e-24
   4.5837446e+01   7.3734306e-24
   4.5943147e+01   7.3466588e-24
   4.6049092e+01   7.3201246e-24
   4.6155282e+01   7.2938262e-24
   4.6261716e+01   7.2677616e-24
   4.6368396e+01   7.2419289e-24
   4.6475322e+01   7.2163263e-24
   4.6582494e+01   7.1909520e-24
   4.6689914e+01   7.1658040e-24
   4.6797581e+01   7.1408806e-24
   4.6905497e+01   7.1161800e-24
   4.7013661e+01   7.0917003e-24
   4.7122075e+01   7.0674397e-24
   4.7230739e+01   7.0433966e-24
   4.7339654e+01   7.0195690e-24
   4.7448819e+01   6.9959554e-24
   4.7558236e+01   6.9725538e-24
   4.7667906e+01   6.9493628e-24
   4.7777829e+01   6.9263804e-24
   4.7888005e+01   6.9036050e-24
   4.7998435e+01   6.8810349e-24
   4.8109120e+01   6.8586686e-24
   4.8220060e+01   6.8365042e-24
   4.8331255e+01   6.8145401e-24
   4.8442708e+01   6.7927748e-24
   4.8554417e+01   6.7712065e-24
   4.8666384e+01   6.7498338e-24
   4.8778609e+01   6.7286548e-24
   4.8891093e+01   6.7076682e-24
   4.9003836e+01   6.6868723e-24
   4.9116839e+01   6.6662654e-24
   4.9230103e+01   6.6458462e-24
   4.9343628e+01   6.6256130e-24
   4.9457415e+01   6.6055643e-24
   4.9571464e+01   6.5856985e-24
   4.9685776e+01   6.5660142e-24
   4.9800352e+01   6.5465099e-24
   4.9915192e+01   6.5271840e-24
   5.0030297e+01   6.5080350e-24
   5.0145667e+01   6.4890616e-24
   5.0261303e+01   6.4702623e-24
   5.0377206e+01   6.4516355e-24
   5.0493376e+01   6.4331799e-24
   5.0609814e+01   6.4148939e-24
   5.0726521e+01   6.3967763e-24
   5.0843497e+01   6.3788256e-24
   5.0960742e+01   6.3610404e-24
   5.1078258e+01   6.3434192e-24
   5.1196045e+01   6.3259608e-24
   5.1314103e+01   6.3086637e-24
   5.1432434e+01   6.2915266e-24
   5.1551038e+01   6.2745480e-24
   5.1669915e+01   6.2577268e-24
   5.1789066e+01   6.2410615e-24
   5.1908492e+01   6.2245509e-24
   5.2028193e+01   6.2081935e-24
   5.2148171e+01   6.1919881e-24
   5.2268425e+01   6.1759335e-24
   5.2388956e+01   6.1600282e-24
   5.2509766e+01   6.1442711e-24
   5.2630854e+01   6.1286608e-24
   5.2752221e+01   6.1131961e-24
   5.2873868e+01   6.0978757e-24
   5.2995795e+01   6.0826984e-24
   5.3118004e+01   6.0676630e-24
   5.3240495e+01   6.0527682e-24
   5.3363268e+01   6.0380128e-24
   5.3486324e+01   6.0233956e-24
   5.3609663e+01   6.0089153e-24
   5.3733288e+01   5.9945709e-24
   5.3857197e+01   5.9803611e-24
   5.3981392e+01   5.9662847e-24
   5.4105874e+01   5.9523406e-24
   5.4230642e+01   5.9385275e-24
   5.4355699e+01   5.9248444e-24
   5.4481043e+01   5.9112901e-24
   5.4606677e+01   5.8978635e-24
   5.4732600e+01   5.8845634e-24
   5.4858814e+01   5.8713887e-24
   5.4985319e+01   5.8583382e-24
   5.5112116e+01   5.8454110e-24
   5.5239205e+01   5.8326058e-24
   5.5366587e+01   5.8199217e-24
   5.5494262e+01   5.8073574e-24
   5.5622233e+01   5.7949120e-24
   5.5750498e+01   5.7825843e-24
   5.5879059e+01   5.7703733e-24
   5.6007916e+01   5.7582780e-24
   5.6137071e+01   5.7462973e-24
   5.6266524e+01   5.7344302e-24
   5.6396275e+01   5.7226755e-24
   5.6526325e+01   5.7110324e-24
   5.6656675e+01   5.6994998e-24
   5.6787326e+01   5.6880767e-24
   5.6918278e+01   5.6767620e-24
   5.7049532e+01   5.6655548e-24
   5.7181088e+01   5.6544541e-24
   5.7312948e+01   5.6434589e-24
   5.7445113e+01   5.6325683e-24
   5.7577581e+01   5.6217812e-24
   5.7710356e+01   5.6110967e-24
   5.7843436e+01   5.6005139e-24
   5.7976824e+01   5.5900318e-24
   5.8110519e+01   5.5796495e-24
   5.8244522e+01   5.5693659e-24
   5.8378834e+01   5.5591803e-24
   5.8513456e+01   5.5490917e-24
   5.8648389e+01   5.5390992e-24
   5.8783632e+01   5.5292018e-24
   5.8919188e+01   5.5193988e-24
   5.9055056e+01   5.5096890e-24
   5.9191237e+01   5.5000718e-24
   5.9327733e+01   5.4905462e-24
   5.9464543e+01   5.4811113e-24
   5.9601669e+01   5.4717663e-24
   5.9739111e+01   5.4625103e-24
   5.9876870e+01   5.4533425e-24
   6.0014946e+01   5.4442620e-24
   6.0153341e+01   5.4352679e-24
   6.0292055e+01   5.4263595e-24
   6.0431089e+01   5.4175358e-24
   6.0570443e+01   5.4087962e-24
   6.0710119e+01   5.4001397e-24
   6.0850117e+01   5.3915656e-24
   6.0990438e+01   5.3830730e-24
   6.1131083e+01   5.3746611e-24
   6.1272051e+01   5.3663292e-24
   6.1413345e+01   5.3580765e-24
   6.1554965e+01   5.3499022e-24
   6.1696911e+01   5.3418055e-24
   6.1839185e+01   5.3337857e-24
   6.1981786e+01   5.3258419e-24
   6.2124717e+01   5.3179735e-24
   6.2267977e+01   5.3101796e-24
   6.2411567e+01   5.3024596e-24
   6.2555489e+01   5.2948127e-24
   6.2699742e+01   5.2872381e-24
   6.2844328e+01   5.2797352e-24
   6.2989248e+01   5.2723031e-24
   6.3134501e+01   5.2649413e-24
   6.3280090e+01   5.2576490e-24
   6.3426014e+01   5.2504255e-24
   6.3572275e+01   5.2432700e-24
   6.3718874e+01   5.2361819e-24
   6.3865810e+01   5.2291605e-24
   6.4013085e+01   5.2222052e-24
   6.4160699e+01   5.2153152e-24
   6.4308655e+01   5.2084898e-24
   6.4456951e+01   5.2017285e-24
   6.4605589e+01   5.1950305e-24
   6.4754570e+01   5.1883951e-24
   6.4903894e+01   5.1818218e-24
   6.5053563e+01   5.1753099e-24
   6.5203577e+01   5.1688588e-24
   6.5353937e+01   5.1624678e-24
   6.5504644e+01   5.1561362e-24
   6.5655698e+01   5.1498635e-24
   6.5807101e+01   5.1436491e-24
   6.5958852e+01   5.1374922e-24
   6.6110954e+01   5.1313924e-24
   6.6263406e+01   5.1253490e-24
   6.6416210e+01   5.1193614e-24
   6.6569367e+01   5.1134291e-24
   6.6722876e+01   5.1075513e-24
   6.6876740e+01   5.1017276e-24
   6.7030958e+01   5.0959574e-24
   6.7185532e+01   5.0902401e-24
   6.7340462e+01   5.0845750e-24
   6.7495750e+01   5.0789618e-24
   6.7651395e+01   5.0733997e-24
   6.7807400e+01   5.0678883e-24
   6.7963764e+01   5.0624269e-24
   6.8120489e+01   5.0570151e-24
   6.8277576e+01   5.0516523e-24
   6.8435024e+01   5.0463380e-24
   6.8592836e+01   5.0410716e-24
   6.8751012e+01   5.0358526e-24
   6.8909552e+01   5.0306804e-24
   6.9068458e+01   5.0255547e-24
   6.9227730e+01   5.0204748e-24
   6.9387370e+01   5.0154402e-24
   6.9547378e+01   5.0104504e-24
   6.9707755e+01   5.0055050e-24
   6.9868501e+01   5.0006034e-24
   7.0029619e+01   4.9957452e-24
   7.0191107e+01   4.9909298e-24
   7.0352969e+01   4.9861568e-24
   7.0515203e+01   4.9814256e-24
   7.0677812e+01   4.9767359e-24
   7.0840795e+01   4.9720871e-24
   7.1004155e+01   4.9674788e-24
   7.1167891e+01   4.9629105e-24
   7.1332004e+01   4.9583818e-24
   7.1496497e+01   4.9538921e-24
   7.1661368e+01   4.9494411e-24
   7.1826620e+01   4.9450283e-24
   7.1992252e+01   4.9406533e-24
   7.2158267e+01   4.9363156e-24
   7.2324665e+01   4.9320147e-24
   7.2491446e+01   4.9277504e-24
   7.2658612e+01   4.9235220e-24
   7.2826163e+01   4.9193293e-24
   7.2994101e+01   4.9151717e-24
   7.3162426e+01   4.9110489e-24
   7.3331139e+01   4.9069604e-24
   7.3500241e+01   4.9029059e-24
   7.3669733e+01   4.8988850e-24
   7.3839616e+01   4.8948972e-24
   7.4009891e+01   4.8909421e-24
   7.4180558e+01   4.8870194e-24
   7.4351619e+01   4.8831286e-24
   7.4523074e+01   4.8792695e-24
   7.4694925e+01   4.8754415e-24
   7.4867172e+01   4.8716443e-24
   7.5039817e+01   4.8678776e-24
   7.5212859e+01   4.8641409e-24
   7.5386300e+01   4.8604339e-24
   7.5560142e+01   4.8567563e-24
   7.5734384e+01   4.8531076e-24
   7.5909028e+01   4.8494876e-24
   7.6084075e+01   4.8458957e-24
   7.6259525e+01   4.8423318e-24
   7.6435380e+01   4.8387955e-24
   7.6611641e+01   4.8352863e-24
   7.6788308e+01   4.8318041e-24
   7.6965382e+01   4.8283483e-24
   7.7142865e+01   4.8249187e-24
   7.7320757e+01   4.8215150e-24
   7.7499060e+01   4.8181369e-24
   7.7677773e+01   4.8147839e-24
   7.7856898e+01   4.8114558e-24
   7.8036437e+01   4.8081523e-24
   7.8216390e+01   4.8048730e-24
   7.8396757e+01   4.8016176e-24
   7.8577541e+01   4.7983859e-24
   7.8758741e+01   4.7951774e-24
   7.8940359e+01   4.7919920e-24
   7.9122397e+01   4.7888292e-24
   7.9304853e+01   4.7856889e-24
   7.9487731e+01   4.7825706e-24
   7.9671030e+01   4.7794742e-24
   7.9854752e+01   4.7763993e-24
   8.0038898e+01   4.7733456e-24
   8.0223468e+01   4.7703128e-24
   8.0408464e+01   4.7673008e-24
   8.0593887e+01   4.7643090e-24
   8.0779737e+01   4.7613374e-24
   8.0966016e+01   4.7583857e-24
   8.1152724e+01   4.7554534e-24
   8.1339863e+01   4.7525405e-24
   8.1527433e+01   4.7496466e-24
   8.1715436e+01   4.7467714e-24
   8.1903872e+01   4.7439148e-24
   8.2092743e+01   4.7410763e-24
   8.2282050e+01   4.7382559e-24
   8.2471793e+01   4.7354532e-24
   8.2661973e+01   4.7326679e-24
   8.2852592e+01   4.7298999e-24
   8.3043651e+01   4.7271488e-24
   8.3235150e+01   4.7244145e-24
   8.3427091e+01   4.7216966e-24
   8.3619475e+01   4.7189950e-24
   8.3812302e+01   4.7163095e-24
   8.4005574e+01   4.7136396e-24
   8.4199291e+01   4.7109854e-24
   8.4393456e+01   4.7083464e-24
   8.4588067e+01   4.7057226e-24
   8.4783128e+01   4.7031136e-24
   8.4978639e+01   4.7005192e-24
   8.5174600e+01   4.6979393e-24
   8.5371013e+01   4.6953735e-24
   8.5567880e+01   4.6928218e-24
   8.5765200e+01   4.6902838e-24
   8.5962975e+01   4.6877593e-24
   8.6161206e+01   4.6852482e-24
   8.6359895e+01   4.6827502e-24
   8.6559041e+01   4.6802651e-24
   8.6758647e+01   4.6777928e-24
   8.6958713e+01   4.6753330e-24
   8.7159241e+01   4.6728854e-24
   8.7360231e+01   4.6704501e-24
   8.7561684e+01   4.6680266e-24
   8.7763602e+01   4.6656149e-24
   8.7965985e+01   4.6632147e-24
   8.8168836e+01   4.6608258e-24
   8.8372154e+01   4.6584481e-24
   8.8575940e+01   4.6560813e-24
   8.8780197e+01   4.6537254e-24
   8.8984925e+01   4.6513800e-24
   8.9190125e+01   4.6490451e-24
   8.9395798e+01   4.6467204e-24
   8.9601945e+01   4.6444058e-24
   8.9808568e+01   4.6421010e-24
   9.0015667e+01   4.6398060e-24
   9.0223244e+01   4.6375205e-24
   9.0431300e+01   4.6352444e-24
   9.0639835e+01   4.6329774e-24
   9.0848851e+01   4.6307195e-24
   9.1058349e+01   4.6284705e-24
   9.1268331e+01   4.6262301e-24
   9.1478796e+01   4.6239983e-24
   9.1689747e+01   4.6217749e-24
   9.1901184e+01   4.6195597e-24
   9.2113109e+01   4.6173526e-24
   9.2325522e+01   4.6151533e-24
   9.2538426e+01   4.6129619e-24
   9.2751820e+01   4.6107780e-24
   9.2965707e+01   4.6086015e-24
   9.3180086e+01   4.6064324e-24
   9.3394960e+01   4.6042704e-24
   9.3610330e+01   4.6021154e-24
   9.3826196e+01   4.5999673e-24
   9.4042560e+01   4.5978259e-24
   9.4259423e+01   4.5956910e-24
   9.4476786e+01   4.5935626e-24
   9.4694650e+01   4.5914405e-24
   9.4913016e+01   4.5893245e-24
   9.5131886e+01   4.5872145e-24
   9.5351261e+01   4.5851104e-24
   9.5571142e+01   4.5830121e-24
   9.5791530e+01   4.5809194e-24
   9.6012426e+01   4.5788321e-24
   9.6233831e+01   4.5767503e-24
   9.6455747e+01   4.5746736e-24
   9.6678175e+01   4.5726020e-24
   9.6901115e+01   4.5705354e-24
   9.7124570e+01   4.5684737e-24
   9.7348540e+01   4.5664166e-24
   9.7573027e+01   4.5643642e-24
   9.7798031e+01   4.5623162e-24
   9.8023554e+01   4.5602726e-24
   9.8249597e+01   4.5582333e-24
   9.8476161e+01   4.5561980e-24
   9.8703248e+01   4.5541668e-24
   9.8930858e+01   4.5521394e-24
   9.9158994e+01   4.5501159e-24
   9.9387655e+01   4.5480960e-24
   9.9616844e+01   4.5460796e-24
   9.9846561e+01   4.5440667e-24
   1.0007681e+02   4.5420571e-24
   1.0030759e+02   4.5400508e-24
   1.0053890e+02   4.5380476e-24
   1.0077074e+02   4.5360473e-24
   1.0100312e+02   4.5340500e-24
   1.0123603e+02   4.5320555e-24
   1.0146948e+02   4.5300637e-24
   1.0170347e+02   4.5280745e-24
   1.0193800e+02   4.5260878e-24
   1.0217307e+02   4.5241034e-24
   1.0240868e+02   4.5221214e-24
   1.0264484e+02   4.5201416e-24
   1.0288154e+02   4.5181638e-24
   1.0311878e+02   4.5161881e-24
   1.0335658e+02   4.5142143e-24
   1.0359492e+02   4.5122423e-24
   1.0383381e+02   4.5102721e-24
   1.0407325e+02   4.5083034e-24
   1.0431324e+02   4.5063363e-24
   1.0455379e+02   4.5043707e-24
   1.0479489e+02   4.5024064e-24
   1.0503655e+02   4.5004434e-24
   1.0527876e+02   4.4984816e-24
   1.0552154e+02   4.4965209e-24
   1.0576487e+02   4.4945612e-24
   1.0600877e+02   4.4926024e-24
   1.0625322e+02   4.4906445e-24
   1.0649824e+02   4.4886873e-24
   1.0674383e+02   4.4867309e-24
   1.0698998e+02   4.4847750e-24
   1.0723670e+02   4.4828196e-24
   1.0748399e+02   4.4808647e-24
   1.0773185e+02   4.4789101e-24
   1.0798028e+02   4.4769558e-24
   1.0822928e+02   4.4750017e-24
   1.0847886e+02   4.4730477e-24
   1.0872901e+02   4.4710938e-24
   1.0897974e+02   4.4691399e-24
   1.0923105e+02   4.4671858e-24
   1.0948294e+02   4.4652316e-24
   1.0973541e+02   4.4632772e-24
   1.0998846e+02   4.4613224e-24
   1.1024209e+02   4.4593672e-24
   1.1049631e+02   4.4574116e-24
   1.1075112e+02   4.4554554e-24
   1.1100651e+02   4.4534986e-24
   1.1126249e+02   4.4515412e-24
   1.1151906e+02   4.4495830e-24
   1.1177623e+02   4.4476241e-24
   1.1203398e+02   4.4456642e-24
   1.1229234e+02   4.4437034e-24
   1.1255128e+02   4.4417416e-24
   1.1281083e+02   4.4397788e-24
   1.1307097e+02   4.4378148e-24
   1.1333171e+02   4.4358496e-24
   1.1359306e+02   4.4338832e-24
   1.1385500e+02   4.4319154e-24
   1.1411755e+02   4.4299463e-24
   1.1438071e+02   4.4279757e-24
   1.1464447e+02   4.4260036e-24
   1.1490884e+02   4.4240299e-24
   1.1517382e+02   4.4220547e-24
   1.1543942e+02   4.4200777e-24
   1.1570562e+02   4.4180990e-24
   1.1597244e+02   4.4161186e-24
   1.1623987e+02   4.4141362e-24
   1.1650792e+02   4.4121520e-24
   1.1677659e+02   4.4101658e-24
   1.1704588e+02   4.4081776e-24
   1.1731579e+02   4.4061873e-24
   1.1758632e+02   4.4041948e-24
   1.1785747e+02   4.4022002e-24
   1.1812925e+02   4.4002034e-24
   1.1840166e+02   4.3982043e-24
   1.1867469e+02   4.3962028e-24
   1.1894836e+02   4.3941990e-24
   1.1922265e+02   4.3921927e-24
   1.1949758e+02   4.3901839e-24
   1.1977314e+02   4.3881726e-24
   1.2004934e+02   4.3861587e-24
   1.2032618e+02   4.3841422e-24
   1.2060365e+02   4.3821230e-24
   1.2088176e+02   4.3801010e-24
   1.2116052e+02   4.3780763e-24
   1.2143991e+02   4.3760487e-24
   1.2171996e+02   4.3740183e-24
   1.2200064e+02   4.3719849e-24
   1.2228198e+02   4.3699486e-24
   1.2256396e+02   4.3679093e-24
   1.2284659e+02   4.3658669e-24
   1.2312988e+02   4.3638214e-24
   1.2341382e+02   4.3617728e-24
   1.2369841e+02   4.3597210e-24
   1.2398366e+02   4.3576659e-24
   1.2426957e+02   4.3556076e-24
   1.2455613e+02   4.3535460e-24
   1.2484336e+02   4.3514810e-24
   1.2513125e+02   4.3494127e-24
   1.2541981e+02   4.3473409e-24
   1.2570902e+02   4.3452656e-24
   1.2599891e+02   4.3431868e-24
   1.2628946e+02   4.3411045e-24
   1.2658069e+02   4.3390186e-24
   1.2687259e+02   4.3369290e-24
   1.2716515e+02   4.3348358e-24
   1.2745840e+02   4.3327388e-24
   1.2775232e+02   4.3306382e-24
   1.2804692e+02   4.3285337e-24
   1.2834219e+02   4.3264255e-24
   1.2863815e+02   4.3243133e-24
   1.2893479e+02   4.3221973e-24
   1.2923212e+02   4.3200774e-24
   1.2953013e+02   4.3179535e-24
   1.2982882e+02   4.3158256e-24
   1.3012821e+02   4.3136937e-24
   1.3042829e+02   4.3115578e-24
   1.3072906e+02   4.3094177e-24
   1.3103052e+02   4.3072735e-24
   1.3133268e+02   4.3051252e-24
   1.3163553e+02   4.3029726e-24
   1.3193908e+02   4.3008159e-24
   1.3224333e+02   4.2986549e-24
   1.3254829e+02   4.2964896e-24
   1.3285395e+02   4.2943200e-24
   1.3316031e+02   4.2921460e-24
   1.3346738e+02   4.2899677e-24
   1.3377515e+02   4.2877850e-24
   1.3408364e+02   4.2855978e-24
   1.3439284e+02   4.2834062e-24
   1.3470275e+02   4.2812100e-24
   1.3501337e+02   4.2790094e-24
   1.3532472e+02   4.2768042e-24
   1.3563678e+02   4.2745944e-24
   1.3594956e+02   4.2723800e-24
   1.3626306e+02   4.2701610e-24
   1.3657728e+02   4.2679374e-24
   1.3689223e+02   4.2657090e-24
   1.3720790e+02   4.2634760e-24
   1.3752431e+02   4.2612382e-24
   1.3784144e+02   4.2589956e-24
   1.3815930e+02   4.2567483e-24
   1.3847790e+02   4.2544962e-24
   1.3879723e+02   4.2522392e-24
   1.3911730e+02   4.2499774e-24
   1.3943810e+02   4.2477107e-24
   1.3975965e+02   4.2454390e-24
   1.4008193e+02   4.2431625e-24
   1.4040496e+02   4.2408810e-24
   1.4072874e+02   4.2385945e-24
   1.4105326e+02   4.2363031e-24
   1.4137853e+02   4.2340066e-24
   1.4170455e+02   4.2317051e-24
   1.4203132e+02   4.2293986e-24
   1.4235885e+02   4.2270869e-24
   1.4268713e+02   4.2247702e-24
   1.4301617e+02   4.2224483e-24
   1.4334596e+02   4.2201213e-24
   1.4367652e+02   4.2177892e-24
   1.4400784e+02   4.2154519e-24
   1.4433992e+02   4.2131094e-24
   1.4467277e+02   4.2107617e-24
   1.4500639e+02   4.2084087e-24
   1.4534077e+02   4.2060505e-24
   1.4567593e+02   4.2036870e-24
   1.4601186e+02   4.2013183e-24
   1.4634856e+02   4.1989443e-24
   1.4668604e+02   4.1965649e-24
   1.4702430e+02   4.1941802e-24
   1.4736334e+02   4.1917902e-24
   1.4770316e+02   4.1893948e-24
   1.4804377e+02   4.1869940e-24
   1.4838516e+02   4.1845879e-24
   1.4872734e+02   4.1821763e-24
   1.4907030e+02   4.1797593e-24
   1.4941406e+02   4.1773369e-24
   1.4975861e+02   4.1749091e-24
   1.5010395e+02   4.1724758e-24
   1.5045009e+02   4.1700370e-24
   1.5079703e+02   4.1675927e-24
   1.5114477e+02   4.1651430e-24
   1.5149331e+02   4.1626877e-24
   1.5184266e+02   4.1602269e-24
   1.5219281e+02   4.1577606e-24
   1.5254377e+02   4.1552888e-24
   1.5289553e+02   4.1528114e-24
   1.5324811e+02   4.1503284e-24
   1.5360150e+02   4.1478399e-24
   1.5395571e+02   4.1453458e-24
   1.5431073e+02   4.1428461e-24
   1.5466657e+02   4.1403409e-24
   1.5502324e+02   4.1378300e-24
   1.5538072e+02   4.1353135e-24
   1.5573903e+02   4.1327914e-24
   1.5609817e+02   4.1302637e-24
   1.5645813e+02   4.1277303e-24
   1.5681892e+02   4.1251914e-24
   1.5718055e+02   4.1226467e-24
   1.5754301e+02   4.1200965e-24
   1.5790630e+02   4.1175405e-24
   1.5827044e+02   4.1149789e-24
   1.5863541e+02   4.1124117e-24
   1.5900122e+02   4.1098388e-24
   1.5936788e+02   4.1072602e-24
   1.5973539e+02   4.1046760e-24
   1.6010374e+02   4.1020861e-24
   1.6047294e+02   4.0994905e-24
   1.6084299e+02   4.0968892e-24
   1.6121389e+02   4.0942823e-24
   1.6158565e+02   4.0916697e-24
   1.6195827e+02   4.0890514e-24
   1.6233175e+02   4.0864274e-24
   1.6270609e+02   4.0837977e-24
   1.6308129e+02   4.0811624e-24
   1.6345736e+02   4.0785214e-24
   1.6383429e+02   4.0758747e-24
   1.6421209e+02   4.0732223e-24
   1.6459077e+02   4.0705643e-24
   1.6497031e+02   4.0679005e-24
   1.6535074e+02   4.0652312e-24
   1.6573204e+02   4.0625561e-24
   1.6611422e+02   4.0598754e-24
   1.6649728e+02   4.0571891e-24
   1.6688122e+02   4.0544971e-24
   1.6726605e+02   4.0517995e-24
   1.6765177e+02   4.0490962e-24
   1.6803837e+02   4.0463873e-24
   1.6842587e+02   4.0436728e-24
   1.6881426e+02   4.0409527e-24
   1.6920355e+02   4.0382269e-24
   1.6959373e+02   4.0354956e-24
   1.6998482e+02   4.0327587e-24
   1.7037681e+02   4.0300162e-24
   1.7076970e+02   4.0272681e-24
   1.7116349e+02   4.0245145e-24
   1.7155820e+02   4.0217553e-24
   1.7195381e+02   4.0189906e-24
   1.7235034e+02   4.0162204e-24
   1.7274778e+02   4.0134447e-24
   1.7314614e+02   4.0106634e-24
   1.7354541e+02   4.0078767e-24
   1.7394561e+02   4.0050845e-24
   1.7434673e+02   4.0022869e-24
   1.7474877e+02   3.9994838e-24
   1.7515175e+02   3.9966753e-24
   1.7555565e+02   3.9938614e-24
   1.7596048e+02   3.9910421e-24
   1.7636625e+02   3.9882175e-24
   1.7677295e+02   3.9853875e-24
   1.7718059e+02   3.9825522e-24
   1.7758917e+02   3.9797115e-24
   1.7799869e+02   3.9768656e-24
   1.7840916e+02   3.9740144e-24
   1.7882057e+02   3.9711579e-24
   1.7923293e+02   3.9682962e-24
   1.7964624e+02   3.9654294e-24
   1.8006051e+02   3.9625573e-24
   1.8047573e+02   3.9596801e-24
   1.8089191e+02   3.9567977e-24
   1.8130905e+02   3.9539103e-24
   1.8172715e+02   3.9510178e-24
   1.8214621e+02   3.9481202e-24
   1.8256624e+02   3.9452176e-24
   1.8298724e+02   3.9423100e-24
   1.8340921e+02   3.9393975e-24
   1.8383215e+02   3.9364800e-24
   1.8425607e+02   3.9335576e-24
   1.8468097e+02   3.9306303e-24
   1.8510684e+02   3.9276982e-24
   1.8553370e+02   3.9247613e-24
   1.8596154e+02   3.9218196e-24
   1.8639037e+02   3.9188732e-24
   1.8682019e+02   3.9159221e-24
   1.8725100e+02   3.9129663e-24
   1.8768280e+02   3.9100058e-24
   1.8811560e+02   3.9070408e-24
   1.8854939e+02   3.9040713e-24
   1.8898419e+02   3.9010972e-24
   1.8941999e+02   3.8981186e-24
   1.8985679e+02   3.8951356e-24
   1.9029460e+02   3.8921483e-24
   1.9073343e+02   3.8891565e-24
   1.9117326e+02   3.8861605e-24
   1.9161411e+02   3.8831602e-24
   1.9205597e+02   3.8801557e-24
   1.9249885e+02   3.8771471e-24
   1.9294276e+02   3.8741343e-24
   1.9338768e+02   3.8711174e-24
   1.9383364e+02   3.8680966e-24
   1.9428062e+02   3.8650717e-24
   1.9472863e+02   3.8620430e-24
   1.9517768e+02   3.8590103e-24
   1.9562776e+02   3.8559739e-24
   1.9607888e+02   3.8529337e-24
   1.9653104e+02   3.8498898e-24
   1.9698424e+02   3.8468423e-24
   1.9743849e+02   3.8437911e-24
   1.9789378e+02   3.8407365e-24
   1.9835012e+02   3.8376783e-24
   1.9880752e+02   3.8346168e-24
   1.9926597e+02   3.8315519e-24
   1.9972548e+02   3.8284838e-24
   2.0018605e+02   3.8254124e-24
   2.0064768e+02   3.8223378e-24
   2.0111038e+02   3.8192602e-24
   2.0157414e+02   3.8161796e-24
   2.0203897e+02   3.8130960e-24
   2.0250487e+02   3.8100095e-24
   2.0297185e+02   3.8069202e-24
   2.0343991e+02   3.8038282e-24
   2.0390904e+02   3.8007335e-24
   2.0437926e+02   3.7976363e-24
   2.0485056e+02   3.7945365e-24
   2.0532294e+02   3.7914343e-24
   2.0579642e+02   3.7883297e-24
   2.0627099e+02   3.7852229e-24
   2.0674665e+02   3.7821139e-24
   2.0722341e+02   3.7790027e-24
   2.0770127e+02   3.7758896e-24
   2.0818023e+02   3.7727745e-24
   2.0866029e+02   3.7696575e-24
   2.0914147e+02   3.7665388e-24
   2.0962375e+02   3.7634185e-24
   2.1010714e+02   3.7602965e-24
   2.1059165e+02   3.7571730e-24
   2.1107728e+02   3.7540482e-24
   2.1156402e+02   3.7509221e-24
   2.1205189e+02   3.7477947e-24
   2.1254088e+02   3.7446663e-24
   2.1303100e+02   3.7415368e-24
   2.1352226e+02   3.7384065e-24
   2.1401464e+02   3.7352754e-24
   2.1450816e+02   3.7321435e-24
   2.1500282e+02   3.7290111e-24
   2.1549861e+02   3.7258782e-24
   2.1599556e+02   3.7227450e-24
   2.1649364e+02   3.7196115e-24
   2.1699288e+02   3.7164779e-24
   2.1749327e+02   3.7133442e-24
   2.1799481e+02   3.7102107e-24
   2.1849750e+02   3.7070773e-24
   2.1900136e+02   3.7039443e-24
   2.1950638e+02   3.7008117e-24
   2.2001256e+02   3.6976798e-24
   2.2051991e+02   3.6945485e-24
   2.2102844e+02   3.6914181e-24
   2.2153813e+02   3.6882886e-24
   2.2204900e+02   3.6851602e-24
   2.2256104e+02   3.6820331e-24
   2.2307427e+02   3.6789073e-24
   2.2358868e+02   3.6757830e-24
   2.2410428e+02   3.6726604e-24
   2.2462107e+02   3.6695395e-24
   2.2513904e+02   3.6664206e-24
   2.2565822e+02   3.6633038e-24
   2.2617859e+02   3.6601892e-24
   2.2670016e+02   3.6570769e-24
   2.2722293e+02   3.6539672e-24
   2.2774691e+02   3.6508601e-24
   2.2827209e+02   3.6477559e-24
   2.2879849e+02   3.6446547e-24
   2.2932610e+02   3.6415566e-24
   2.2985493e+02   3.6384618e-24
   2.3038497e+02   3.6353705e-24
   2.3091624e+02   3.6322829e-24
   2.3144874e+02   3.6291990e-24
   2.3198246e+02   3.6261192e-24
   2.3251741e+02   3.6230435e-24
   2.3305360e+02   3.6199722e-24
   2.3359102e+02   3.6169054e-24
   2.3412969e+02   3.6138432e-24
   2.3466959e+02   3.6107860e-24
   2.3521074e+02   3.6077338e-24
   2.3575314e+02   3.6046869e-24
   2.3629679e+02   3.6016454e-24
   2.3684169e+02   3.5986096e-24
   2.3738785e+02   3.5955796e-24
   2.3793527e+02   3.5925557e-24
   2.3848395e+02   3.5895379e-24
   2.3903389e+02   3.5865267e-24
   2.3958511e+02   3.5835220e-24
   2.4013759e+02   3.5805243e-24
   2.4069135e+02   3.5775336e-24
   2.4124639e+02   3.5745502e-24
   2.4180270e+02   3.5715743e-24
   2.4236030e+02   3.5686061e-24
   2.4291919e+02   3.5656458e-24
   2.4347936e+02   3.5626938e-24
   2.4404083e+02   3.5597501e-24
   2.4460359e+02   3.5568150e-24
   2.4516764e+02   3.5538889e-24
   2.4573300e+02   3.5509718e-24
   2.4629967e+02   3.5480641e-24
   2.4686763e+02   3.5451659e-24
   2.4743691e+02   3.5422776e-24
   2.4800750e+02   3.5393994e-24
   2.4857941e+02   3.5365315e-24
   2.4915264e+02   3.5336742e-24
   2.4972719e+02   3.5308277e-24
   2.5030306e+02   3.5279924e-24
   2.5088026e+02   3.5251684e-24
   2.5145879e+02   3.5223561e-24
   2.5203866e+02   3.5195557e-24
   2.5261986e+02   3.5167674e-24
   2.5320240e+02   3.5139917e-24
   2.5378629e+02   3.5112286e-24
   2.5437152e+02   3.5084786e-24
   2.5495811e+02   3.5057420e-24
   2.5554604e+02   3.5030189e-24
   2.5613533e+02   3.5003097e-24
   2.5672598e+02   3.4976148e-24
   2.5731799e+02   3.4949343e-24
   2.5791137e+02   3.4922686e-24
   2.5850612e+02   3.4896181e-24
   2.5910223e+02   3.4869830e-24
   2.5969973e+02   3.4843636e-24
   2.6029859e+02   3.4817602e-24
   2.6089885e+02   3.4791733e-24
   2.6150048e+02   3.4766030e-24
   2.6210350e+02   3.4740498e-24
   2.6270792e+02   3.4715139e-24
   2.6331372e+02   3.4689957e-24
   2.6392092e+02   3.4664956e-24
   2.6452953e+02   3.4640138e-24
   2.6513954e+02   3.4615508e-24
   2.6575095e+02   3.4591069e-24
   2.6636377e+02   3.4566823e-24
   2.6697801e+02   3.4542776e-24
   2.6759366e+02   3.4518930e-24
   2.6821074e+02   3.4495290e-24
   2.6882923e+02   3.4471858e-24
   2.6944915e+02   3.4448639e-24
   2.7007051e+02   3.4425636e-24
   2.7069329e+02   3.4402854e-24
   2.7131751e+02   3.4380295e-24
   2.7194317e+02   3.4357964e-24
   2.7257028e+02   3.4335865e-24
   2.7319882e+02   3.4314002e-24
   2.7382882e+02   3.4292379e-24
   2.7446027e+02   3.4270999e-24
   2.7509318e+02   3.4249868e-24
   2.7572755e+02   3.4228988e-24
   2.7636338e+02   3.4208364e-24
   2.7700067e+02   3.4188001e-24
   2.7763944e+02   3.4167903e-24
   2.7827968e+02   3.4148073e-24
   2.7892139e+02   3.4128516e-24
   2.7956459e+02   3.4109237e-24
   2.8020927e+02   3.4090240e-24
   2.8085543e+02   3.4071529e-24
   2.8150309e+02   3.4053109e-24
   2.8215223e+02   3.4034984e-24
   2.8280288e+02   3.4017159e-24
   2.8345503e+02   3.3999639e-24
   2.8410868e+02   3.3982428e-24
   2.8476383e+02   3.3965530e-24
   2.8542050e+02   3.3948951e-24
   2.8607868e+02   3.3932695e-24
   2.8673838e+02   3.3916768e-24
   2.8739960e+02   3.3901173e-24
   2.8806235e+02   3.3885915e-24
   2.8872662e+02   3.3871000e-24
   2.8939243e+02   3.3856433e-24
   2.9005977e+02   3.3842219e-24
   2.9072865e+02   3.3828362e-24
   2.9139907e+02   3.3814867e-24
   2.9207104e+02   3.3801740e-24
   2.9274456e+02   3.3788987e-24
   2.9341963e+02   3.3776611e-24
   2.9409626e+02   3.3764618e-24
   2.9477444e+02   3.3753014e-24
   2.9545420e+02   3.3741804e-24
   2.9613552e+02   3.3730993e-24
   2.9681841e+02   3.3720586e-24
   2.9750287e+02   3.3710589e-24
   2.9818892e+02   3.3701008e-24
   2.9887654e+02   3.3691847e-24
   2.9956575e+02   3.3683113e-24
   3.0025656e+02   3.3674811e-24
   3.0094895e+02   3.3666946e-24
   3.0164294e+02   3.3659524e-24
   3.0233853e+02   3.3652551e-24
   3.0303573e+02   3.3646033e-24
   3.0373453e+02   3.3639974e-24
   3.0443494e+02   3.3634382e-24
   3.0513697e+02   3.3629261e-24
   3.0584062e+02   3.3624618e-24
   3.0654589e+02   3.3620458e-24
   3.0725279e+02   3.3616788e-24
   3.0796131e+02   3.3613613e-24
   3.0867148e+02   3.3610938e-24
   3.0938327e+02   3.3608772e-24
   3.1009672e+02   3.3607118e-24
   3.1081180e+02   3.3605983e-24
   3.1152853e+02   3.3605374e-24
   3.1224692e+02   3.3605296e-24
   3.1296697e+02   3.3605756e-24
   3.1368867e+02   3.3606759e-24
   3.1441204e+02   3.3608312e-24
   3.1513708e+02   3.3610422e-24
   3.1586378e+02   3.3613093e-24
   3.1659217e+02   3.3616334e-24
   3.1732223e+02   3.3620149e-24
   3.1805398e+02   3.3624545e-24
   3.1878741e+02   3.3629529e-24
   3.1952254e+02   3.3635106e-24
   3.2025936e+02   3.3641284e-24
   3.2099788e+02   3.3648068e-24
   3.2173811e+02   3.3655466e-24
   3.2248004e+02   3.3663483e-24
   3.2322368e+02   3.3672126e-24
   3.2396903e+02   3.3681401e-24
   3.2471611e+02   3.3691315e-24
   3.2546491e+02   3.3701875e-24
   3.2621543e+02   3.3713086e-24
   3.2696769e+02   3.3724956e-24
   3.2772168e+02   3.3737491e-24
   3.2847741e+02   3.3750697e-24
   3.2923488e+02   3.3764582e-24
   3.2999410e+02   3.3779151e-24
   3.3075506e+02   3.3794412e-24
   3.3151779e+02   3.3810370e-24
   3.3228227e+02   3.3827033e-24
   3.3304852e+02   3.3844407e-24
   3.3381653e+02   3.3862499e-24
   3.3458631e+02   3.3881315e-24
   3.3535787e+02   3.3900862e-24
   3.3613121e+02   3.3921147e-24
   3.3690633e+02   3.3942176e-24
   3.3768324e+02   3.3963955e-24
   3.3846194e+02   3.3986493e-24
   3.3924243e+02   3.4009794e-24
   3.4002473e+02   3.4033866e-24
   3.4080883e+02   3.4058716e-24
   3.4159474e+02   3.4084349e-24
   3.4238246e+02   3.4110774e-24
   3.4317199e+02   3.4137995e-24
   3.4396335e+02   3.4166021e-24
   3.4475653e+02   3.4194856e-24
   3.4555154e+02   3.4224509e-24
   3.4634839e+02   3.4254986e-24
   3.4714707e+02   3.4286292e-24
   3.4794759e+02   3.4318436e-24
   3.4874996e+02   3.4351422e-24
   3.4955418e+02   3.4385259e-24
   3.5036026e+02   3.4419951e-24
   3.5116819e+02   3.4455507e-24
   3.5197799e+02   3.4491932e-24
   3.5278965e+02   3.4529232e-24
   3.5360319e+02   3.4567415e-24
   3.5441860e+02   3.4606486e-24
   3.5523589e+02   3.4646452e-24
   3.5605507e+02   3.4687320e-24
   3.5687613e+02   3.4729095e-24
   3.5769909e+02   3.4771784e-24
   3.5852395e+02   3.4815394e-24
   3.5935071e+02   3.4859930e-24
   3.6017937e+02   3.4905399e-24
   3.6100995e+02   3.4951807e-24
   3.6184244e+02   3.4999160e-24
   3.6267685e+02   3.5047464e-24
   3.6351319e+02   3.5096726e-24
   3.6435145e+02   3.5146952e-24
   3.6519165e+02   3.5198147e-24
   3.6603379e+02   3.5250318e-24
   3.6687786e+02   3.5303470e-24
   3.6772389e+02   3.5357610e-24
   3.6857186e+02   3.5412743e-24
   3.6942179e+02   3.5468876e-24
   3.7027368e+02   3.5526014e-24
   3.7112753e+02   3.5584163e-24
   3.7198336e+02   3.5643328e-24
   3.7284115e+02   3.5703516e-24
   3.7370093e+02   3.5764732e-24
   3.7456268e+02   3.5826982e-24
   3.7542643e+02   3.5890271e-24
   3.7629216e+02   3.5954606e-24
   3.7715990e+02   3.6019990e-24
   3.7802963e+02   3.6086431e-24
   3.7890137e+02   3.6153932e-24
   3.7977512e+02   3.6222501e-24
   3.8065088e+02   3.6292141e-24
   3.8152867e+02   3.6362859e-24
   3.8240848e+02   3.6434659e-24
   3.8329031e+02   3.6507547e-24
   3.8417418e+02   3.6581528e-24
   3.8506009e+02   3.6656606e-24
   3.8594804e+02   3.6732788e-24
   3.8683804e+02   3.6810078e-24
   3.8773009e+02   3.6888481e-24
   3.8862420e+02   3.6968002e-24
   3.8952037e+02   3.7048645e-24
   3.9041861e+02   3.7130416e-24
   3.9131892e+02   3.7213320e-24
   3.9222130e+02   3.7297361e-24
   3.9312577e+02   3.7382544e-24
   3.9403232e+02   3.7468873e-24
   3.9494096e+02   3.7556353e-24
   3.9585170e+02   3.7644990e-24
   3.9676453e+02   3.7734787e-24
   3.9767948e+02   3.7825748e-24
   3.9859653e+02   3.7917879e-24
   3.9951569e+02   3.8011185e-24
   4.0043698e+02   3.8105668e-24
   4.0136039e+02   3.8201335e-24
   4.0228593e+02   3.8298189e-24
   4.0321361e+02   3.8396235e-24
   4.0414342e+02   3.8495477e-24
   4.0507538e+02   3.8595921e-24
   4.0600948e+02   3.8697569e-24
   4.0694575e+02   3.8800428e-24
   4.0788417e+02   3.8904503e-24
   4.0882475e+02   3.9009796e-24
   4.0976750e+02   3.9116315e-24
   4.1071243e+02   3.9224064e-24
   4.1165954e+02   3.9333048e-24
   4.1260883e+02   3.9443274e-24
   4.1356030e+02   3.9554748e-24
   4.1451398e+02   3.9667476e-24
   4.1546985e+02   3.9781466e-24
   4.1642793e+02   3.9896727e-24
   4.1738821e+02   4.0013268e-24
   4.1835071e+02   4.0131101e-24
   4.1931543e+02   4.0250238e-24
   4.2028238e+02   4.0370697e-24
   4.2125155e+02   4.0492497e-24
   4.2222296e+02   4.0615664e-24
   4.2319661e+02   4.0740231e-24
   4.2417251e+02   4.0866243e-24
   4.2515065e+02   4.0993760e-24
   4.2613105e+02   4.1122867e-24
   4.2711371e+02   4.1253689e-24
   4.2809864e+02   4.1386413e-24
   4.2908584e+02   4.1521333e-24
   4.3007531e+02   4.1658934e-24
   4.3106707e+02   4.1800068e-24
   4.3206111e+02   4.1946342e-24
   4.3305745e+02   4.2101110e-24
   4.3405608e+02   4.2272368e-24
   4.3505702e+02   4.2483377e-24
   4.3606027e+02   4.2828020e-24
   4.3706582e+02   4.4060264e-24
   4.3807370e+02   1.0571684e-22
   4.3908390e+02   4.4246618e-24
   4.4009643e+02   4.3372823e-24
   4.4111130e+02   4.3327632e-24
   4.4212851e+02   4.3408575e-24
   4.4314806e+02   4.3527017e-24
   4.4416996e+02   4.3660990e-24
   4.4519422e+02   4.3802965e-24
   4.4622084e+02   4.3949805e-24
   4.4724983e+02   4.4100013e-24
   4.4828119e+02   4.4252805e-24
   4.4931493e+02   4.4407738e-24
   4.5035105e+02   4.4564548e-24
   4.5138957e+02   4.4723068e-24
   4.5243047e+02   4.4883190e-24
   4.5347378e+02   4.5044842e-24
   4.5451950e+02   4.5207973e-24
   4.5556762e+02   4.5372549e-24
   4.5661816e+02   4.5538544e-24
   4.5767113e+02   4.5705941e-24
   4.5872652e+02   4.5874724e-24
   4.5978435e+02   4.6044886e-24
   4.6084462e+02   4.6216417e-24
   4.6190733e+02   4.6389312e-24
   4.6297249e+02   4.6563568e-24
   4.6404011e+02   4.6739181e-24
   4.6511019e+02   4.6916148e-24
   4.6618273e+02   4.7094468e-24
   4.6725776e+02   4.7274140e-24
   4.6833526e+02   4.7455163e-24
   4.6941524e+02   4.7637536e-24
   4.7049772e+02   4.7821259e-24
   4.7158269e+02   4.8006332e-24
   4.7267016e+02   4.8192756e-24
   4.7376014e+02   4.8380529e-24
   4.7485264e+02   4.8569653e-24
   4.7594765e+02   4.8760128e-24
   4.7704519e+02   4.8951955e-24
   4.7814526e+02   4.9145133e-24
   4.7924786e+02   4.9339664e-24
   4.8035301e+02   4.9535547e-24
   4.8146071e+02   4.9732784e-24
   4.8257096e+02   4.9931376e-24
   4.8368378e+02   5.0131322e-24
   4.8479915e+02   5.0332623e-24
   4.8591711e+02   5.0535281e-24
   4.8703763e+02   5.0739295e-24
   4.8816075e+02   5.0944667e-24
   4.8928645e+02   5.1151397e-24
   4.9041475e+02   5.1359485e-24
   4.9154565e+02   5.1568933e-24
   4.9267916e+02   5.1779740e-24
   4.9381528e+02   5.1991909e-24
   4.9495402e+02   5.2205438e-24
   4.9609539e+02   5.2420330e-24
   4.9723939e+02   5.2636584e-24
   4.9838602e+02   5.2854201e-24
   4.9953531e+02   5.3073183e-24
   5.0068724e+02   5.3293528e-24
   5.0184183e+02   5.3515239e-24
   5.0299908e+02   5.3738316e-24
   5.0415900e+02   5.3962759e-24
   5.0532159e+02   5.4188569e-24
   5.0648687e+02   5.4415747e-24
   5.0765483e+02   5.4644293e-24
   5.0882549e+02   5.4874208e-24
   5.0999884e+02   5.5105492e-24
   5.1117490e+02   5.5338147e-24
   5.1235368e+02   5.5572172e-24
   5.1353517e+02   5.5807568e-24
   5.1471938e+02   5.6044336e-24
   5.1590633e+02   5.6282476e-24
   5.1709601e+02   5.6521990e-24
   5.1828844e+02   5.6762877e-24
   5.1948362e+02   5.7005139e-24
   5.2068155e+02   5.7248775e-24
   5.2188225e+02   5.7493786e-24
   5.2308571e+02   5.7740174e-24
   5.2429195e+02   5.7987938e-24
   5.2550097e+02   5.8237080e-24
   5.2671278e+02   5.8487599e-24
   5.2792739e+02   5.8739496e-24
   5.2914479e+02   5.8992772e-24
   5.3036500e+02   5.9247428e-24
   5.3158803e+02   5.9503464e-24
   5.3281387e+02   5.9760880e-24
   5.3404255e+02   6.0019678e-24
   5.3527405e+02   6.0279858e-24
   5.3650840e+02   6.0541420e-24
   5.3774559e+02   6.0804365e-24
   5.3898564e+02   6.1068694e-24
   5.4022854e+02   6.1334407e-24
   5.4147431e+02   6.1601506e-24
   5.4272296e+02   6.1869989e-24
   5.4397448e+02   6.2139859e-24
   5.4522889e+02   6.2411115e-24
   5.4648619e+02   6.2683759e-24
   5.4774639e+02   6.2957790e-24
   5.4900950e+02   6.3233211e-24
   5.5027552e+02   6.3510020e-24
   5.5154446e+02   6.3788220e-24
   5.5281633e+02   6.4067809e-24
   5.5409112e+02   6.4348790e-24
   5.5536886e+02   6.4631163e-24
   5.5664955e+02   6.4914928e-24
   5.5793319e+02   6.5200087e-24
   5.5921978e+02   6.5486639e-24
   5.6050935e+02   6.5774585e-24
   5.6180189e+02   6.6063927e-24
   5.6309741e+02   6.6354664e-24
   5.6439591e+02   6.6646798e-24
   5.6569742e+02   6.6940329e-24
   5.6700192e+02   6.7235258e-24
   5.6830943e+02   6.7531586e-24
   5.6961995e+02   6.7829312e-24
   5.7093350e+02   6.8128439e-24
   5.7225008e+02   6.8428967e-24
   5.7356969e+02   6.8730895e-24
   5.7489235e+02   6.9034226e-24
   5.7621806e+02   6.9338960e-24
   5.7754682e+02   6.9645098e-24
   5.7887865e+02   6.9952640e-24
   5.8021354e+02   7.0261587e-24
   5.8155152e+02   7.0571940e-24
   5.8289258e+02   7.0883700e-24
   5.8423674e+02   7.1196867e-24
   5.8558399e+02   7.1511442e-24
   5.8693435e+02   7.1827427e-24
   5.8828783e+02   7.2144821e-24
   5.8964443e+02   7.2463626e-24
   5.9100415e+02   7.2783842e-24
   5.9236701e+02   7.3105471e-24
   5.9373301e+02   7.3428512e-24
   5.9510217e+02   7.3752968e-24
   5.9647448e+02   7.4078838e-24
   5.9784995e+02   7.4406124e-24
   5.9922860e+02   7.4734826e-24
   6.0061042e+02   7.5064946e-24
   6.0199543e+02   7.5396483e-24
   6.0338364e+02   7.5729440e-24
   6.0477505e+02   7.6063817e-24
   6.0616966e+02   7.6399614e-24
   6.0756750e+02   7.6736833e-24
   6.0896855e+02   7.7075475e-24
   6.1037284e+02   7.7415540e-24
   6.1178036e+02   7.7757029e-24
   6.1319113e+02   7.8099944e-24
   6.1460516e+02   7.8444285e-24
   6.1602244e+02   7.8790054e-24
   6.1744299e+02   7.9137250e-24
   6.1886682e+02   7.9485875e-24
   6.2029393e+02   7.9835931e-24
   6.2172433e+02   8.0187417e-24
   6.2315804e+02   8.0540335e-24
   6.2459504e+02   8.0894687e-24
   6.2603536e+02   8.1250472e-24
   6.2747901e+02   8.1607692e-24
   6.2892598e+02   8.1966347e-24
   6.3037629e+02   8.2326440e-24
   6.3182994e+02   8.2687971e-24
   6.3328694e+02   8.3050940e-24
   6.3474731e+02   8.3415349e-24
   6.3621104e+02   8.3781200e-24
   6.3767815e+02   8.4148492e-24
   6.3914864e+02   8.4517227e-24
   6.4062252e+02   8.4887407e-24
   6.4209980e+02   8.5259031e-24
   6.4358049e+02   8.5632101e-24
   6.4506459e+02   8.6006619e-24
   6.4655211e+02   8.6382585e-24
   6.4804307e+02   8.6760001e-24
   6.4953746e+02   8.7138867e-24
   6.5103530e+02   8.7519184e-24
   6.5253659e+02   8.7900954e-24
   6.5404134e+02   8.8284178e-24
   6.5554957e+02   8.8668857e-24
   6.5706127e+02   8.9054992e-24
   6.5857646e+02   8.9442583e-24
   6.6009514e+02   8.9831633e-24
   6.6161732e+02   9.0222143e-24
   6.6314302e+02   9.0614113e-24
   6.6467223e+02   9.1007544e-24
   6.6620497e+02   9.1402438e-24
   6.6774125e+02   9.1798797e-24
   6.6928106e+02   9.2196620e-24
   6.7082443e+02   9.2595910e-24
   6.7237136e+02   9.2996667e-24
   6.7392185e+02   9.3398892e-24
   6.7547592e+02   9.3802588e-24
   6.7703357e+02   9.4207754e-24
   6.7859481e+02   9.4614393e-24
   6.8015966e+02   9.5022505e-24
   6.8172811e+02   9.5432092e-24
   6.8330018e+02   9.5843155e-24
   6.8487588e+02   9.6255694e-24
   6.8645521e+02   9.6669712e-24
   6.8803818e+02   9.7085209e-24
   6.8962480e+02   9.7502187e-24
   6.9121508e+02   9.7920647e-24
   6.9280903e+02   9.8340590e-24
   6.9440665e+02   9.8762018e-24
   6.9600796e+02   9.9184931e-24
   6.9761296e+02   9.9609332e-24
   6.9922166e+02   1.0003522e-23
   7.0083407e+02   1.0046260e-23
   7.0245020e+02   1.0089147e-23
   7.0407005e+02   1.0132183e-23
   7.0569364e+02   1.0175368e-23
   7.0732098e+02   1.0218703e-23
   7.0895207e+02   1.0262187e-23
   7.1058691e+02   1.0305822e-23
   7.1222553e+02   1.0349606e-23
   7.1386793e+02   1.0393540e-23
   7.1551412e+02   1.0437624e-23
   7.1716410e+02   1.0481858e-23
   7.1881788e+02   1.0526243e-23
   7.2047548e+02   1.0570778e-23
   7.2213690e+02   1.0615464e-23
   7.2380216e+02   1.0660301e-23
   7.2547125e+02   1.0705288e-23
   7.2714419e+02   1.0750427e-23
   7.2882099e+02   1.0795717e-23
   7.3050166e+02   1.0841158e-23
   7.3218620e+02   1.0886750e-23
   7.3387463e+02   1.0932494e-23
   7.3556695e+02   1.0978390e-23
   7.3726317e+02   1.1024438e-23
   7.3896331e+02   1.1070638e-23
   7.4066736e+02   1.1116990e-23
   7.4237535e+02   1.1163494e-23
   7.4408727e+02   1.1210150e-23
   7.4580314e+02   1.1256959e-23
   7.4752297e+02   1.1303921e-23
   7.4924676e+02   1.1351035e-23
   7.5097453e+02   1.1398303e-23
   7.5270628e+02   1.1445724e-23
   7.5444203e+02   1.1493297e-23
   7.5618178e+02   1.1541025e-23
   7.5792554e+02   1.1588905e-23
   7.5967332e+02   1.1636940e-23
   7.6142514e+02   1.1685128e-23
   7.6318099e+02   1.1733470e-23
   7.6494089e+02   1.1781966e-23
   7.6670485e+02   1.1830617e-23
   7.6847288e+02   1.1879422e-23
   7.7024498e+02   1.1928381e-23
   7.7202117e+02   1.1977495e-23
   7.7380146e+02   1.2026764e-23
   7.7558585e+02   1.2076188e-23
   7.7737436e+02   1.2125767e-23
   7.7916699e+02   1.2175501e-23
   7.8096375e+02   1.2225391e-23
   7.8276466e+02   1.2275436e-23
   7.8456972e+02   1.2325637e-23
   7.8637895e+02   1.2375994e-23
   7.8819234e+02   1.2426507e-23
   7.9000992e+02   1.2477175e-23
   7.9183169e+02   1.2528000e-23
   7.9365766e+02   1.2578982e-23
   7.9548784e+02   1.2630120e-23
   7.9732224e+02   1.2681415e-23
   7.9916087e+02   1.2732867e-23
   8.0100374e+02   1.2784476e-23
   8.0285086e+02   1.2836242e-23
   8.0470224e+02   1.2888165e-23
   8.0655789e+02   1.2940246e-23
   8.0841782e+02   1.2992484e-23
   8.1028204e+02   1.3044881e-23
   8.1215056e+02   1.3097435e-23
   8.1402338e+02   1.3150147e-23
   8.1590052e+02   1.3203018e-23
   8.1778200e+02   1.3256047e-23
   8.1966781e+02   1.3309235e-23
   8.2155797e+02   1.3362581e-23
   8.2345249e+02   1.3416087e-23
   8.2535138e+02   1.3469752e-23
   8.2725464e+02   1.3523576e-23
   8.2916230e+02   1.3577559e-23
   8.3107435e+02   1.3631703e-23
   8.3299082e+02   1.3686006e-23
   8.3491170e+02   1.3740470e-23
   8.3683701e+02   1.3795094e-23
   8.3876676e+02   1.3849880e-23
   8.4070097e+02   1.3904828e-23
   8.4263963e+02   1.3959938e-23
   8.4458276e+02   1.4015213e-23
   8.4653038e+02   1.4070655e-23
   8.4848248e+02   1.4126269e-23
   8.5043909e+02   1.4182069e-23
   8.5240021e+02   1.4238087e-23
   8.5436585e+02   1.4294446e-23
   8.5633603e+02   1.4351933e-23
   8.5831074e+02   1.4455509e-23
   8.6029001e+02   1.4467651e-23
   8.6227385e+02   1.4520608e-23
   8.6426226e+02   1.4576976e-23
   8.6625525e+02   1.4633855e-23
   8.6825285e+02   1.4690986e-23
   8.7025504e+02   1.4748314e-23
   8.7226186e+02   1.4805819e-23
   8.7427330e+02   1.4863495e-23
   8.7628938e+02   1.4921338e-23
   8.7831011e+02   1.4979348e-23
   8.8033550e+02   1.5037522e-23
   8.8236556e+02   1.5095861e-23
   8.8440030e+02   1.5154365e-23
   8.8643974e+02   1.5213033e-23
   8.8848387e+02   1.5271866e-23
   8.9053272e+02   1.5330863e-23
   8.9258630e+02   1.5390025e-23
   8.9464461e+02   1.5449352e-23
   8.9670767e+02   1.5508844e-23
   8.9877548e+02   1.5568500e-23
   9.0084807e+02   1.5628322e-23
   9.0292543e+02   1.5688309e-23
   9.0500758e+02   1.5748462e-23
   9.0709454e+02   1.5808780e-23
   9.0918630e+02   1.5869264e-23
   9.1128289e+02   1.5929914e-23
   9.1338432e+02   1.5990730e-23
   9.1549059e+02   1.6051713e-23
   9.1760172e+02   1.6112861e-23
   9.1971771e+02   1.6174177e-23
   9.2183859e+02   1.6235659e-23
   9.2396436e+02   1.6297308e-23
   9.2609503e+02   1.6359124e-23
   9.2823061e+02   1.6421108e-23
   9.3037112e+02   1.6483259e-23
   9.3251656e+02   1.6545577e-23
   9.3466695e+02   1.6608064e-23
   9.3682230e+02   1.6670718e-23
   9.3898262e+02   1.6733541e-23
   9.4114792e+02   1.6796532e-23
   9.4331821e+02   1.6859691e-23
   9.4549351e+02   1.6923019e-23
   9.4767383e+02   1.6986516e-23
   9.4985917e+02   1.7050182e-23
   9.5204955e+02   1.7114017e-23
   9.5424499e+02   1.7178021e-23
   9.5644548e+02   1.7242195e-23
   9.5865105e+02   1.7306539e-23
   9.6086171e+02   1.7371052e-23
   9.6307746e+02   1.7435736e-23
   9.6529833e+02   1.7500590e-23
   9.6752431e+02   1.7565614e-23
   9.6975543e+02   1.7630809e-23
   9.7199169e+02   1.7696175e-23
   9.7423312e+02   1.7761711e-23
   9.7647970e+02   1.7827419e-23
   9.7873147e+02   1.7893298e-23
   9.8098844e+02   1.7959349e-23
   9.8325060e+02   1.8025571e-23
   9.8551799e+02   1.8091966e-23
   9.8779060e+02   1.8158532e-23
   9.9006845e+02   1.8225271e-23
   9.9235156e+02   1.8292182e-23
   9.9463993e+02   1.8359265e-23
   9.9693357e+02   1.8426522e-23
   9.9923251e+02   1.8493951e-23
   1.0015367e+03   1.8561554e-23
   1.0038463e+03   1.8629330e-23
   1.0061612e+03   1.8697279e-23
   1.0084814e+03   1.8765402e-23
   1.0108070e+03   1.8833700e-23
   1.0131379e+03   1.8902171e-23
   1.0154742e+03   1.8970816e-23
   1.0178159e+03   1.9039636e-23
   1.0201630e+03   1.9108631e-23
   1.0225155e+03   1.9177801e-23
   1.0248734e+03   1.9247146e-23
   1.0272368e+03   1.9316666e-23
   1.0296056e+03   1.9386361e-23
   1.0319799e+03   1.9456232e-23
   1.0343596e+03   1.9526279e-23
   1.0367449e+03   1.9596502e-23
   1.0391356e+03   1.9666901e-23
   1.0415319e+03   1.9737477e-23
   1.0439336e+03   1.9808229e-23
   1.0463410e+03   1.9879158e-23
   1.0487538e+03   1.9950264e-23
   1.0511723e+03   2.0021547e-23
   1.0535963e+03   2.0093008e-23
   1.0560259e+03   2.0164646e-23
   1.0584611e+03   2.0236463e-23
   1.0609019e+03   2.0308457e-23
   1.0633483e+03   2.0380629e-23
   1.0658004e+03   2.0452980e-23
   1.0682582e+03   2.0525509e-23
   1.0707216e+03   2.0598218e-23
   1.0731907e+03   2.0671105e-23
   1.0756655e+03   2.0744172e-23
   1.0781460e+03   2.0817418e-23
   1.0806322e+03   2.0890843e-23
   1.0831241e+03   2.0964449e-23
   1.0856218e+03   2.1038234e-23
   1.0881253e+03   2.1112200e-23
   1.0906345e+03   2.1186347e-23
   1.0931495e+03   2.1260674e-23
   1.0956703e+03   2.1335182e-23
   1.0981969e+03   2.1409871e-23
   1.1007294e+03   2.1484741e-23
   1.1032677e+03   2.1559793e-23
   1.1058118e+03   2.1635027e-23
   1.1083618e+03   2.1710442e-23
   1.1109177e+03   2.1786040e-23
   1.1134795e+03   2.1861821e-23
   1.1160472e+03   2.1937783e-23
   1.1186208e+03   2.2013929e-23
   1.1212004e+03   2.2090258e-23
   1.1237859e+03   2.2166770e-23
   1.1263773e+03   2.2243465e-23
   1.1289747e+03   2.2320345e-23
   1.1315782e+03   2.2397408e-23
   1.1341876e+03   2.2474655e-23
   1.1368030e+03   2.2552087e-23
   1.1394245e+03   2.2629703e-23
   1.1420520e+03   2.2707504e-23
   1.1446856e+03   2.2785491e-23
   1.1473253e+03   2.2863662e-23
   1.1499710e+03   2.2942019e-23
   1.1526229e+03   2.3020562e-23
   1.1552808e+03   2.3099291e-23
   1.1579449e+03   2.3178206e-23
   1.1606151e+03   2.3257307e-23
   1.1632915e+03   2.3336595e-23
   1.1659741e+03   2.3416070e-23
   1.1686628e+03   2.3495732e-23
   1.1713578e+03   2.3575581e-23
   1.1740589e+03   2.3655618e-23
   1.1767663e+03   2.3735843e-23
   1.1794800e+03   2.3816256e-23
   1.1821998e+03   2.3896857e-23
   1.1849260e+03   2.3977647e-23
   1.1876585e+03   2.4058625e-23
   1.1903972e+03   2.4139793e-23
   1.1931423e+03   2.4221150e-23
   1.1958937e+03   2.4302696e-23
   1.1986514e+03   2.4384433e-23
   1.2014155e+03   2.4466359e-23
   1.2041860e+03   2.4548476e-23
   1.2069628e+03   2.4630783e-23
   1.2097461e+03   2.4713281e-23
   1.2125358e+03   2.4795970e-23
   1.2153319e+03   2.4878851e-23
   1.2181345e+03   2.4961924e-23
   1.2209435e+03   2.5045190e-23
   1.2237590e+03   2.5128648e-23
   1.2265810e+03   2.5212302e-23
   1.2294095e+03   2.5296154e-23
   1.2322445e+03   2.5380212e-23
   1.2350861e+03   2.5464508e-23
   1.2379342e+03   2.5549280e-23
   1.2407889e+03   2.5749809e-23
   1.2436502e+03   2.5718827e-23
   1.2465180e+03   2.5803352e-23
   1.2493925e+03   2.5888466e-23
   1.2522736e+03   2.5973827e-23
   1.2551614e+03   2.6059398e-23
   1.2580558e+03   2.6145170e-23
   1.2609569e+03   2.6231140e-23
   1.2638646e+03   2.6317307e-23
   1.2667791e+03   2.6403671e-23
   1.2697003e+03   2.6490231e-23
   1.2726283e+03   2.6576988e-23
   1.2755630e+03   2.6663942e-23
   1.2785044e+03   2.6751093e-23
   1.2814527e+03   2.6838441e-23
   1.2844077e+03   2.6925987e-23
   1.2873696e+03   2.7013731e-23
   1.2903382e+03   2.7101673e-23
   1.2933138e+03   2.7189814e-23
   1.2962962e+03   2.7278153e-23
   1.2992854e+03   2.7366690e-23
   1.3022816e+03   2.7455428e-23
   1.3052847e+03   2.7544364e-23
   1.3082947e+03   2.7633500e-23
   1.3113116e+03   2.7722837e-23
   1.3143355e+03   2.7812374e-23
   1.3173664e+03   2.7902111e-23
   1.3204042e+03   2.7992049e-23
   1.3234491e+03   2.8082189e-23
   1.3265010e+03   2.8172529e-23
   1.3295599e+03   2.8263072e-23
   1.3326259e+03   2.8353817e-23
   1.3356989e+03   2.8444764e-23
   1.3387790e+03   2.8535914e-23
   1.3418663e+03   2.8627266e-23
   1.3449606e+03   2.8718822e-23
   1.3480621e+03   2.8810582e-23
   1.3511708e+03   2.8902545e-23
   1.3542866e+03   2.8994713e-23
   1.3574096e+03   2.9087084e-23
   1.3605398e+03   2.9179661e-23
   1.3636772e+03   2.9272443e-23
   1.3668218e+03   2.9365430e-23
   1.3699737e+03   2.9458623e-23
   1.3731329e+03   2.9552021e-23
   1.3762993e+03   2.9645626e-23
   1.3794731e+03   2.9739438e-23
   1.3826542e+03   2.9833457e-23
   1.3858426e+03   2.9927682e-23
   1.3890384e+03   3.0022116e-23
   1.3922415e+03   3.0116757e-23
   1.3954520e+03   3.0211606e-23
   1.3986699e+03   3.0306664e-23
   1.4018953e+03   3.0401931e-23
   1.4051281e+03   3.0497407e-23
   1.4083683e+03   3.0593092e-23
   1.4116160e+03   3.0688987e-23
   1.4148712e+03   3.0785092e-23
   1.4181339e+03   3.0881408e-23
   1.4214041e+03   3.0977934e-23
   1.4246819e+03   3.1074672e-23
   1.4279672e+03   3.1171621e-23
   1.4312601e+03   3.1268782e-23
   1.4345606e+03   3.1366154e-23
   1.4378687e+03   3.1463740e-23
   1.4411845e+03   3.1561538e-23
   1.4445079e+03   3.1659549e-23
   1.4478389e+03   3.1757774e-23
   1.4511776e+03   3.1856212e-23
   1.4545241e+03   3.1954865e-23
   1.4578782e+03   3.2053732e-23
   1.4612401e+03   3.2152814e-23
   1.4646097e+03   3.2252111e-23
   1.4679871e+03   3.2351624e-23
   1.4713723e+03   3.2451352e-23
   1.4747653e+03   3.2551297e-23
   1.4781661e+03   3.2651458e-23
   1.4815748e+03   3.2751837e-23
   1.4849913e+03   3.2852432e-23
   1.4884157e+03   3.2953245e-23
   1.4918480e+03   3.3054277e-23
   1.4952882e+03   3.3155526e-23
   1.4987364e+03   3.3256995e-23
   1.5021925e+03   3.3358682e-23
   1.5056565e+03   3.3460589e-23
   1.5091286e+03   3.3562716e-23
   1.5126086e+03   3.3665063e-23
   1.5160967e+03   3.3767630e-23
   1.5195929e+03   3.3870419e-23
   1.5230970e+03   3.3973429e-23
   1.5266093e+03   3.4076660e-23
   1.5301297e+03   3.4180114e-23
   1.5336582e+03   3.4283790e-23
   1.5371948e+03   3.4387689e-23
   1.5407396e+03   3.4491811e-23
   1.5442926e+03   3.4596157e-23
   1.5478537e+03   3.4700728e-23
   1.5514231e+03   3.4805522e-23
   1.5550007e+03   3.4910542e-23
   1.5585865e+03   3.5015789e-23
   1.5621806e+03   3.5121263e-23
   1.5657830e+03   3.5226969e-23
   1.5693937e+03   3.5332924e-23
   1.5730128e+03   3.5439288e-23
   1.5766401e+03   3.5554890e-23
   1.5802759e+03   3.5652140e-23
   1.5839200e+03   3.5758863e-23
   1.5875725e+03   3.5865899e-23
   1.5912335e+03   3.5973178e-23
   1.5949029e+03   3.6080691e-23
   1.5985807e+03   3.6188434e-23
   1.6022671e+03   3.6296409e-23
   1.6059619e+03   3.6404614e-23
   1.6096653e+03   3.6513050e-23
   1.6133772e+03   3.6621718e-23
   1.6170976e+03   3.6730617e-23
   1.6208267e+03   3.6839748e-23
   1.6245643e+03   3.6949111e-23
   1.6283106e+03   3.7058708e-23
   1.6320655e+03   3.7168537e-23
   1.6358290e+03   3.7278600e-23
   1.6396013e+03   3.7388898e-23
   1.6433822e+03   3.7499429e-23
   1.6471719e+03   3.7610196e-23
   1.6509702e+03   3.7721198e-23
   1.6547774e+03   3.7832436e-23
   1.6585933e+03   3.7943910e-23
   1.6624181e+03   3.8055620e-23
   1.6662516e+03   3.8167568e-23
   1.6700940e+03   3.8279753e-23
   1.6739452e+03   3.8392176e-23
   1.6778054e+03   3.8504837e-23
   1.6816744e+03   3.8617737e-23
   1.6855524e+03   3.8730876e-23
   1.6894393e+03   3.8844256e-23
   1.6933351e+03   3.8957875e-23
   1.6972400e+03   3.9071734e-23
   1.7011538e+03   3.9185835e-23
   1.7050767e+03   3.9300178e-23
   1.7090086e+03   3.9414762e-23
   1.7129496e+03   3.9529588e-23
   1.7168997e+03   3.9644658e-23
   1.7208588e+03   3.9759971e-23
   1.7248272e+03   3.9875527e-23
   1.7288046e+03   3.9991328e-23
   1.7327913e+03   4.0107373e-23
   1.7367871e+03   4.0223664e-23
   1.7407921e+03   4.0340200e-23
   1.7448064e+03   4.0456982e-23
   1.7488300e+03   4.0574011e-23
   1.7528628e+03   4.0691287e-23
   1.7569049e+03   4.0808810e-23
   1.7609563e+03   4.0926582e-23
   1.7650171e+03   4.1044602e-23
   1.7690872e+03   4.1162870e-23
   1.7731668e+03   4.1281388e-23
   1.7772557e+03   4.1400157e-23
   1.7813541e+03   4.1519175e-23
   1.7854619e+03   4.1638444e-23
   1.7895792e+03   4.1757965e-23
   1.7937060e+03   4.1877737e-23
   1.7978423e+03   4.1997762e-23
   1.8019881e+03   4.2118040e-23
   1.8061435e+03   4.2238571e-23
   1.8103085e+03   4.2359356e-23
   1.8144831e+03   4.2480395e-23
   1.8186673e+03   4.2601689e-23
   1.8228611e+03   4.2723238e-23
   1.8270647e+03   4.2845043e-23
   1.8312779e+03   4.2967105e-23
   1.8355008e+03   4.3089423e-23
   1.8397335e+03   4.3211999e-23
   1.8439759e+03   4.3334832e-23
   1.8482282e+03   4.3457924e-23
   1.8524902e+03   4.3581275e-23
   1.8567621e+03   4.3704886e-23
   1.8610438e+03   4.3828756e-23
   1.8653353e+03   4.3952887e-23
   1.8696368e+03   4.4077278e-23
   1.8739482e+03   4.4201932e-23
   1.8782696e+03   4.4326848e-23
   1.8826009e+03   4.4452027e-23
   1.8869422e+03   4.4577472e-23
   1.8912935e+03   4.4703189e-23
   1.8956548e+03   4.4829280e-23
   1.9000262e+03   4.4955801e-23
   1.9044077e+03   4.5081898e-23
   1.9087992e+03   4.5208641e-23
   1.9132009e+03   4.5335667e-23
   1.9176128e+03   4.5462962e-23
   1.9220348e+03   4.5590525e-23
   1.9264671e+03   4.5718357e-23
   1.9309095e+03   4.5846458e-23
   1.9353622e+03   4.5974827e-23
   1.9398252e+03   4.6103467e-23
   1.9442984e+03   4.6232376e-23
   1.9487820e+03   4.6361556e-23
   1.9532759e+03   4.6491008e-23
   1.9577802e+03   4.6620731e-23
   1.9622948e+03   4.6750727e-23
   1.9668199e+03   4.6880996e-23
   1.9713554e+03   4.7011538e-23
   1.9759013e+03   4.7142354e-23
   1.9804578e+03   4.7273445e-23
   1.9850247e+03   4.7404811e-23
   1.9896022e+03   4.7536453e-23
   1.9941903e+03   4.7668371e-23
   1.9987889e+03   4.7800566e-23
   2.0033981e+03   4.7933039e-23
   2.0080179e+03   4.8065790e-23
   2.0126484e+03   4.8198819e-23
   2.0172896e+03   4.8332128e-23
   2.0219415e+03   4.8465716e-23
   2.0266041e+03   4.8599585e-23
   2.0312775e+03   4.8733735e-23
   2.0359616e+03   4.8868167e-23
   2.0406566e+03   4.9002881e-23
   2.0453623e+03   4.9137877e-23
   2.0500790e+03   4.9273157e-23
   2.0548065e+03   4.9408721e-23
   2.0595449e+03   4.9544570e-23
   2.0642942e+03   4.9680704e-23
   2.0690545e+03   4.9817123e-23
   2.0738257e+03   4.9953830e-23
   2.0786080e+03   5.0090823e-23
   2.0834013e+03   5.0228103e-23
   2.0882056e+03   5.0365672e-23
   2.0930210e+03   5.0503530e-23
   2.0978475e+03   5.0641678e-23
   2.1026852e+03   5.0780115e-23
   2.1075340e+03   5.0918844e-23
   2.1123940e+03   5.1057863e-23
   2.1172652e+03   5.1197175e-23
   2.1221476e+03   5.1336779e-23
   2.1270413e+03   5.1476677e-23
   2.1319463e+03   5.1616868e-23
   2.1368626e+03   5.1757354e-23
   2.1417902e+03   5.1898135e-23
   2.1467292e+03   5.2039212e-23
   2.1516796e+03   5.2180585e-23
   2.1566413e+03   5.2322255e-23
   2.1616146e+03   5.2464223e-23
   2.1665993e+03   5.2606490e-23
   2.1715955e+03   5.2749055e-23
   2.1766032e+03   5.2891920e-23
   2.1816224e+03   5.3035086e-23
   2.1866533e+03   5.3178552e-23
   2.1916957e+03   5.3322320e-23
   2.1967498e+03   5.3466390e-23
   2.2018155e+03   5.3610763e-23
   2.2068929e+03   5.3755440e-23
   2.2119820e+03   5.3900421e-23
   2.2170829e+03   5.4045707e-23
   2.2221955e+03   5.4191299e-23
   2.2273199e+03   5.4337197e-23
   2.2324561e+03   5.4483402e-23
   2.2376042e+03   5.4629915e-23
   2.2427641e+03   5.4776736e-23
   2.2479359e+03   5.4923868e-23
   2.2531197e+03   5.5071321e-23
   2.2583154e+03   5.5219400e-23
   2.2635231e+03   5.5367123e-23
   2.2687428e+03   5.5515490e-23
   2.2739745e+03   5.5664173e-23
   2.2792183e+03   5.5813171e-23
   2.2844742e+03   5.5962482e-23
   2.2897422e+03   5.6112109e-23
   2.2950224e+03   5.6262050e-23
   2.3003147e+03   5.6412307e-23
   2.3056193e+03   5.6562881e-23
   2.3109361e+03   5.6713773e-23
   2.3162651e+03   5.6864982e-23
   2.3216064e+03   5.7016510e-23
   2.3269601e+03   5.7168357e-23
   2.3323261e+03   5.7320525e-23
   2.3377044e+03   5.7473013e-23
   2.3430952e+03   5.7625823e-23
   2.3484984e+03   5.7778955e-23
   2.3539140e+03   5.7932410e-23
   2.3593422e+03   5.8086189e-23
   2.3647828e+03   5.8240293e-23
   2.3702360e+03   5.8394721e-23
   2.3757018e+03   5.8549476e-23
   2.3811802e+03   5.8704557e-23
   2.3866712e+03   5.8859965e-23
   2.3921749e+03   5.9015702e-23
   2.3976913e+03   5.9171767e-23
   2.4032204e+03   5.9328162e-23
   2.4087622e+03   5.9484888e-23
   2.4143168e+03   5.9641944e-23
   2.4198843e+03   5.9799333e-23
   2.4254646e+03   5.9957053e-23
   2.4310577e+03   6.0115108e-23
   2.4366637e+03   6.0273496e-23
   2.4422827e+03   6.0432219e-23
   2.4479146e+03   6.0591278e-23
   2.4535595e+03   6.0750673e-23
   2.4592175e+03   6.0910405e-23
   2.4648884e+03   6.1070475e-23
   2.4705725e+03   6.1230883e-23
   2.4762696e+03   6.1391631e-23
   2.4819799e+03   6.1552720e-23
   2.4877034e+03   6.1714149e-23
   2.4934401e+03   6.1875920e-23
   2.4991900e+03   6.2038033e-23
   2.5049531e+03   6.2200490e-23
   2.5107295e+03   6.2363291e-23
   2.5165193e+03   6.2526436e-23
   2.5223224e+03   6.2689928e-23
   2.5281389e+03   6.2853765e-23
   2.5339688e+03   6.3017950e-23
   2.5398122e+03   6.3182483e-23
   2.5456690e+03   6.3347365e-23
   2.5515393e+03   6.3512596e-23
   2.5574232e+03   6.3678178e-23
   2.5633206e+03   6.3844111e-23
   2.5692317e+03   6.4010396e-23
   2.5751563e+03   6.4177034e-23
   2.5810947e+03   6.4344025e-23
   2.5870467e+03   6.4511371e-23
   2.5930124e+03   6.4679072e-23
   2.5989920e+03   6.4847129e-23
   2.6049852e+03   6.5015543e-23
   2.6109924e+03   6.5184315e-23
   2.6170133e+03   6.5353445e-23
   2.6230482e+03   6.5522935e-23
   2.6290970e+03   6.5692785e-23
   2.6351597e+03   6.5862996e-23
   2.6412364e+03   6.6033568e-23
   2.6473271e+03   6.6204504e-23
   2.6534318e+03   6.6375803e-23
   2.6595507e+03   6.6547472e-23
   2.6656836e+03   6.6719508e-23
   2.6718307e+03   6.6891889e-23
   2.6779920e+03   6.7064650e-23
   2.6841674e+03   6.7237778e-23
   2.6903571e+03   6.7411276e-23
   2.6965611e+03   6.7585143e-23
   2.7027794e+03   6.7759380e-23
   2.7090121e+03   6.7933988e-23
   2.7152591e+03   6.8108968e-23
   2.7215205e+03   6.8284321e-23
   2.7277963e+03   6.8460048e-23
   2.7340866e+03   6.8636150e-23
   2.7403915e+03   6.8812627e-23
   2.7467108e+03   6.8989481e-23
   2.7530448e+03   6.9166712e-23
   2.7593933e+03   6.9344322e-23
   2.7657565e+03   6.9522310e-23
   2.7721343e+03   6.9700678e-23
   2.7785269e+03   6.9879427e-23
   2.7849342e+03   7.0058558e-23
   2.7913563e+03   7.0238071e-23
   2.7977932e+03   7.0417967e-23
   2.8042449e+03   7.0598248e-23
   2.8107115e+03   7.0778914e-23
   2.8171930e+03   7.0959966e-23
   2.8236895e+03   7.1141404e-23
   2.8302010e+03   7.1323231e-23
   2.8367274e+03   7.1505446e-23
   2.8432689e+03   7.1688051e-23
   2.8498255e+03   7.1871047e-23
   2.8563972e+03   7.2054434e-23
   2.8629841e+03   7.2238213e-23
   2.8695862e+03   7.2422386e-23
   2.8762035e+03   7.2606953e-23
   2.8828360e+03   7.2791915e-23
   2.8894839e+03   7.2977273e-23
   2.8961470e+03   7.3163028e-23
   2.9028256e+03   7.3349181e-23
   2.9095195e+03   7.3535733e-23
   2.9162289e+03   7.3722689e-23
   2.9229537e+03   7.3910046e-23
   2.9296941e+03   7.4097804e-23
   2.9364500e+03   7.4285965e-23
   2.9432215e+03   7.4474530e-23
   2.9500085e+03   7.4663499e-23
   2.9568113e+03   7.4852874e-23
   2.9636297e+03   7.5042655e-23
   2.9704639e+03   7.5232843e-23
   2.9773138e+03   7.5423439e-23
   2.9841795e+03   7.5614445e-23
   2.9910610e+03   7.5805861e-23
   2.9979584e+03   7.5997688e-23
   3.0048718e+03   7.6189927e-23
   3.0118010e+03   7.6382579e-23
   3.0187463e+03   7.6575645e-23
   3.0257075e+03   7.6769127e-23
   3.0326848e+03   7.6963024e-23
   3.0396782e+03   7.7157338e-23
   3.0466877e+03   7.7352070e-23
   3.0537134e+03   7.7547221e-23
   3.0607553e+03   7.7742792e-23
   3.0678134e+03   7.7938784e-23
   3.0748878e+03   7.8135197e-23
   3.0819785e+03   7.8332034e-23
   3.0890856e+03   7.8529295e-23
   3.0962091e+03   7.8727022e-23
   3.1033489e+03   7.8925091e-23
   3.1105053e+03   7.9123629e-23
   3.1176781e+03   7.9322594e-23
   3.1248675e+03   7.9521989e-23
   3.1320735e+03   7.9721813e-23
   3.1392961e+03   7.9922069e-23
   3.1465353e+03   8.0122756e-23
   3.1537913e+03   8.0323876e-23
   3.1610639e+03   8.0525431e-23
   3.1683534e+03   8.0727420e-23
   3.1756596e+03   8.0929845e-23
   3.1829827e+03   8.1132707e-23
   3.1903227e+03   8.1336007e-23
   3.1976796e+03   8.1539747e-23
   3.2050535e+03   8.1743926e-23
   3.2124443e+03   8.1948547e-23
   3.2198523e+03   8.2153610e-23
   3.2272773e+03   8.2359116e-23
   3.2347194e+03   8.2565066e-23
   3.2421787e+03   8.2771461e-23
   3.2496552e+03   8.2978303e-23
   3.2571489e+03   8.3185593e-23
   3.2646599e+03   8.3393331e-23
   3.2721882e+03   8.3601518e-23
   3.2797339e+03   8.3810156e-23
   3.2872970e+03   8.4019246e-23
   3.2948776e+03   8.4228788e-23
   3.3024756e+03   8.4438785e-23
   3.3100911e+03   8.4649236e-23
   3.3177242e+03   8.4860143e-23
   3.3253749e+03   8.5071507e-23
   3.3330432e+03   8.5283329e-23
   3.3407293e+03   8.5495610e-23
   3.3484330e+03   8.5708352e-23
   3.3561545e+03   8.5921555e-23
   3.3638938e+03   8.6135221e-23
   3.3716510e+03   8.6349350e-23
   3.3794261e+03   8.6563943e-23
   3.3872190e+03   8.6779003e-23
   3.3950300e+03   8.6994529e-23
   3.4028590e+03   8.7210523e-23
   3.4107060e+03   8.7426986e-23
   3.4185711e+03   8.7643920e-23
   3.4264543e+03   8.7861324e-23
   3.4343558e+03   8.8079201e-23
   3.4422754e+03   8.8297552e-23
   3.4502133e+03   8.8516377e-23
   3.4581695e+03   8.8735678e-23
   3.4661441e+03   8.8955456e-23
   3.4741371e+03   8.9175712e-23
   3.4821485e+03   8.9396447e-23
   3.4901783e+03   8.9617662e-23
   3.4982267e+03   8.9839358e-23
   3.5062936e+03   9.0061537e-23
   3.5143792e+03   9.0284200e-23
   3.5224834e+03   9.0507348e-23
   3.5306062e+03   9.0730982e-23
   3.5387478e+03   9.0955108e-23
   3.5469082e+03   9.1179712e-23
   3.5550874e+03   9.1404810e-23
   3.5632855e+03   9.1630399e-23
   3.5715024e+03   9.1856479e-23
   3.5797383e+03   9.2083053e-23
   3.5879932e+03   9.2310121e-23
   3.5962672e+03   9.2537684e-23
   3.6045602e+03   9.2765743e-23
   3.6128724e+03   9.2994300e-23
   3.6212037e+03   9.3223356e-23
   3.6295542e+03   9.3452912e-23
   3.6379240e+03   9.3682971e-23
   3.6463130e+03   9.3913536e-23
   3.6547215e+03   9.4144604e-23
   3.6631493e+03   9.4376178e-23
   3.6715965e+03   9.4608257e-23
   3.6800633e+03   9.4840843e-23
   3.6885495e+03   9.5073938e-23
   3.6970553e+03   9.5307542e-23
   3.7055808e+03   9.5541656e-23
   3.7141259e+03   9.5776283e-23
   3.7226907e+03   9.6011423e-23
   3.7312752e+03   9.6247077e-23
   3.7398796e+03   9.6483247e-23
   3.7485038e+03   9.6719933e-23
   3.7571479e+03   9.6957138e-23
   3.7658119e+03   9.7194862e-23
   3.7744959e+03   9.7433106e-23
   3.7831999e+03   9.7671872e-23
   3.7919240e+03   9.7911161e-23
   3.8006682e+03   9.8150974e-23
   3.8094325e+03   9.8391312e-23
   3.8182171e+03   9.8632178e-23
   3.8270220e+03   9.8873571e-23
   3.8358471e+03   9.9115493e-23
   3.8446926e+03   9.9357946e-23
   3.8535585e+03   9.9600930e-23
   3.8624448e+03   9.9844448e-23
   3.8713516e+03   1.0008850e-22
   3.8802790e+03   1.0033309e-22
   3.8892270e+03   1.0057821e-22
   3.8981955e+03   1.0082387e-22
   3.9071848e+03   1.0107007e-22
   3.9161948e+03   1.0131681e-22
   3.9252256e+03   1.0156410e-22
   3.9342772e+03   1.0181192e-22
   3.9433497e+03   1.0206030e-22
   3.9524431e+03   1.0230921e-22
   3.9615574e+03   1.0255868e-22
   3.9706928e+03   1.0280869e-22
   3.9798493e+03   1.0305938e-22
   3.9890268e+03   1.0331036e-22
   3.9982255e+03   1.0356203e-22
   4.0074455e+03   1.0381425e-22
   4.0166867e+03   1.0406702e-22
   4.0259492e+03   1.0432035e-22
   4.0352331e+03   1.0457424e-22
   4.0445383e+03   1.0482868e-22
   4.0538651e+03   1.0508369e-22
   4.0632133e+03   1.0533925e-22
   4.0725831e+03   1.0559538e-22
   4.0819745e+03   1.0585208e-22
   4.0913876e+03   1.0610934e-22
   4.1008224e+03   1.0636716e-22
   4.1102789e+03   1.0662556e-22
   4.1197572e+03   1.0688452e-22
   4.1292574e+03   1.0714406e-22
   4.1387795e+03   1.0740416e-22
   4.1483236e+03   1.0766484e-22
   4.1578896e+03   1.0792610e-22
   4.1674778e+03   1.0818793e-22
   4.1770880e+03   1.0845034e-22
   4.1867204e+03   1.0871333e-22
   4.1963750e+03   1.0897690e-22
   4.2060519e+03   1.0924105e-22
   4.2157511e+03   1.0950578e-22
   4.2254726e+03   1.0977110e-22
   4.2352166e+03   1.1003700e-22
   4.2449830e+03   1.1030349e-22
   4.2547720e+03   1.1057057e-22
   4.2645835e+03   1.1083824e-22
   4.2744177e+03   1.1110651e-22
   4.2842745e+03   1.1137536e-22
   4.2941541e+03   1.1164481e-22
   4.3040565e+03   1.1191485e-22
   4.3139816e+03   1.1218549e-22
   4.3239297e+03   1.1245673e-22
   4.3339007e+03   1.1272857e-22
   4.3438947e+03   1.1300101e-22
   4.3539118e+03   1.1327406e-22
   4.3639519e+03   1.1354770e-22
   4.3740153e+03   1.1382196e-22
   4.3841018e+03   1.1409682e-22
   4.3942115e+03   1.1437229e-22
   4.4043446e+03   1.1464837e-22
   4.4145011e+03   1.1492506e-22
   4.4246810e+03   1.1520236e-22
   4.4348843e+03   1.1548028e-22
   4.4451112e+03   1.1575881e-22
   4.4553616e+03   1.1603796e-22
   4.4656357e+03   1.1631773e-22
   4.4759335e+03   1.1659812e-22
   4.4862551e+03   1.1687913e-22
   4.4966004e+03   1.1716076e-22
   4.5069696e+03   1.1744302e-22
   4.5173627e+03   1.1772591e-22
   4.5277798e+03   1.1800942e-22
   4.5382209e+03   1.1829356e-22
   4.5486860e+03   1.1857833e-22
   4.5591753e+03   1.1886373e-22
   4.5696888e+03   1.1914977e-22
   4.5802266e+03   1.1943644e-22
   4.5907886e+03   1.1972375e-22
   4.6013750e+03   1.2001169e-22
   4.6119858e+03   1.2030028e-22
   4.6226211e+03   1.2058951e-22
   4.6332809e+03   1.2087937e-22
   4.6439653e+03   1.2116989e-22
   4.6546743e+03   1.2146105e-22
   4.6654080e+03   1.2175285e-22
   4.6761665e+03   1.2204531e-22
   4.6869497e+03   1.2233841e-22
   4.6977579e+03   1.2263217e-22
   4.7085910e+03   1.2292657e-22
   4.7194490e+03   1.2322164e-22
   4.7303321e+03   1.2351736e-22
   4.7412403e+03   1.2381374e-22
   4.7521736e+03   1.2411077e-22
   4.7631321e+03   1.2440847e-22
   4.7741160e+03   1.2470683e-22
   4.7851251e+03   1.2500587e-22
   4.7961597e+03   1.2530555e-22
   4.8072196e+03   1.2560591e-22
   4.8183051e+03   1.2590693e-22
   4.8294162e+03   1.2620863e-22
   4.8405528e+03   1.2651100e-22
   4.8517152e+03   1.2681404e-22
   4.8629033e+03   1.2711776e-22
   4.8741172e+03   1.2742216e-22
   4.8853569e+03   1.2772723e-22
   4.8966226e+03   1.2803298e-22
   4.9079142e+03   1.2833942e-22
   4.9192319e+03   1.2864654e-22
   4.9305757e+03   1.2895434e-22
   4.9419457e+03   1.2926283e-22
   4.9533418e+03   1.2957201e-22
   4.9647643e+03   1.2988187e-22
   4.9762131e+03   1.3019243e-22
   4.9876882e+03   1.3050368e-22
   4.9991899e+03   1.3081563e-22
   5.0107181e+03   1.3112827e-22
   5.0222728e+03   1.3144161e-22
   5.0338542e+03   1.3175565e-22
   5.0454623e+03   1.3207039e-22
   5.0570972e+03   1.3238583e-22
   5.0687589e+03   1.3270198e-22
   5.0804475e+03   1.3301883e-22
   5.0921630e+03   1.3333639e-22
   5.1039056e+03   1.3365467e-22
   5.1156753e+03   1.3397365e-22
   5.1274720e+03   1.3429335e-22
   5.1392960e+03   1.3461375e-22
   5.1511473e+03   1.3493488e-22
   5.1630259e+03   1.3525672e-22
   5.1749319e+03   1.3557929e-22
   5.1868653e+03   1.3590257e-22
   5.1988262e+03   1.3622658e-22
   5.2108148e+03   1.3655131e-22
   5.2228309e+03   1.3687677e-22
   5.2348748e+03   1.3720296e-22
   5.2469465e+03   1.3752987e-22
   5.2590460e+03   1.3785752e-22
   5.2711734e+03   1.3818590e-22
   5.2833288e+03   1.3851502e-22
   5.2955122e+03   1.3884487e-22
   5.3077236e+03   1.3917546e-22
   5.3199633e+03   1.3950679e-22
   5.3322312e+03   1.3983887e-22
   5.3445273e+03   1.4017169e-22
   5.3568519e+03   1.4050525e-22
   5.3692048e+03   1.4083956e-22
   5.3815862e+03   1.4117462e-22
   5.3939962e+03   1.4151043e-22
   5.4064348e+03   1.4184699e-22
   5.4189021e+03   1.4218431e-22
   5.4313981e+03   1.4252238e-22
   5.4439230e+03   1.4286121e-22
   5.4564767e+03   1.4320080e-22
   5.4690594e+03   1.4354115e-22
   5.4816711e+03   1.4388227e-22
   5.4943118e+03   1.4422415e-22
   5.5069818e+03   1.4456680e-22
   5.5196809e+03   1.4491021e-22
   5.5324093e+03   1.4525440e-22
   5.5451671e+03   1.4559936e-22
   5.5579543e+03   1.4594509e-22
   5.5707710e+03   1.4629160e-22
   5.5836172e+03   1.4663888e-22
   5.5964931e+03   1.4698695e-22
   5.6093986e+03   1.4733579e-22
   5.6223340e+03   1.4768542e-22
   5.6352991e+03   1.4803584e-22
   5.6482942e+03   1.4838704e-22
   5.6613192e+03   1.4873903e-22
   5.6743742e+03   1.4909182e-22
   5.6874594e+03   1.4944539e-22
   5.7005747e+03   1.4979976e-22
   5.7137202e+03   1.5015492e-22
   5.7268961e+03   1.5051089e-22
   5.7401024e+03   1.5086765e-22
   5.7533391e+03   1.5122521e-22
   5.7666064e+03   1.5158358e-22
   5.7799042e+03   1.5194276e-22
   5.7932327e+03   1.5230274e-22
   5.8065919e+03   1.5266353e-22
   5.8199820e+03   1.5302513e-22
   5.8334029e+03   1.5338755e-22
   5.8468548e+03   1.5375078e-22
   5.8603377e+03   1.5411483e-22
   5.8738517e+03   1.5447970e-22
   5.8873968e+03   1.5484538e-22
   5.9009732e+03   1.5521189e-22
   5.9145809e+03   1.5557923e-22
   5.9282199e+03   1.5594739e-22
   5.9418905e+03   1.5631638e-22
   5.9555925e+03   1.5668621e-22
   5.9693262e+03   1.5705686e-22
   5.9830915e+03   1.5742835e-22
   5.9968885e+03   1.5780068e-22
   6.0107174e+03   1.5817384e-22
   6.0245781e+03   1.5854785e-22
   6.0384709e+03   1.5892269e-22
   6.0523956e+03   1.5929838e-22
   6.0663525e+03   1.5967492e-22
   6.0803416e+03   1.6005231e-22
   6.0943629e+03   1.6043055e-22
   6.1084165e+03   1.6080963e-22
   6.1225026e+03   1.6118958e-22
   6.1366211e+03   1.6157038e-22
   6.1507722e+03   1.6195204e-22
   6.1649559e+03   1.6233456e-22
   6.1791724e+03   1.6271794e-22
   6.1934216e+03   1.6310218e-22
   6.2077037e+03   1.6348729e-22
   6.2220187e+03   1.6387328e-22
   6.2363667e+03   1.6426013e-22
   6.2507478e+03   1.6464785e-22
   6.2651621e+03   1.6503661e-22
   6.2796096e+03   1.6542592e-22
   6.2940904e+03   1.6581628e-22
   6.3086046e+03   1.6620751e-22
   6.3231523e+03   1.6659963e-22
   6.3377336e+03   1.6699263e-22
   6.3523484e+03   1.6738652e-22
   6.3669970e+03   1.6778130e-22
   6.3816793e+03   1.6817697e-22
   6.3963955e+03   1.6857354e-22
   6.4111457e+03   1.6897100e-22
   6.4259298e+03   1.6936935e-22
   6.4407481e+03   1.6976861e-22
   6.4556005e+03   1.7016877e-22
   6.4704871e+03   1.7056983e-22
   6.4854081e+03   1.7097180e-22
   6.5003635e+03   1.7137467e-22
   6.5153534e+03   1.7177846e-22
   6.5303779e+03   1.7218316e-22
   6.5454370e+03   1.7258877e-22
   6.5605308e+03   1.7299530e-22
   6.5756594e+03   1.7340275e-22
   6.5908230e+03   1.7381112e-22
   6.6060215e+03   1.7422041e-22
   6.6212550e+03   1.7463063e-22
   6.6365237e+03   1.7504178e-22
   6.6518275e+03   1.7545385e-22
   6.6671667e+03   1.7586686e-22
   6.6825412e+03   1.7628080e-22
   6.6979512e+03   1.7669568e-22
   6.7133968e+03   1.7711149e-22
   6.7288779e+03   1.7752825e-22
   6.7443947e+03   1.7794595e-22
   6.7599474e+03   1.7836459e-22
   6.7755359e+03   1.7878418e-22
   6.7911603e+03   1.7920472e-22
   6.8068208e+03   1.7962621e-22
   6.8225173e+03   1.8004866e-22
   6.8382501e+03   1.8047206e-22
   6.8540192e+03   1.8089642e-22
   6.8698246e+03   1.8132174e-22
   6.8856665e+03   1.8174803e-22
   6.9015449e+03   1.8217528e-22
   6.9174599e+03   1.8260349e-22
   6.9334116e+03   1.8303268e-22
   6.9494001e+03   1.8346284e-22
   6.9654255e+03   1.8389397e-22
   6.9814878e+03   1.8432608e-22
   6.9975872e+03   1.8475917e-22
   7.0137236e+03   1.8519324e-22
   7.0298973e+03   1.8562829e-22
   7.0461083e+03   1.8606432e-22
   7.0623567e+03   1.8650135e-22
   7.0786426e+03   1.8693937e-22
   7.0949660e+03   1.8737837e-22
   7.1113270e+03   1.8781838e-22
   7.1277258e+03   1.8825938e-22
   7.1441624e+03   1.8870138e-22
   7.1606369e+03   1.8914438e-22
   7.1771494e+03   1.8958839e-22
   7.1936999e+03   1.9003340e-22
   7.2102886e+03   1.9047942e-22
   7.2269156e+03   1.9092646e-22
   7.2435809e+03   1.9137450e-22
   7.2602847e+03   1.9182357e-22
   7.2770270e+03   1.9227365e-22
   7.2938079e+03   1.9272475e-22
   7.3106274e+03   1.9317687e-22
   7.3274858e+03   1.9363003e-22
   7.3443830e+03   1.9408420e-22
   7.3613192e+03   1.9453941e-22
   7.3782945e+03   1.9499566e-22
   7.3953089e+03   1.9545293e-22
   7.4123625e+03   1.9591125e-22
   7.4294555e+03   1.9637061e-22
   7.4465879e+03   1.9683100e-22
   7.4637598e+03   1.9729245e-22
   7.4809713e+03   1.9775494e-22
   7.4982224e+03   1.9821848e-22
   7.5155134e+03   1.9868307e-22
   7.5328442e+03   1.9914872e-22
   7.5502150e+03   1.9961542e-22
   7.5676259e+03   2.0008318e-22
   7.5850769e+03   2.0055201e-22
   7.6025681e+03   2.0102190e-22
   7.6200997e+03   2.0149286e-22
   7.6376717e+03   2.0196489e-22
   7.6552842e+03   2.0243799e-22
   7.6729374e+03   2.0291216e-22
   7.6906312e+03   2.0338741e-22
   7.7083659e+03   2.0386375e-22
   7.7261414e+03   2.0434116e-22
   7.7439580e+03   2.0481966e-22
   7.7618156e+03   2.0529924e-22
   7.7797144e+03   2.0577992e-22
   7.7976545e+03   2.0626169e-22
   7.8156359e+03   2.0674455e-22
   7.8336589e+03   2.0722851e-22
   7.8517233e+03   2.0771357e-22
   7.8698295e+03   2.0819973e-22
   7.8879774e+03   2.0868700e-22
   7.9061671e+03   2.0917538e-22
   7.9243988e+03   2.0966486e-22
   7.9426725e+03   2.1015546e-22
   7.9609884e+03   2.1064718e-22
   7.9793465e+03   2.1114001e-22
   7.9977469e+03   2.1163396e-22
   8.0161898e+03   2.1212904e-22
   8.0346752e+03   2.1262524e-22
   8.0532032e+03   2.1312263e-22
   8.0717739e+03   2.1362104e-22
   8.0903875e+03   2.1412064e-22
   8.1090440e+03   2.1462137e-22
   8.1277435e+03   2.1512324e-22
   8.1464861e+03   2.1562626e-22
   8.1652720e+03   2.1613041e-22
   8.1841012e+03   2.1663572e-22
   8.2029738e+03   2.1714218e-22
   8.2218899e+03   2.1764978e-22
   8.2408496e+03   2.1815855e-22
   8.2598531e+03   2.1866847e-22
   8.2789004e+03   2.1917955e-22
   8.2979916e+03   2.1969180e-22
   8.3171268e+03   2.2020521e-22
   8.3363062e+03   2.2071979e-22
   8.3555298e+03   2.2123554e-22
   8.3747977e+03   2.2175247e-22
   8.3941100e+03   2.2227057e-22
   8.4134669e+03   2.2278985e-22
   8.4328684e+03   2.2331032e-22
   8.4523147e+03   2.2383197e-22
   8.4718058e+03   2.2435481e-22
   8.4913419e+03   2.2487884e-22
   8.5109230e+03   2.2540406e-22
   8.5305492e+03   2.2593048e-22
   8.5502207e+03   2.2645810e-22
   8.5699376e+03   2.2698692e-22
   8.5896999e+03   2.2751694e-22
   8.6095078e+03   2.2804818e-22
   8.6293614e+03   2.2858062e-22
   8.6492608e+03   2.2911428e-22
   8.6692061e+03   2.2964915e-22
   8.6891973e+03   2.3018524e-22
   8.7092347e+03   2.3072255e-22
   8.7293182e+03   2.3126109e-22
   8.7494481e+03   2.3180085e-22
   8.7696244e+03   2.3234185e-22
   8.7898472e+03   2.3288408e-22
   8.8101167e+03   2.3342754e-22
   8.8304329e+03   2.3397224e-22
   8.8507959e+03   2.3451819e-22
   8.8712059e+03   2.3506538e-22
   8.8916630e+03   2.3561381e-22
   8.9121672e+03   2.3616350e-22
   8.9327188e+03   2.3671444e-22
   8.9533177e+03   2.3726664e-22
   8.9739641e+03   2.3782009e-22
   8.9946581e+03   2.3837481e-22
   9.0153999e+03   2.3893079e-22
   9.0361895e+03   2.3948804e-22
   9.0570270e+03   2.4004657e-22
   9.0779126e+03   2.4060636e-22
   9.0988463e+03   2.4116743e-22
   9.1198283e+03   2.4172979e-22
   9.1408587e+03   2.4229342e-22
   9.1619376e+03   2.4285834e-22
   9.1830651e+03   2.4342456e-22
   9.2042413e+03   2.4399206e-22
   9.2254664e+03   2.4456085e-22
   9.2467404e+03   2.4513095e-22
   9.2680634e+03   2.4570235e-22
   9.2894356e+03   2.4627504e-22
   9.3108571e+03   2.4684905e-22
   9.3323280e+03   2.4742437e-22
   9.3538485e+03   2.4800100e-22
   9.3754185e+03   2.4857894e-22
   9.3970383e+03   2.4915821e-22
   9.4187079e+03   2.4973880e-22
   9.4404276e+03   2.5032071e-22
   9.4621973e+03   2.5090395e-22
   9.4840172e+03   2.5148852e-22
   9.5058874e+03   2.5207443e-22
   9.5278080e+03   2.5266167e-22
   9.5497792e+03   2.5325026e-22
   9.5718011e+03   2.5384019e-22
   9.5938737e+03   2.5443147e-22
   9.6159973e+03   2.5502409e-22
   9.6381718e+03   2.5561807e-22
   9.6603975e+03   2.5621341e-22
   9.6826745e+03   2.5681011e-22
   9.7050028e+03   2.5740816e-22
   9.7273826e+03   2.5800759e-22
   9.7498140e+03   2.5860838e-22
   9.7722972e+03   2.5921055e-22
   9.7948322e+03   2.5981409e-22
   9.8174191e+03   2.6041901e-22
   9.8400582e+03   2.6102532e-22
   9.8627494e+03   2.6163300e-22
   9.8854930e+03   2.6224208e-22
   9.9082890e+03   2.6285255e-22
   9.9311376e+03   2.6346441e-22
   9.9540389e+03   2.6407767e-22
   9.9769930e+03   2.6469233e-22
   1.0000000e+04   2.6530840e-22
