1	3.4959517e-17
1.0030759	3.5445436e-17
1.0061612	3.5797734e-17
1.009256	3.614015e-17
1.0123603	3.6504608e-17
1.0154742	3.6716429e-17
1.0185976	3.6871157e-17
1.0217307	3.6883647e-17
1.0248734	3.6834732e-17
1.0280258	3.6800783e-17
1.0311878	3.6587344e-17
1.0343596	3.6084997e-17
1.0375412	3.563602e-17
1.0407325	3.5188827e-17
1.0439336	3.469602e-17
1.0471446	3.4371785e-17
1.0503655	3.3888855e-17
1.0535963	3.3157318e-17
1.056837	3.2470018e-17
1.0600877	3.1712648e-17
1.0633483	3.087957e-17
1.0666191	3.0202054e-17
1.0698998	2.9505079e-17
1.0731907	2.9116973e-17
1.0764917	3.57322e-17
1.0798028	2.7594654e-17
1.0831241	2.6421757e-17
1.0864557	2.575776e-17
1.0897974	2.4920429e-17
1.0931495	2.3891651e-17
1.0965119	2.3319724e-17
1.0998846	2.2203914e-17
1.1032677	2.1031537e-17
1.1066612	1.9886615e-17
1.1100651	1.8799226e-17
1.1134795	1.7725624e-17
1.1169044	1.6691904e-17
1.1203398	1.5665607e-17
1.1237859	1.4372542e-17
1.1272425	1.3175144e-17
1.1307097	1.2139412e-17
1.1341876	1.0931107e-17
1.1376762	9.9312304e-18
1.1411755	9.0383744e-18
1.1446856	8.0685165e-18
1.1482065	7.2896834e-18
1.1517382	6.5944124e-18
1.1552808	5.8741204e-18
1.1588343	5.3036304e-18
1.1623987	4.8143846e-18
1.1659741	4.3196346e-18
1.1695605	3.9234913e-18
1.1731579	3.5696483e-18
1.1767663	3.2172091e-18
1.1803859	2.9315338e-18
1.1840166	2.6752029e-18
1.1876585	2.4222586e-18
1.1913115	2.2146083e-18
1.1949758	2.0274262e-18
1.1986514	1.8438523e-18
1.2023383	1.6913211e-18
1.2060365	1.5532222e-18
1.2097461	1.4183668e-18
1.2134671	1.3089387e-18
1.2171996	1.2198492e-18
1.2209435	1.1319141e-18
1.2246989	1.0580208e-18
1.2284659	9.9047361e-19
1.2322445	9.2388876e-19
1.2360347	8.6756851e-19
1.2398366	8.159593e-19
1.2436502	7.65135e-19
1.2474755	7.2199171e-19
1.2513125	6.8241746e-19
1.2551614	6.4347148e-19
1.2590221	6.1044352e-19
1.2628946	5.8018524e-19
1.2667791	5.5041719e-19
1.2706756	5.2684611e-19
1.274584	5.097498e-19
1.2785044	4.9268484e-19
1.2824369	4.7950831e-19
1.2863815	4.6803701e-19
1.2903382	4.5658828e-19
1.2943071	4.4913141e-19
1.2982882	4.4343206e-19
1.3022816	4.3774174e-19
1.3062872	4.3703514e-19
1.3103052	4.3852212e-19
1.3143355	4.3998774e-19
1.3183782	4.4960421e-19
1.3224333	4.6278991e-19
1.326501	4.7586167e-19
1.3305811	5.07922e-19
1.3346738	5.4749336e-19
1.338779	5.8627033e-19
1.3428969	7.1210995e-19
1.3470275	8.6877495e-19
1.3511708	1.0128808e-18
1.3553268	1.2918467e-18
1.3594956	1.5597598e-18
1.3636772	1.7469222e-18
1.3678716	1.5978278e-18
1.372079	1.2049089e-18
1.3762993	6.4483565e-19
1.3805326	3.786656e-19
1.384779	3.0065822e-19
1.3890384	2.2220477e-19
1.3933108	1.7737594e-19
1.3975965	1.4873489e-19
1.4018953	1.2018016e-19
1.4062073	1.0146466e-19
1.4105326	8.7480478e-20
1.4148712	7.3563127e-20
1.4192231	6.3730086e-20
1.4235885	5.5881635e-20
1.4279672	4.8075377e-20
1.4323594	4.2294925e-20
1.4367652	3.751004e-20
1.4411845	3.2752428e-20
1.4456173	2.9114741e-20
1.4500639	2.6033701e-20
1.4545241	2.297098e-20
1.458998	2.0564403e-20
1.4634856	1.8470933e-20
1.4679871	1.6396948e-20
1.4725024	1.4744365e-20
1.4770316	1.3307572e-20
1.4815748	1.1884645e-20
1.4861319	1.0734948e-20
1.490703	9.726834e-21
1.4952882	8.728819e-21
1.4998875	7.9133097e-21
1.5045009	7.1934854e-21
1.5091286	6.4811642e-21
1.5137704	5.8936559e-21
1.5184266	5.3723522e-21
1.523097	4.8567215e-21
1.5277819	4.427426e-21
1.5324811	4.0434712e-21
1.5371948	3.6642325e-21
1.541923	3.3468604e-21
1.5466657	3.0631756e-21
1.5514231	2.7831688e-21
1.556195	2.5474971e-21
1.5609817	2.3362636e-21
1.565783	2.1279455e-21
1.5705991	1.9517487e-21
1.5754301	1.7934835e-21
1.5802759	1.6375691e-21
1.5851366	1.5051428e-21
1.5900122	1.3860039e-21
1.5949029	1.2687961e-21
1.5998086	1.169651e-21
1.6047294	1.0819537e-21
1.6096653	9.9549849e-22
1.6146164	9.2158867e-22
1.6195827	8.548937e-22
1.6245643	7.8927666e-22
1.6295613	7.3304959e-22
1.6345736	6.823078e-22
1.6396013	6.325172e-22
1.6446445	5.8977568e-22
1.6497031	5.5122186e-22
1.6547774	5.1351562e-22
1.6598673	4.8110387e-22
1.6649728	4.5189365e-22
1.670094	4.2343841e-22
1.675231	3.9931266e-22
1.6803837	3.7851087e-22
1.6855524	3.581382e-22
1.6907369	3.4053261e-22
1.6959373	3.2460976e-22
1.7011538	3.0907146e-22
1.7063863	2.955988e-22
1.7116349	2.8340186e-22
1.7168997	2.7153796e-22
1.7221806	2.6120006e-22
1.7274778	2.5181833e-22
1.7327913	2.4271518e-22
1.7381211	2.3472645e-22
1.7434673	2.2744561e-22
1.74883	2.2039064e-22
1.7542091	2.14115e-22
1.7596048	2.0829931e-22
1.7650171	2.0268125e-22
1.770446	1.976537e-22
1.7758917	1.9301478e-22
1.7813541	1.8852812e-22
1.7868333	1.8445885e-22
1.7923293	1.806686e-22
1.7978423	1.7699482e-22
1.8033722	1.7361548e-22
1.8089191	1.7043662e-22
1.8144831	1.6734705e-22
1.8200642	1.6446588e-22
1.8256624	1.6172969e-22
1.8312779	1.5906272e-22
1.8369106	1.5657619e-22
1.8425607	1.5425895e-22
1.8482282	1.5197469e-22
1.8539131	1.497821e-22
1.8596154	1.4765519e-22
1.8653353	1.455579e-22
1.8710728	1.4353243e-22
1.876828	1.415602e-22
1.8826009	1.3961488e-22
1.8883915	1.3772689e-22
1.8941999	1.358829e-22
1.9000262	1.3406365e-22
1.9058704	1.3229106e-22
1.9117326	1.3055556e-22
1.9176128	1.2884302e-22
1.9235111	1.2717024e-22
1.9294276	1.2553114e-22
1.9353622	1.2391291e-22
1.9413151	1.2232714e-22
1.9472863	1.207689e-22
1.9532759	1.1923044e-22
1.9592839	1.1772022e-22
1.9653104	1.1623463e-22
1.9713554	1.1476785e-22
1.977419	1.1332604e-22
1.9835012	1.1190655e-22
1.9896022	1.10505e-22
1.9957219	1.0912587e-22
2.0018605	1.0776721e-22
2.0080179	1.0642567e-22
2.0141943	1.0510267e-22
2.0203897	1.0379539e-22
2.0266041	1.025056e-22
2.0328377	1.012354e-22
2.0390904	9.9983559e-23
2.0453623	9.8748173e-23
2.0516536	9.7530618e-23
2.0579642	9.6330026e-23
2.0642942	9.5145009e-23
2.0706437	9.397645e-23
2.0770127	9.2823725e-23
2.0834013	9.1685804e-23
2.0898095	9.0563237e-23
2.0962375	8.9455568e-23
2.1026852	8.8362017e-23
2.1091528	8.7282835e-23
2.1156402	8.6217612e-23
2.1221476	8.5165935e-23
2.128675	8.412796e-23
2.1352226	8.3103418e-23
2.1417902	8.2091833e-23
2.148378	8.1093257e-23
2.1549861	8.0107479e-23
2.1616146	7.9134117e-23
2.1682634	7.8173153e-23
2.1749327	7.7224417e-23
2.1816224	7.6287592e-23
2.1883328	7.5362614e-23
2.1950638	7.4449344e-23
2.2018155	7.3547511e-23
2.208588	7.2657039e-23
2.2153813	7.1777819e-23
2.2221955	7.0909578e-23
2.2290306	7.0052209e-23
2.2358868	6.9205607e-23
2.2427641	6.8369561e-23
2.2496625	6.7543955e-23
2.2565822	6.6728695e-23
2.2635231	6.5923587e-23
2.2704854	6.5128511e-23
2.2774691	6.434338e-23
2.2844742	6.3568015e-23
2.2915009	6.2802295e-23
2.2985493	6.2046137e-23
2.3056193	6.1299377e-23
2.312711	6.0561906e-23
2.3198246	5.9833665e-23
2.3269601	5.9114456e-23
2.3341175	5.8404162e-23
2.3412969	5.770271e-23
2.3484984	5.7009954e-23
2.355722	5.6325778e-23
2.3629679	5.5650112e-23
2.370236	5.4982816e-23
2.3775265	5.4323777e-23
2.3848395	5.367293e-23
2.3921749	5.303014e-23
2.3995329	5.2395298e-23
2.4069135	5.1768339e-23
2.4143168	5.1149137e-23
2.4217429	5.053758e-23
2.4291919	4.9933602e-23
2.4366637	4.9337094e-23
2.4441586	4.8747951e-23
2.4516764	4.8166115e-23
2.4592175	4.7591468e-23
2.4667817	4.7023911e-23
2.4743691	4.6463386e-23
2.4819799	4.5909782e-23
2.4896142	4.5363002e-23
2.4972719	4.4822991e-23
2.5049531	4.4289643e-23
2.512658	4.3762863e-23
2.5203866	4.3242599e-23
2.5281389	4.2728749e-23
2.5359151	4.2221221e-23
2.5437152	4.1719965e-23
2.5515393	4.1224885e-23
2.5593875	4.0735892e-23
2.5672598	4.0252937e-23
2.5751563	3.9775928e-23
2.5830772	3.9304778e-23
2.5910223	3.8839442e-23
2.598992	3.837983e-23
2.6069861	3.7925859e-23
2.6150048	3.7477485e-23
2.6230482	3.7034622e-23
2.6311163	3.659719e-23
2.6392092	3.6165146e-23
2.6473271	3.5738408e-23
2.6554699	3.53169e-23
2.6636377	3.490058e-23
2.6718307	3.4489367e-23
2.6800489	3.408319e-23
2.6882923	3.3682007e-23
2.6965611	3.3285743e-23
2.7048554	3.2894326e-23
2.7131751	3.2507719e-23
2.7215205	3.2125847e-23
2.7298915	3.1748643e-23
2.7382882	3.1376068e-23
2.7467108	3.1008054e-23
2.7551593	3.0644535e-23
2.7636338	3.0285473e-23
2.7721343	2.9930802e-23
2.780661	2.9580459e-23
2.7892139	2.9234408e-23
2.7977932	2.8892586e-23
2.8063988	2.855493e-23
2.8150309	2.8221407e-23
2.8236895	2.7891956e-23
2.8323748	2.7566517e-23
2.8410868	2.7245058e-23
2.8498255	2.6927519e-23
2.8585912	2.6613844e-23
2.8673838	2.6304001e-23
2.8762035	2.5997933e-23
2.8850503	2.5695586e-23
2.8939243	2.5396929e-23
2.9028256	2.5101907e-23
2.9117543	2.4810467e-23
2.9207104	2.4522581e-23
2.9296941	2.4238196e-23
2.9387054	2.3957261e-23
2.9477444	2.3679747e-23
2.9568113	2.3405604e-23
2.965906	2.3134784e-23
2.9750287	2.2867259e-23
2.9841795	2.260298e-23
2.9933584	2.23419e-23
3.0025656	2.2083993e-23
3.011801	2.1829213e-23
3.0210649	2.1577514e-23
3.0303573	2.132887e-23
3.0396782	2.1083237e-23
3.0490278	2.0840571e-23
3.0584062	2.0600847e-23
3.0678134	2.0364023e-23
3.0772496	2.0130056e-23
3.0867148	1.9898923e-23
3.0962091	1.9670582e-23
3.1057326	1.9444993e-23
3.1152853	1.9222132e-23
3.1248675	1.9001961e-23
3.1344792	1.878444e-23
3.1441204	1.8569547e-23
3.1537913	1.8357244e-23
3.1634919	1.8147494e-23
3.1732223	1.7940274e-23
3.1829827	1.7735549e-23
3.1927731	1.7533281e-23
3.2025936	1.7333451e-23
3.2124443	1.7136024e-23
3.2223254	1.6940963e-23
3.2322368	1.674825e-23
3.2421787	1.6557851e-23
3.2521512	1.6369732e-23
3.2621543	1.6183874e-23
3.2721882	1.6000244e-23
3.282253	1.5818811e-23
3.2923488	1.5639554e-23
3.3024756	1.5462444e-23
3.3126335	1.528745e-23
3.3228227	1.5114552e-23
3.3330432	1.4943721e-23
3.3432952	1.4774928e-23
3.3535787	1.4608155e-23
3.3638938	1.4443373e-23
3.3742407	1.4280552e-23
3.3846194	1.4119678e-23
3.39503	1.3960721e-23
3.4054726	1.3803655e-23
3.4159474	1.3648462e-23
3.4264543	1.3495116e-23
3.4369936	1.3343591e-23
3.4475653	1.3193871e-23
3.4581695	1.3045931e-23
3.4688064	1.2899744e-23
3.4794759	1.2755295e-23
3.4901783	1.2612561e-23
3.5009136	1.2471516e-23
3.5116819	1.2332145e-23
3.5224834	1.2194426e-23
3.533318	1.2058333e-23
3.544186	1.1923854e-23
3.5550874	1.1790966e-23
3.5660224	1.1659645e-23
3.5769909	1.1529877e-23
3.5879932	1.1401643e-23
3.5990294	1.1274918e-23
3.6100995	1.114969e-23
3.6212037	1.1025938e-23
3.632342	1.0903641e-23
3.6435145	1.0782786e-23
3.6547215	1.0663353e-23
3.6659629	1.0545321e-23
3.6772389	1.0428679e-23
3.6885495	1.0313407e-23
3.699895	1.0199485e-23
3.7112753	1.0086902e-23
3.7226907	9.9756383e-24
3.7341412	9.8656756e-24
3.7456268	9.7570026e-24
3.7571479	9.6496015e-24
3.7687043	9.5434536e-24
3.7802963	9.4385482e-24
3.791924	9.3348684e-24
3.8035874	9.2323961e-24
3.8152867	9.131121e-24
3.827022	9.0310268e-24
3.8387933	8.9320962e-24
3.8506009	8.8343191e-24
3.8624448	8.73768e-24
3.8743251	8.6421621e-24
3.886242	8.5477559e-24
3.8981955	8.4544462e-24
3.9101858	8.362217e-24
3.922213	8.271059e-24
3.9342772	8.1809578e-24
3.9463785	8.0918979e-24
3.958517	8.0038704e-24
3.9706928	7.9168613e-24
3.9829061	7.8308558e-24
3.9951569	7.7458453e-24
4.0074455	7.6618163e-24
4.0197718	7.5787547e-24
4.0321361	7.496652e-24
4.0445383	7.4154955e-24
4.0569788	7.3352713e-24
4.0694575	7.2559714e-24
4.0819745	7.1775835e-24
4.0945301	7.1000944e-24
4.1071243	7.0234963e-24
4.1197572	6.9477774e-24
4.132429	6.8729249e-24
4.1451398	6.7989313e-24
4.1578896	6.7257853e-24
4.1706787	6.6534746e-24
4.1835071	6.5819919e-24
4.196375	6.5113265e-24
4.2092825	6.4414664e-24
4.2222296	6.3724047e-24
4.2352166	6.304131e-24
4.2482435	6.2366338e-24
4.2613105	6.1699065e-24
4.2744177	6.1039389e-24
4.2875652	6.0387202e-24
4.3007531	5.974244e-24
4.3139816	5.9105004e-24
4.3272508	5.847479e-24
4.3405608	5.7851737e-24
4.3539118	5.723575e-24
4.3673038	5.6626728e-24
4.380737	5.6024613e-24
4.3942115	5.5429313e-24
4.4077275	5.4840733e-24
4.4212851	5.4258814e-24
4.4348843	5.368347e-24
4.4485254	5.3114608e-24
4.4622084	5.2552173e-24
4.4759335	5.1996081e-24
4.4897009	5.1446242e-24
4.5035105	5.0902604e-24
4.5173627	5.0365087e-24
4.5312575	4.9833603e-24
4.545195	4.9308103e-24
4.5591753	4.8788509e-24
4.5731987	4.8274738e-24
4.5872652	4.7766741e-24
4.601375	4.7264445e-24
4.6155282	4.6767769e-24
4.6297249	4.6276666e-24
4.6439653	4.5791065e-24
4.6582494	4.531089e-24
4.6725776	4.4836094e-24
4.6869497	4.4366611e-24
4.7013661	4.3902366e-24
4.7158269	4.3443314e-24
4.7303321	4.2989392e-24
4.7448819	4.2540528e-24
4.7594765	4.209668e-24
4.774116	4.1657786e-24
4.7888005	4.1223777e-24
4.8035301	4.0794613e-24
4.8183051	4.0370234e-24
4.8331255	3.9950574e-24
4.8479915	3.9535594e-24
4.8629033	3.9125239e-24
4.8778609	3.8719443e-24
4.8928645	3.831817e-24
4.9079142	3.7921366e-24
4.9230103	3.752897e-24
4.9381528	3.7140946e-24
4.9533418	3.6757241e-24
4.9685776	3.6377798e-24
4.9838602	3.6002583e-24
4.9991899	3.5631545e-24
5.0145667	3.5264629e-24
5.0299908	3.4901803e-24
5.0454623	3.4543017e-24
5.0609814	3.418822e-24
5.0765483	3.3837379e-24
5.092163	3.349045e-24
5.1078258	3.314738e-24
5.1235368	3.2808141e-24
5.139296	3.2472688e-24
5.1551038	3.2140973e-24
5.1709601	3.1812967e-24
5.1868653	3.1488629e-24
5.2028193	3.1167911e-24
5.2188225	3.0850786e-24
5.2348748	3.0537215e-24
5.2509766	3.0227152e-24
5.2671278	2.9920572e-24
5.2833288	2.9617437e-24
5.2995795	2.9317704e-24
5.3158803	2.9021347e-24
5.3322312	2.8728331e-24
5.3486324	2.8438615e-24
5.365084	2.8152174e-24
5.3815862	2.7868976e-24
5.3981392	2.7588979e-24
5.4147431	2.7312162e-24
5.4313981	2.7038493e-24
5.4481043	2.6767933e-24
5.4648619	2.6500462e-24
5.4816711	2.6236048e-24
5.4985319	2.5974657e-24
5.5154446	2.5716268e-24
5.5324093	2.5460852e-24
5.5494262	2.5208376e-24
5.5664955	2.4958821e-24
5.5836172	2.471216e-24
5.6007916	2.4468362e-24
5.6180189	2.4227409e-24
5.6352991	2.3989277e-24
5.6526325	2.3753935e-24
5.6700192	2.3521369e-24
5.6874594	2.3291556e-24
5.7049532	2.3064468e-24
5.7225008	2.2840091e-24
5.7401024	2.2618404e-24
5.7577581	2.2399383e-24
5.7754682	2.2183016e-24
5.7932327	2.1969283e-24
5.8110519	2.1758162e-24
5.8289258	2.1549643e-24
5.8468548	2.1343709e-24
5.8648389	2.114034e-24
5.8828783	2.0939528e-24
5.9009732	2.0741258e-24
5.9191237	2.0545513e-24
5.9373301	2.0352285e-24
5.9555925	2.0161564e-24
5.9739111	1.9973332e-24
5.992286	1.9787587e-24
6.0107174	1.9604317e-24
6.0292055	1.942351e-24
6.0477505	1.9245163e-24
6.0663525	1.9069268e-24
6.0850117	1.8895813e-24
6.1037284	1.8724798e-24
6.1225026	1.8556216e-24
6.1413345	1.8390059e-24
6.1602244	1.8226326e-24
6.1791724	1.8065013e-24
6.1981786	1.7906112e-24
6.2172433	1.7749624e-24
6.2363667	1.7595546e-24
6.2555489	1.7443871e-24
6.2747901	1.7294602e-24
6.2940904	1.7147734e-24
6.3134501	1.7003263e-24
6.3328694	1.686119e-24
6.3523484	1.6721512e-24
6.3718874	1.6584222e-24
6.3914864	1.6449324e-24
6.4111457	1.6316812e-24
6.4308655	1.6186679e-24
6.4506459	1.6058927e-24
6.4704871	1.5933549e-24
6.4903894	1.5810538e-24
6.510353	1.5689891e-24
6.5303779	1.5571602e-24
6.5504644	1.545566e-24
6.5706127	1.5342059e-24
6.590823	1.5230791e-24
6.6110954	1.5121842e-24
6.6314302	1.5015203e-24
6.6518275	1.4910862e-24
6.6722876	1.4808801e-24
6.6928106	1.470901e-24
6.7133968	1.4611471e-24
6.7340462	1.4516163e-24
6.7547592	1.4423071e-24
6.7755359	1.4332174e-24
6.7963764	1.4243449e-24
6.8172811	1.4156874e-24
6.8382501	1.4072426e-24
6.8592836	1.3990076e-24
6.8803818	1.3909801e-24
6.9015449	1.3831574e-24
6.922773	1.3755362e-24
6.9440665	1.3681139e-24
6.9654255	1.3608873e-24
6.9868501	1.3538532e-24
7.0083407	1.3470084e-24
7.0298973	1.3403497e-24
7.0515203	1.3338735e-24
7.0732098	1.3275766e-24
7.094966	1.3214554e-24
7.1167891	1.3155063e-24
7.1386793	1.309726e-24
7.1606369	1.3041109e-24
7.182662	1.2986573e-24
7.2047548	1.2933617e-24
7.2269156	1.2882206e-24
7.2491446	1.2832303e-24
7.2714419	1.2783875e-24
7.2938079	1.2736887e-24
7.3162426	1.2691301e-24
7.3387463	1.2647087e-24
7.3613192	1.260421e-24
7.3839616	1.2562636e-24
7.4066736	1.2522333e-24
7.4294555	1.248327e-24
7.4523074	1.2445414e-24
7.4752297	1.2408736e-24
7.4982224	1.2373205e-24
7.5212859	1.2338792e-24
7.5444203	1.2305468e-24
7.5676259	1.2273207e-24
7.5909028	1.2241981e-24
7.6142514	1.2211763e-24
7.6376717	1.2182529e-24
7.6611641	1.2154252e-24
7.6847288	1.212691e-24
7.7083659	1.210048e-24
7.7320757	1.2074937e-24
7.7558585	1.2050261e-24
7.7797144	1.202643e-24
7.8036437	1.2003422e-24
7.8276466	1.1981218e-24
7.8517233	1.1959797e-24
7.8758741	1.193914e-24
7.9000992	1.1919227e-24
7.9243988	1.190004e-24
7.9487731	1.1881557e-24
7.9732224	1.1863762e-24
7.9977469	1.1846634e-24
8.0223468	1.1830153e-24
8.0470224	1.18143e-24
8.0717739	1.1799056e-24
8.0966016	1.1784399e-24
8.1215056	1.177031e-24
8.1464861	1.1756769e-24
8.1715436	1.1743755e-24
8.1966781	1.1731251e-24
8.2218899	1.1719238e-24
8.2471793	1.17077e-24
8.2725464	1.1696621e-24
8.2979916	1.1685989e-24
8.323515	1.1675792e-24
8.349117	1.166602e-24
8.3747977	1.1656666e-24
8.4005574	1.1647721e-24
8.4263963	1.1639181e-24
8.4523147	1.1631042e-24
8.4783128	1.1623297e-24
8.5043909	1.1615942e-24
8.5305492	1.1608972e-24
8.556788	1.1602383e-24
8.5831074	1.1596167e-24
8.6095078	1.1590321e-24
8.6359895	1.1584836e-24
8.6625525	1.1579705e-24
8.6891973	1.1574923e-24
8.7159241	1.157048e-24
8.742733	1.1566368e-24
8.7696244	1.156258e-24
8.7965985	1.1559107e-24
8.8236556	1.1555941e-24
8.8507959	1.1553074e-24
8.8780197	1.1550496e-24
8.9053272	1.15482e-24
8.9327188	1.1546177e-24
8.9601945	1.1544419e-24
8.9877548	1.1542918e-24
9.0153999	1.1541665e-24
9.04313	1.1540653e-24
9.0709454	1.1539874e-24
9.0988463	1.1539319e-24
9.1268331	1.1538982e-24
9.1549059	1.1538855e-24
9.1830651	1.153893e-24
9.2113109	1.1539201e-24
9.2396436	1.1539659e-24
9.2680634	1.1540299e-24
9.2965707	1.1541112e-24
9.3251656	1.1542093e-24
9.3538485	1.1543234e-24
9.3826196	1.154453e-24
9.4114792	1.1545973e-24
9.4404276	1.1547557e-24
9.469465	1.1549276e-24
9.4985917	1.1551124e-24
9.527808	1.1553094e-24
9.5571142	1.1555181e-24
9.5865105	1.155738e-24
9.6159973	1.1559683e-24
9.6455747	1.1562086e-24
9.6752431	1.1564582e-24
9.7050028	1.1567167e-24
9.734854	1.1569835e-24
9.764797	1.1572581e-24
9.7948322	1.1575399e-24
9.8249597	1.1578285e-24
9.8551799	1.1581232e-24
9.885493	1.1584237e-24
9.9158994	1.1587295e-24
9.9463993	1.15904e-24
9.976993	1.1593548e-24
10.007681	1.1596734e-24
10.038463	1.1599953e-24
10.06934	1.1603202e-24
10.100312	1.1606476e-24
10.131379	1.160977e-24
10.162542	1.161308e-24
10.1938	1.1616401e-24
10.225155	1.1619731e-24
10.256606	1.1623064e-24
10.288154	1.1626397e-24
10.319799	1.1629726e-24
10.351541	1.1633047e-24
10.383381	1.1636355e-24
10.415319	1.1639648e-24
10.447355	1.1642922e-24
10.479489	1.1646172e-24
10.511723	1.1649397e-24
10.544055	1.1652591e-24
10.576487	1.1655752e-24
10.609019	1.1658877e-24
10.641651	1.1661961e-24
10.674383	1.1665002e-24
10.707216	1.1667997e-24
10.74015	1.1670942e-24
10.773185	1.1673834e-24
10.806322	1.1676671e-24
10.83956	1.1679449e-24
10.872901	1.1682166e-24
10.906345	1.1684818e-24
10.939891	1.1687403e-24
10.973541	1.1689918e-24
11.007294	1.1692361e-24
11.041151	1.1694728e-24
11.075112	1.1697017e-24
11.109177	1.1699226e-24
11.143347	1.1701352e-24
11.177623	1.1703392e-24
11.212004	1.1705345e-24
11.24649	1.1707207e-24
11.281083	1.1708977e-24
11.315782	1.1710652e-24
11.350587	1.171223e-24
11.3855	1.1713709e-24
11.42052	1.1715086e-24
11.455648	1.1716359e-24
11.490884	1.1717527e-24
11.526229	1.1718587e-24
11.561682	1.1719538e-24
11.597244	1.1720377e-24
11.632915	1.1721103e-24
11.668696	1.1721713e-24
11.704588	1.1722206e-24
11.740589	1.1722579e-24
11.776702	1.1722832e-24
11.812925	1.1722963e-24
11.84926	1.1722969e-24
11.885707	1.1722849e-24
11.922265	1.1722602e-24
11.958937	1.1722226e-24
11.995721	1.1721719e-24
12.032618	1.172108e-24
12.069628	1.1720307e-24
12.106753	1.17194e-24
12.143991	1.1718355e-24
12.181345	1.1717173e-24
12.218813	1.1715852e-24
12.256396	1.171439e-24
12.294095	1.1712787e-24
12.33191	1.1711041e-24
12.369841	1.170915e-24
12.407889	1.1707114e-24
12.446054	1.1704932e-24
12.484336	1.1702601e-24
12.522736	1.1700123e-24
12.561254	1.1697495e-24
12.599891	1.1694716e-24
12.638646	1.1691785e-24
12.677521	1.1688703e-24
12.716515	1.1685467e-24
12.75563	1.1682077e-24
12.794864	1.1678533e-24
12.834219	1.1674832e-24
12.873696	1.1670976e-24
12.913293	1.1666964e-24
12.953013	1.1662793e-24
12.992854	1.1658465e-24
13.032818	1.1653981e-24
13.072906	1.1649336e-24
13.113116	1.1644534e-24
13.15345	1.1639575e-24
13.193908	1.1634453e-24
13.234491	1.1629176e-24
13.275198	1.1623744e-24
13.316031	1.1618144e-24
13.356989	1.1612395e-24
13.398073	1.1606506e-24
13.439284	1.1600451e-24
13.480621	1.1594226e-24
13.522086	1.1587843e-24
13.563678	1.1581333e-24
13.605398	1.1574676e-24
13.647246	1.1567861e-24
13.689223	1.1560918e-24
13.731329	1.1553837e-24
13.773565	1.1546617e-24
13.81593	1.1539284e-24
13.858426	1.1531834e-24
13.901052	1.152427e-24
13.94381	1.1516625e-24
13.986699	1.1508901e-24
14.02972	1.1501109e-24
14.072874	1.1493298e-24
14.11616	1.1485482e-24
14.159579	1.1477692e-24
14.203132	1.1470011e-24
14.246819	1.1462488e-24
14.29064	1.14552e-24
14.334596	1.1448325e-24
14.378687	1.1442012e-24
14.422914	1.1436484e-24
14.467277	1.143222e-24
14.511776	1.1429771e-24
14.556412	1.142992e-24
14.601186	1.1434485e-24
14.646097	1.1446364e-24
14.691146	1.1469239e-24
14.736334	1.1515401e-24
14.781661	1.161825e-24
14.827127	1.2613446e-24
14.872734	1.7966663e-24
14.91848	2.3391613e-24
14.964367	2.2230791e-24
15.010395	1.63027e-24
15.056565	1.2213844e-24
15.102877	1.1643246e-24
15.149331	1.1449616e-24
15.195929	1.1348374e-24
15.242669	1.1289179e-24
15.289553	1.1247276e-24
15.336582	1.1215216e-24
15.383755	1.1188481e-24
15.431073	1.1164977e-24
15.478537	1.1143686e-24
15.526147	1.1123821e-24
15.573903	1.1104871e-24
15.621806	1.1086578e-24
15.669857	1.1068724e-24
15.718055	1.1051143e-24
15.766401	1.1033747e-24
15.814897	1.1016459e-24
15.863541	1.0999211e-24
15.912335	1.0981968e-24
15.961279	1.0964698e-24
16.010374	1.0947369e-24
16.059619	1.0929967e-24
16.109016	1.0912475e-24
16.158565	1.0894879e-24
16.208267	1.087717e-24
16.258121	1.0859341e-24
16.308129	1.0841384e-24
16.35829	1.0823295e-24
16.408606	1.0805071e-24
16.459077	1.0786706e-24
16.509702	1.07682e-24
16.560484	1.0749551e-24
16.611422	1.0730755e-24
16.662516	1.0711814e-24
16.713768	1.0692727e-24
16.765177	1.0673492e-24
16.816744	1.0654109e-24
16.86847	1.0634581e-24
16.920355	1.0614904e-24
16.9724	1.0595082e-24
17.024604	1.0575115e-24
17.07697	1.0555002e-24
17.129496	1.0534746e-24
17.182184	1.0514349e-24
17.235034	1.0493808e-24
17.288046	1.0473129e-24
17.341222	1.0452315e-24
17.394561	1.043136e-24
17.448064	1.041027e-24
17.501732	1.0389053e-24
17.555565	1.0367703e-24
17.609563	1.034622e-24
17.663728	1.0324608e-24
17.718059	1.0302878e-24
17.772557	1.0281027e-24
17.827223	1.0259052e-24
17.882057	1.0236965e-24
17.93706	1.0214763e-24
17.992231	1.0192448e-24
18.047573	1.0170028e-24
18.103085	1.0147503e-24
18.158767	1.0124876e-24
18.214621	1.0102153e-24
18.270647	1.0079336e-24
18.326845	1.0056428e-24
18.383215	1.0033435e-24
18.439759	1.0010362e-24
18.496478	9.9872096e-25
18.55337	9.9639871e-25
18.610438	9.9406976e-25
18.667681	9.9173454e-25
18.7251	9.8939389e-25
18.782696	9.8704827e-25
18.840468	9.8469824e-25
18.898419	9.8234474e-25
18.956548	9.799884e-25
19.014856	9.7762992e-25
19.073343	9.7527046e-25
19.132009	9.7291085e-25
19.190857	9.7055203e-25
19.249885	9.6819547e-25
19.309095	9.6584233e-25
19.368487	9.6349395e-25
19.428062	9.611523e-25
19.48782	9.5881913e-25
19.547762	9.5649641e-25
19.607888	9.5418705e-25
19.668199	9.5189383e-25
19.728695	9.4961997e-25
19.789378	9.473701e-25
19.850247	9.4514915e-25
19.911304	9.4296284e-25
19.972548	9.4081948e-25
20.033981	9.3872878e-25
20.095603	9.3670225e-25
20.157414	9.3475691e-25
20.219415	9.3291484e-25
20.281607	9.312028e-25
20.343991	9.2966237e-25
20.406566	9.2835414e-25
20.469333	9.273537e-25
20.532294	9.2679022e-25
20.595449	9.2688281e-25
20.658797	9.2791188e-25
20.722341	9.3045534e-25
20.78608	9.357853e-25
20.850015	9.4653519e-25
20.914147	9.704677e-25
20.978475	1.0181556e-24
21.043002	1.1736513e-24
21.107728	1.63847e-24
21.172652	1.9943487e-24
21.237776	1.9378566e-24
21.3031	1.4601372e-24
21.368626	1.0029754e-24
21.434353	9.3094961e-25
21.500282	9.1146269e-25
21.566413	9.0023655e-25
21.632749	8.9235203e-25
21.699288	8.8641152e-25
21.766032	8.8173552e-25
21.832981	8.7781713e-25
21.900136	8.7441022e-25
21.967498	8.7137549e-25
22.035067	8.6860654e-25
22.102844	8.6603899e-25
22.170829	8.6363322e-25
22.239023	8.6135766e-25
22.307427	8.5919064e-25
22.376042	8.5711841e-25
22.444867	8.5512967e-25
22.513904	8.5321608e-25
22.583154	8.513724e-25
22.652617	8.4959429e-25
22.722293	8.4787841e-25
22.792183	8.4622284e-25
22.862289	8.4462601e-25
22.93261	8.4308673e-25
23.003147	8.4160449e-25
23.073902	8.4017899e-25
23.144874	8.3880999e-25
23.216064	8.3749768e-25
23.287474	8.3624229e-25
23.359102	8.3504406e-25
23.430952	8.3390348e-25
23.503022	8.3282102e-25
23.575314	8.3179714e-25
23.647828	8.3083241e-25
23.720566	8.2992739e-25
23.793527	8.2908257e-25
23.866712	8.2829853e-25
23.940123	8.275758e-25
24.013759	8.2691483e-25
24.087622	8.263161e-25
24.161712	8.2578005e-25
24.23603	8.2530703e-25
24.310577	8.2489739e-25
24.385353	8.2455142e-25
24.460359	8.2426931e-25
24.535595	8.2405125e-25
24.611063	8.2389734e-25
24.686763	8.2380761e-25
24.762696	8.2378203e-25
24.838863	8.2382053e-25
24.915264	8.2392291e-25
24.9919	8.2408896e-25
25.068771	8.2431837e-25
25.145879	8.2461074e-25
25.223224	8.2496564e-25
25.300807	8.2538255e-25
25.378629	8.2586086e-25
25.45669	8.2639993e-25
25.534991	8.2699901e-25
25.613533	8.2765731e-25
25.692317	8.2837396e-25
25.771343	8.2914804e-25
25.850612	8.2997854e-25
25.930124	8.3086441e-25
26.009882	8.3180453e-25
26.089885	8.3279774e-25
26.170133	8.338428e-25
26.250629	8.3493843e-25
26.331372	8.3608329e-25
26.412364	8.3727601e-25
26.493604	8.3851515e-25
26.575095	8.3979923e-25
26.656836	8.4112673e-25
26.738829	8.4249609e-25
26.821074	8.4390569e-25
26.903571	8.4535389e-25
26.986323	8.4683901e-25
27.069329	8.4835932e-25
27.152591	8.4991306e-25
27.236108	8.5149844e-25
27.319882	8.5311363e-25
27.403915	8.5475677e-25
27.488205	8.5642595e-25
27.572755	8.5811925e-25
27.657565	8.598347e-25
27.742636	8.6157032e-25
27.827968	8.6332406e-25
27.913563	8.6509388e-25
27.999421	8.6687769e-25
28.085543	8.6867336e-25
28.17193	8.7047876e-25
28.258583	8.7229171e-25
28.345503	8.7411001e-25
28.432689	8.7593142e-25
28.520144	8.777537e-25
28.607868	8.7957456e-25
28.695862	8.8139171e-25
28.784126	8.8320282e-25
28.872662	8.8500556e-25
28.96147	8.8679757e-25
29.050552	8.8857647e-25
29.139907	8.9033988e-25
29.229537	8.9208543e-25
29.319443	8.9381069e-25
29.409626	8.9551328e-25
29.500085	8.971908e-25
29.590824	8.9884085e-25
29.681841	9.0046105e-25
29.773138	9.02049e-25
29.864716	9.0360237e-25
29.956575	9.051188e-25
30.048718	9.0659598e-25
30.141143	9.0803163e-25
30.233853	9.0942348e-25
30.326848	9.1076933e-25
30.420129	9.1206699e-25
30.513697	9.1331434e-25
30.607553	9.145093e-25
30.701697	9.1564984e-25
30.796131	9.1673402e-25
30.890856	9.1775992e-25
30.985872	9.1872573e-25
31.08118	9.1962968e-25
31.176781	9.2047008e-25
31.272677	9.2124535e-25
31.368867	9.2195396e-25
31.465353	9.2259448e-25
31.562136	9.2316557e-25
31.659217	9.2366597e-25
31.756596	9.2409453e-25
31.854275	9.244502e-25
31.952254	9.2473201e-25
32.050535	9.249391e-25
32.149118	9.2507071e-25
32.248004	9.251262e-25
32.347194	9.25105e-25
32.446689	9.2500666e-25
32.546491	9.2483084e-25
32.646599	9.245773e-25
32.747015	9.242459e-25
32.847741	9.2383658e-25
32.948776	9.2334943e-25
33.050121	9.2278459e-25
33.151779	9.2214233e-25
33.253749	9.2142299e-25
33.356033	9.2062702e-25
33.458631	9.1975495e-25
33.561545	9.1880742e-25
33.664776	9.1778512e-25
33.768324	9.1668884e-25
33.87219	9.1551945e-25
33.976376	9.142779e-25
34.080883	9.1296519e-25
34.185711	9.1158242e-25
34.290861	9.1013072e-25
34.396335	9.086113e-25
34.502133	9.0702543e-25
34.608257	9.0537442e-25
34.714707	9.0365963e-25
34.821485	9.0188248e-25
34.92859	9.0004442e-25
35.036026	8.9814694e-25
35.143792	8.9619155e-25
35.251889	8.9417982e-25
35.360319	8.9211332e-25
35.469082	8.8999364e-25
35.57818	8.8782242e-25
35.687613	8.8560128e-25
35.797383	8.8333187e-25
35.907491	8.8101586e-25
36.017937	8.786549e-25
36.128724	8.7625066e-25
36.23985	8.738048e-25
36.351319	8.71319e-25
36.46313	8.687949e-25
36.575286	8.6623416e-25
36.687786	8.6363842e-25
36.800633	8.6100931e-25
36.913826	8.5834844e-25
37.027368	8.5565741e-25
37.141259	8.529378e-25
37.2555	8.5019118e-25
37.370093	8.4741907e-25
37.485038	8.4462301e-25
37.600336	8.4180447e-25
37.71599	8.3896494e-25
37.831999	8.3610584e-25
37.948365	8.332286e-25
38.065088	8.3033461e-25
38.182171	8.2742521e-25
38.299614	8.2450175e-25
38.417418	8.2156551e-25
38.535585	8.1861777e-25
38.654115	8.1565976e-25
38.773009	8.1269269e-25
38.89227	8.0971774e-25
39.011897	8.0673605e-25
39.131892	8.0374874e-25
39.252256	8.0075688e-25
39.37299	7.9776152e-25
39.494096	7.9476368e-25
39.615574	7.9176436e-25
39.737426	7.887645e-25
39.859653	7.8576504e-25
39.982255	7.8276686e-25
40.105235	7.7977083e-25
40.228593	7.767778e-25
40.352331	7.7378855e-25
40.476449	7.7080388e-25
40.600948	7.6782453e-25
40.725831	7.6485122e-25
40.851098	7.6188464e-25
40.97675	7.5892547e-25
41.102789	7.5597433e-25
41.229215	7.5303185e-25
41.35603	7.5009861e-25
41.483236	7.4717517e-25
41.610832	7.4426208e-25
41.738821	7.4135985e-25
41.867204	7.3846897e-25
41.995982	7.3558991e-25
42.125155	7.3272312e-25
42.254726	7.2986903e-25
42.384696	7.2702803e-25
42.515065	7.2420052e-25
42.645835	7.2138687e-25
42.777008	7.1858741e-25
42.908584	7.1580247e-25
43.040565	7.1303238e-25
43.172951	7.1027741e-25
43.305745	7.0753785e-25
43.438947	7.0481397e-25
43.572559	7.02106e-25
43.706582	6.9941419e-25
43.841018	6.9673875e-25
43.975866	6.9407991e-25
44.11113	6.9143786e-25
44.24681	6.8881283e-25
44.382906	6.8620501e-25
44.519422	6.8361465e-25
44.656357	6.8104207e-25
44.793714	6.784876e-25
44.931493	6.7595182e-25
45.069696	6.7343627e-25
45.208324	6.7094905e-25
45.347378	6.6854373e-25
45.48686	6.6619169e-25
45.626772	6.6375732e-25
45.767113	6.6128109e-25
45.907886	6.5881234e-25
46.049092	6.5636698e-25
46.190733	6.5393579e-25
46.332809	6.5154211e-25
46.475322	6.4918901e-25
46.618273	6.468601e-25
46.761665	6.4455092e-25
46.905497	6.4226057e-25
47.049772	6.3998867e-25
47.19449	6.3773501e-25
47.339654	6.3549945e-25
47.485264	6.3328188e-25
47.631321	6.3108222e-25
47.777829	6.2890038e-25
47.924786	6.2673629e-25
48.072196	6.2458989e-25
48.22006	6.2246109e-25
48.368378	6.2034982e-25
48.517152	6.1825601e-25
48.666384	6.1617958e-25
48.816075	6.1412044e-25
48.966226	6.1207851e-25
49.116839	6.1005369e-25
49.267916	6.080459e-25
49.419457	6.0605505e-25
49.571464	6.0408104e-25
49.723939	6.0212376e-25
49.876882	6.0018312e-25
50.030297	5.9825902e-25
50.184183	5.9635135e-25
50.338542	5.9446e-25
50.493376	5.9258486e-25
50.648687	5.9072582e-25
50.804475	5.8888278e-25
50.960742	5.8705561e-25
51.11749	5.852442e-25
51.27472	5.8344844e-25
51.432434	5.816682e-25
51.590633	5.7990337e-25
51.749319	5.7815382e-25
51.908492	5.7641944e-25
52.068155	5.7470011e-25
52.228309	5.7299569e-25
52.388956	5.7130608e-25
52.550097	5.6963113e-25
52.711734	5.6797074e-25
52.873868	5.6632478e-25
53.0365	5.6469311e-25
53.199633	5.6307562e-25
53.363268	5.6147218e-25
53.527405	5.5988266e-25
53.692048	5.5830694e-25
53.857197	5.5674489e-25
54.022854	5.5519639e-25
54.189021	5.5366131e-25
54.355699	5.5213952e-25
54.522889	5.5063089e-25
54.690594	5.4913531e-25
54.858814	5.4765265e-25
55.027552	5.4618277e-25
55.196809	5.4472556e-25
55.366587	5.432809e-25
55.536886	5.4184865e-25
55.70771	5.404287e-25
55.879059	5.3902092e-25
56.050935	5.3762519e-25
56.22334	5.3624139e-25
56.396275	5.3486939e-25
56.569742	5.3350907e-25
56.743742	5.3216032e-25
56.918278	5.3082301e-25
57.09335	5.2949702e-25
57.268961	5.2818225e-25
57.445113	5.2687856e-25
57.621806	5.2558584e-25
57.799042	5.2430397e-25
57.976824	5.2303285e-25
58.155152	5.2177234e-25
58.334029	5.2052235e-25
58.513456	5.1928276e-25
58.693435	5.1805345e-25
58.873968	5.1683431e-25
59.055056	5.1562523e-25
59.236701	5.144261e-25
59.418905	5.1323682e-25
59.601669	5.1205727e-25
59.784995	5.1088735e-25
59.968885	5.0972695e-25
60.153341	5.0857596e-25
60.338364	5.0743428e-25
60.523956	5.0630181e-25
60.710119	5.0517844e-25
60.896855	5.0406407e-25
61.084165	5.029586e-25
61.272051	5.0186193e-25
61.460516	5.0077396e-25
61.649559	4.9969459e-25
61.839185	4.9862372e-25
62.029393	4.9756126e-25
62.220187	4.9650712e-25
62.411567	4.9546119e-25
62.603536	4.9442338e-25
62.796096	4.9339361e-25
62.989248	4.9237177e-25
63.182994	4.9135778e-25
63.377336	4.9035155e-25
63.572275	4.8935299e-25
63.767815	4.8836201e-25
63.963955	4.8737852e-25
64.160699	4.8640244e-25
64.358049	4.8543368e-25
64.556005	4.8447216e-25
64.75457	4.8351779e-25
64.953746	4.8257049e-25
65.153534	4.8163017e-25
65.353937	4.8069677e-25
65.554957	4.797702e-25
65.756594	4.7885037e-25
65.958852	4.7793721e-25
66.161732	4.7703065e-25
66.365237	4.761306e-25
66.569367	4.75237e-25
66.774125	4.7434976e-25
66.979512	4.7346881e-25
67.185532	4.7259409e-25
67.392185	4.7172551e-25
67.599474	4.70863e-25
67.8074	4.7000651e-25
68.015966	4.6915595e-25
68.225173	4.6831125e-25
68.435024	4.6747236e-25
68.645521	4.666392e-25
68.856665	4.658117e-25
69.068458	4.6498981e-25
69.280903	4.6417345e-25
69.494001	4.6336256e-25
69.707755	4.6255708e-25
69.922166	4.6175695e-25
70.137236	4.609621e-25
70.352969	4.6017248e-25
70.569364	4.5938802e-25
70.786426	4.5860867e-25
71.004155	4.5783436e-25
71.222553	4.5706504e-25
71.441624	4.5630065e-25
71.661368	4.5554114e-25
71.881788	4.5478645e-25
72.102886	4.5403652e-25
72.324665	4.532913e-25
72.547125	4.5255074e-25
72.77027	4.5181478e-25
72.994101	4.5108337e-25
73.21862	4.5035647e-25
73.44383	4.4963401e-25
73.669733	4.4891595e-25
73.896331	4.4820225e-25
74.123625	4.4749284e-25
74.351619	4.4678769e-25
74.580314	4.4608674e-25
74.809713	4.4538995e-25
75.039817	4.4469728e-25
75.270628	4.4400867e-25
75.50215	4.4332408e-25
75.734384	4.4264347e-25
75.967332	4.419668e-25
76.200997	4.4129401e-25
76.43538	4.4062507e-25
76.670485	4.3995994e-25
76.906312	4.3929857e-25
77.142865	4.3864093e-25
77.380146	4.3798696e-25
77.618156	4.3733664e-25
77.856898	4.3668993e-25
78.096375	4.3604678e-25
78.336589	4.3540715e-25
78.577541	4.3477102e-25
78.819234	4.3413833e-25
79.061671	4.3350906e-25
79.304853	4.3288318e-25
79.548784	4.3226063e-25
79.793465	4.3164139e-25
80.038898	4.3102543e-25
80.285086	4.304127e-25
80.532032	4.2980318e-25
80.779737	4.2919684e-25
81.028204	4.2859363e-25
81.277435	4.2799353e-25
81.527433	4.2739651e-25
81.7782	4.2680253e-25
82.029738	4.2621157e-25
82.28205	4.2562358e-25
82.535138	4.2503855e-25
82.789004	4.2445645e-25
83.043651	4.2387724e-25
83.299082	4.2330089e-25
83.555298	4.2272738e-25
83.812302	4.2215668e-25
84.070097	4.2158876e-25
84.328684	4.2102359e-25
84.588067	4.2046115e-25
84.848248	4.1990142e-25
85.10923	4.1934435e-25
85.371013	4.1878994e-25
85.633603	4.1823815e-25
85.896999	4.1768896e-25
86.161206	4.1714234e-25
86.426226	4.1659828e-25
86.692061	4.1605674e-25
86.958713	4.155177e-25
87.226186	4.1498115e-25
87.494481	4.1444705e-25
87.763602	4.1391538e-25
88.03355	4.1338613e-25
88.304329	4.1285927e-25
88.57594	4.1233478e-25
88.848387	4.1181264e-25
89.121672	4.1129282e-25
89.395798	4.1077531e-25
89.670767	4.1026008e-25
89.946581	4.0974713e-25
90.223244	4.0923642e-25
90.500758	4.0872793e-25
90.779126	4.0822166e-25
91.058349	4.0771757e-25
91.338432	4.0721566e-25
91.619376	4.067159e-25
91.901184	4.0621827e-25
92.183859	4.0572276e-25
92.467404	4.0522935e-25
92.75182	4.0473802e-25
93.037112	4.0424876e-25
93.32328	4.0376155e-25
93.61033	4.0327636e-25
93.898262	4.027932e-25
94.187079	4.0231204e-25
94.476786	4.0183286e-25
94.767383	4.0135565e-25
95.058874	4.008804e-25
95.351261	4.0040708e-25
95.644548	3.9993569e-25
95.938737	3.9946621e-25
96.233831	3.9899863e-25
96.529833	3.9853292e-25
96.826745	3.9806909e-25
97.12457	3.9760711e-25
97.423312	3.9714697e-25
97.722972	3.9668866e-25
98.023554	3.9623216e-25
98.32506	3.9577747e-25
98.627494	3.9532456e-25
98.930858	3.9487344e-25
99.235156	3.9442407e-25
99.540389	3.9397646e-25
99.846561	3.9353059e-25
100.15367	3.9308645e-25
100.46173	3.9264403e-25
100.77074	3.9220331e-25
101.0807	3.9176429e-25
101.39161	3.9132696e-25
101.70347	3.908913e-25
102.0163	3.904573e-25
102.33008	3.9002495e-25
102.64484	3.8959425e-25
102.96056	3.8916518e-25
103.27725	3.8873773e-25
103.59492	3.883119e-25
103.91356	3.8788766e-25
104.23318	3.8746503e-25
104.55379	3.8704397e-25
104.87538	3.8662449e-25
105.19796	3.8620658e-25
105.52154	3.8579023e-25
105.84611	3.8537542e-25
106.17168	3.8496216e-25
106.49824	3.8455043e-25
106.82582	3.8414022e-25
107.1544	3.8373152e-25
107.48399	3.8332434e-25
107.8146	3.8291865e-25
108.14622	3.8251446e-25
108.47886	3.8211175e-25
108.81253	3.8171051e-25
109.14722	3.8131075e-25
109.48294	3.8091245e-25
109.81969	3.8051561e-25
110.15748	3.8012021e-25
110.49631	3.7972625e-25
110.83618	3.7933373e-25
111.1771	3.7894264e-25
111.51906	3.7855297e-25
111.86208	3.7816471e-25
112.20615	3.7777787e-25
112.55128	3.7739242e-25
112.89747	3.7700838e-25
113.24473	3.7662572e-25
113.59306	3.7624445e-25
113.94245	3.7586456e-25
114.29292	3.7548604e-25
114.64447	3.7510889e-25
114.9971	3.747331e-25
115.35082	3.7435868e-25
115.70562	3.739856e-25
116.06151	3.7361387e-25
116.4185	3.7324348e-25
116.77659	3.7287443e-25
117.13578	3.7250671e-25
117.49607	3.7214032e-25
117.85747	3.7177526e-25
118.21998	3.7141151e-25
118.58361	3.7104907e-25
118.94836	3.7068795e-25
119.31423	3.7032813e-25
119.68122	3.6996961e-25
120.04934	3.6961239e-25
120.4186	3.6925646e-25
120.78899	3.6890182e-25
121.16052	3.6854846e-25
121.53319	3.6819639e-25
121.90701	3.6784559e-25
122.28198	3.6749607e-25
122.6581	3.6714782e-25
123.03538	3.6680083e-25
123.41382	3.6645511e-25
123.79342	3.6611065e-25
124.17419	3.6576745e-25
124.55613	3.654255e-25
124.93925	3.650848e-25
125.32355	3.6474534e-25
125.70902	3.6440714e-25
126.09569	3.6407017e-25
126.48354	3.6373444e-25
126.87259	3.6339995e-25
127.26283	3.630667e-25
127.65427	3.6273467e-25
128.04692	3.6240387e-25
128.44077	3.620743e-25
128.83584	3.6174595e-25
129.23212	3.6141883e-25
129.62962	3.6109292e-25
130.02834	3.6076823e-25
130.42829	3.6044475e-25
130.82947	3.6012248e-25
131.23188	3.5980143e-25
131.63553	3.5948158e-25
132.04042	3.5916294e-25
132.44656	3.5884551e-25
132.85395	3.5852927e-25
133.26259	3.5821424e-25
133.67248	3.5790041e-25
134.08364	3.5758777e-25
134.49606	3.5727633e-25
134.90975	3.5696609e-25
135.32472	3.5665703e-25
135.74096	3.5634917e-25
136.15848	3.560425e-25
136.57728	3.5573702e-25
136.99737	3.5543273e-25
137.41876	3.5512962e-25
137.84144	3.548277e-25
138.26542	3.5452696e-25
138.6907	3.542274e-25
139.1173	3.5392903e-25
139.5452	3.5363184e-25
139.97442	3.5333582e-25
140.40496	3.5304099e-25
140.83683	3.5274734e-25
141.27002	3.5245486e-25
141.70455	3.5216356e-25
142.14041	3.5187344e-25
142.57762	3.5158449e-25
143.01617	3.5129672e-25
143.45606	3.5101012e-25
143.89731	3.5072469e-25
144.33992	3.5044044e-25
144.78389	3.5015737e-25
145.22922	3.4987546e-25
145.67593	3.4959473e-25
146.12401	3.4931518e-25
146.57346	3.4903679e-25
147.0243	3.4875957e-25
147.47653	3.4848353e-25
147.93015	3.4820866e-25
148.38516	3.4793496e-25
148.84157	3.4766244e-25
149.29939	3.4739108e-25
149.75861	3.471209e-25
150.21925	3.4685189e-25
150.6813	3.4658405e-25
151.14477	3.4631738e-25
151.60967	3.4605189e-25
152.076	3.4578756e-25
152.54377	3.4552442e-25
153.01297	3.4526244e-25
153.48362	3.4500164e-25
153.95571	3.4474201e-25
154.42926	3.4448356e-25
154.90426	3.4422629e-25
155.38072	3.4397018e-25
155.85865	3.4371526e-25
156.33805	3.4346151e-25
156.81892	3.4320895e-25
157.30128	3.4295755e-25
157.78511	3.4270734e-25
158.27044	3.4245831e-25
158.75725	3.4221046e-25
159.24557	3.4196379e-25
159.73539	3.4171831e-25
160.22671	3.41474e-25
160.71954	3.4123088e-25
161.21389	3.4098895e-25
161.70976	3.407482e-25
162.20716	3.4050864e-25
162.70609	3.4027027e-25
163.20655	3.4003309e-25
163.70855	3.397971e-25
164.21209	3.395623e-25
164.71719	3.393287e-25
165.22383	3.3909629e-25
165.73204	3.3886507e-25
166.24181	3.3863506e-25
166.75314	3.3840624e-25
167.26605	3.3817862e-25
167.78054	3.379522e-25
168.29661	3.3772699e-25
168.81426	3.3750298e-25
169.33351	3.3728017e-25
169.85436	3.3705857e-25
170.37681	3.3683819e-25
170.90086	3.3661901e-25
171.42653	3.3640104e-25
171.95381	3.3618429e-25
172.48272	3.3596876e-25
173.01325	3.3575444e-25
173.54541	3.3554134e-25
174.07921	3.3532946e-25
174.61466	3.3511881e-25
175.15175	3.3490938e-25
175.69049	3.3470118e-25
176.23089	3.3449421e-25
176.77295	3.3428846e-25
177.31668	3.3408395e-25
177.86208	3.3388068e-25
178.40916	3.3367864e-25
178.95792	3.3347784e-25
179.50837	3.3327828e-25
180.06051	3.3307997e-25
180.61435	3.328829e-25
181.16989	3.3268708e-25
181.72715	3.3249251e-25
182.28611	3.3229919e-25
182.8468	3.3210712e-25
183.40921	3.3191631e-25
183.97335	3.3172677e-25
184.53923	3.3153848e-25
185.10684	3.3135146e-25
185.67621	3.311657e-25
186.24732	3.3098122e-25
186.82019	3.30798e-25
187.39482	3.3061606e-25
187.97122	3.304354e-25
188.54939	3.3025602e-25
189.12935	3.3007792e-25
189.71108	3.299011e-25
190.2946	3.2972557e-25
190.87992	3.2955134e-25
191.46704	3.2937839e-25
192.05597	3.2920674e-25
192.64671	3.2903639e-25
193.23926	3.2886735e-25
193.83364	3.286996e-25
194.42984	3.2853317e-25
195.02788	3.2836804e-25
195.62776	3.2820423e-25
196.22948	3.2804173e-25
196.83305	3.2788056e-25
197.43849	3.277207e-25
198.04578	3.2756217e-25
198.65494	3.2740498e-25
199.26597	3.2724911e-25
199.87889	3.2709458e-25
200.49369	3.2694138e-25
201.11038	3.2678953e-25
201.72896	3.2663902e-25
202.34945	3.2648987e-25
202.97185	3.2634206e-25
203.59616	3.2619561e-25
204.2224	3.2605051e-25
204.85056	3.2590678e-25
205.48065	3.2576441e-25
206.11268	3.2562341e-25
206.74665	3.2548379e-25
207.38257	3.2534554e-25
208.02045	3.2520866e-25
208.66029	3.2507318e-25
209.3021	3.2493907e-25
209.94589	3.2480636e-25
210.59165	3.2467504e-25
211.2394	3.2454512e-25
211.88914	3.244166e-25
212.54088	3.2428949e-25
213.19463	3.2416378e-25
213.85039	3.2403949e-25
214.50816	3.2391661e-25
215.16796	3.2379515e-25
215.82978	3.2367512e-25
216.49364	3.2355651e-25
217.15955	3.2343934e-25
217.8275	3.233236e-25
218.4975	3.2320931e-25
219.16957	3.2309646e-25
219.84371	3.2298505e-25
220.51991	3.228751e-25
221.1982	3.227666e-25
221.87858	3.2265957e-25
222.56104	3.22554e-25
223.24561	3.224499e-25
223.93228	3.2234727e-25
224.62107	3.2224612e-25
225.31197	3.2214645e-25
226.005	3.2204827e-25
226.70016	3.2195157e-25
227.39745	3.2185638e-25
228.09689	3.2176268e-25
228.79849	3.2167049e-25
229.50224	3.215798e-25
230.20816	3.2149062e-25
230.91624	3.2140297e-25
231.62651	3.2131683e-25
232.33896	3.2123222e-25
233.0536	3.2114914e-25
233.77044	3.210676e-25
234.48949	3.209876e-25
235.21074	3.2090914e-25
235.93422	3.2083223e-25
236.65992	3.2075688e-25
237.38785	3.2068308e-25
238.11802	3.2061085e-25
238.85044	3.2054019e-25
239.58511	3.204711e-25
240.32204	3.2040358e-25
241.06123	3.2033766e-25
241.8027	3.2027331e-25
242.54646	3.2021057e-25
243.29249	3.2014942e-25
244.04083	3.2008987e-25
244.79146	3.2003193e-25
245.54441	3.1997561e-25
246.29967	3.199209e-25
247.05725	3.1986781e-25
247.81716	3.1981636e-25
248.57941	3.1976654e-25
249.34401	3.1971835e-25
250.11095	3.1967181e-25
250.88026	3.1962692e-25
251.65193	3.1958369e-25
252.42598	3.1954211e-25
253.2024	3.195022e-25
253.98122	3.1946396e-25
254.76243	3.1942739e-25
255.54604	3.1939251e-25
256.33206	3.1935931e-25
257.1205	3.193278e-25
257.91137	3.19298e-25
258.70467	3.1926989e-25
259.50041	3.1924349e-25
260.29859	3.1921881e-25
261.09924	3.1919585e-25
261.90234	3.1917461e-25
262.70792	3.191551e-25
263.51597	3.1913733e-25
264.3265	3.1912131e-25
265.13954	3.1910702e-25
265.95507	3.190945e-25
266.77311	3.1908373e-25
267.59366	3.1907473e-25
268.41674	3.190675e-25
269.24236	3.1906204e-25
270.07051	3.1905837e-25
270.90121	3.1905649e-25
271.73446	3.190564e-25
272.57028	3.1905811e-25
273.40866	3.1906162e-25
274.24963	3.1906695e-25
275.09318	3.190741e-25
275.93933	3.1908307e-25
276.78808	3.1909387e-25
277.63944	3.1910651e-25
278.49342	3.1912099e-25
279.35003	3.1913732e-25
280.20927	3.1915551e-25
281.07115	3.1917555e-25
281.93569	3.1919747e-25
282.80288	3.1922125e-25
283.67274	3.1924692e-25
284.54528	3.1927447e-25
285.4205	3.1930391e-25
286.29841	3.1933525e-25
287.17903	3.193685e-25
288.06235	3.1940366e-25
288.94839	3.1944073e-25
289.83715	3.1947973e-25
290.72865	3.1952066e-25
291.62289	3.1956353e-25
292.51988	3.1960834e-25
293.41963	3.196551e-25
294.32215	3.1970382e-25
295.22744	3.197545e-25
296.13552	3.1980715e-25
297.04639	3.1986177e-25
297.96006	3.1991838e-25
298.87654	3.1997698e-25
299.79584	3.2003758e-25
300.71797	3.2010017e-25
301.64294	3.2016478e-25
302.57075	3.202314e-25
303.50142	3.2030005e-25
304.43494	3.2037073e-25
305.37134	3.2044344e-25
306.31062	3.205182e-25
307.25279	3.2059501e-25
308.19785	3.2067387e-25
309.14583	3.207548e-25
310.09672	3.2083781e-25
311.05053	3.2092289e-25
312.00728	3.2101005e-25
312.96697	3.2109931e-25
313.92961	3.2119067e-25
314.89521	3.2128414e-25
315.86378	3.2137972e-25
316.83534	3.2147742e-25
317.80988	3.2157725e-25
318.78741	3.2167921e-25
319.76796	3.2178332e-25
320.75152	3.2188958e-25
321.73811	3.2199799e-25
322.72773	3.2210857e-25
323.72039	3.2222133e-25
324.71611	3.2233626e-25
325.71489	3.2245338e-25
326.71674	3.2257269e-25
327.72168	3.2269421e-25
328.7297	3.2281794e-25
329.74083	3.2294389e-25
330.75506	3.2307206e-25
331.77242	3.2320246e-25
332.7929	3.2333511e-25
333.81653	3.2347e-25
334.8433	3.2360716e-25
335.87323	3.2374657e-25
336.90633	3.2388826e-25
337.94261	3.2403223e-25
338.98207	3.2417849e-25
340.02473	3.2432705e-25
341.0706	3.2447792e-25
342.11968	3.2463109e-25
343.17199	3.247866e-25
344.22754	3.2494443e-25
345.28634	3.251046e-25
346.34839	3.2526713e-25
347.41371	3.2543201e-25
348.4823	3.2559926e-25
349.55418	3.2576889e-25
350.62936	3.259409e-25
351.70785	3.2611531e-25
352.78965	3.2629212e-25
353.87478	3.2647135e-25
354.96325	3.2665301e-25
356.05507	3.2683711e-25
357.15024	3.2702365e-25
358.24879	3.2721265e-25
359.35071	3.2740413e-25
360.45602	3.2759808e-25
361.56473	3.2779454e-25
362.67685	3.279935e-25
363.7924	3.2819498e-25
364.91137	3.2839899e-25
366.03379	3.2860556e-25
367.15965	3.288147e-25
368.28898	3.2902642e-25
369.42179	3.2924074e-25
370.55808	3.2945768e-25
371.69786	3.2967726e-25
372.84115	3.298995e-25
373.98796	3.3012443e-25
375.13829	3.3035207e-25
376.29216	3.3058246e-25
377.44959	3.3081561e-25
378.61057	3.3105157e-25
379.77512	3.3129038e-25
380.94325	3.3153207e-25
382.11498	3.3177671e-25
383.29031	3.3202434e-25
384.46926	3.3227503e-25
385.65183	3.3252885e-25
386.83804	3.327859e-25
388.0279	3.3304627e-25
389.22142	3.3331009e-25
390.41861	3.335775e-25
391.61948	3.3384868e-25
392.82405	3.3412383e-25
394.03232	3.3440323e-25
395.24431	3.3468719e-25
396.46002	3.3497614e-25
397.67948	3.3527058e-25
398.90268	3.3557121e-25
400.12965	3.3587891e-25
401.36039	3.3619488e-25
402.59492	3.3652073e-25
403.83324	3.3685873e-25
405.07538	3.372121e-25
406.32133	3.3758559e-25
407.57112	3.3798637e-25
408.82475	3.3842581e-25
410.08224	3.3892274e-25
411.34359	3.3951021e-25
412.60883	3.4025082e-25
413.87795	3.4127517e-25
415.15098	3.4289479e-25
416.42793	3.4601444e-25
417.7088	3.542614e-25
418.99361	3.9572328e-25
420.28238	5.8881534e-24
421.57511	3.884952e-25
422.87181	3.5384091e-25
424.17251	3.4712551e-25
425.4772	3.4494907e-25
426.78591	3.4412019e-25
428.09864	3.4382812e-25
429.41541	3.437917e-25
430.73623	3.4389286e-25
432.06111	3.4407509e-25
433.39007	3.4430862e-25
434.72312	3.4457657e-25
436.06027	3.4486882e-25
437.40153	3.4517898e-25
438.74691	3.4550289e-25
440.09643	3.4583774e-25
441.45011	3.4618155e-25
442.80795	3.4653295e-25
444.16996	3.4689092e-25
445.53616	3.4725472e-25
446.90657	3.4762378e-25
448.28119	3.4799767e-25
449.66004	3.4837608e-25
451.04313	3.4875873e-25
452.43047	3.4914544e-25
453.82209	3.4953603e-25
455.21798	3.4993038e-25
456.61816	3.503284e-25
458.02266	3.5072998e-25
459.43147	3.5113508e-25
460.84462	3.5154364e-25
462.26211	3.519556e-25
463.68396	3.5237094e-25
465.11019	3.5278962e-25
466.5408	3.5321163e-25
467.97581	3.5363694e-25
469.41524	3.5406554e-25
470.8591	3.5449741e-25
472.30739	3.5493255e-25
473.76014	3.5537095e-25
475.21736	3.5581261e-25
476.67906	3.5625751e-25
478.14526	3.5670567e-25
479.61597	3.5715707e-25
481.0912	3.5761173e-25
482.57096	3.5806963e-25
484.05528	3.5853079e-25
485.54417	3.589952e-25
487.03763	3.5946288e-25
488.53569	3.5993381e-25
490.03836	3.6040801e-25
491.54565	3.6088549e-25
493.05757	3.6136624e-25
494.57415	3.6185027e-25
496.09539	3.623376e-25
497.62131	3.6282821e-25
499.15192	3.6332213e-25
500.68724	3.6381935e-25
502.22728	3.6431989e-25
503.77206	3.6482375e-25
505.32159	3.6533094e-25
506.87589	3.6584146e-25
508.43497	3.6635532e-25
509.99884	3.6687253e-25
511.56753	3.673931e-25
513.14103	3.6791704e-25
514.71938	3.6844434e-25
516.30259	3.6897502e-25
517.89066	3.695091e-25
519.48362	3.7004656e-25
521.08148	3.7058743e-25
522.68425	3.7113171e-25
524.29195	3.7167941e-25
525.9046	3.7223053e-25
527.52221	3.7278509e-25
529.14479	3.733431e-25
530.77236	3.7390455e-25
532.40495	3.7446946e-25
534.04255	3.7503784e-25
535.68519	3.756097e-25
537.33288	3.7618504e-25
538.98564	3.7676387e-25
540.64348	3.773462e-25
542.30642	3.7793205e-25
543.97448	3.7852141e-25
545.64767	3.7911429e-25
547.326	3.7971071e-25
549.0095	3.8031067e-25
550.69818	3.8091419e-25
552.39205	3.8152126e-25
554.09112	3.821319e-25
555.79543	3.8274612e-25
557.50498	3.8336392e-25
559.21978	3.8398532e-25
560.93986	3.8461032e-25
562.66524	3.8523893e-25
564.39591	3.8587116e-25
566.13192	3.8650701e-25
567.87326	3.8714651e-25
569.61995	3.8778965e-25
571.37202	3.8843644e-25
573.12948	3.890869e-25
574.89235	3.8974103e-25
576.66064	3.9039884e-25
578.43436	3.9106034e-25
580.21354	3.9172554e-25
581.9982	3.9239444e-25
583.78834	3.9306706e-25
585.58399	3.937434e-25
587.38517	3.9442348e-25
589.19188	3.9510729e-25
591.00415	3.9579486e-25
592.82199	3.9648619e-25
594.64543	3.9718129e-25
596.47448	3.9788016e-25
598.30915	3.9858282e-25
600.14946	3.9928927e-25
601.99543	3.9999953e-25
603.84709	4.007136e-25
605.70443	4.014315e-25
607.5675	4.0215322e-25
609.43629	4.0287879e-25
611.31083	4.036082e-25
613.19113	4.0434147e-25
615.07722	4.0507861e-25
616.96911	4.0581962e-25
618.86682	4.0656452e-25
620.77037	4.0731332e-25
622.67977	4.0806601e-25
624.59504	4.0882262e-25
626.51621	4.0958315e-25
628.44328	4.1034761e-25
630.37629	4.1111601e-25
632.31523	4.1188836e-25
634.26014	4.1266467e-25
636.21104	4.1344494e-25
638.16793	4.142292e-25
640.13085	4.1501743e-25
642.0998	4.1580966e-25
644.07481	4.166059e-25
646.05589	4.1740615e-25
648.04307	4.1821042e-25
650.03635	4.1901873e-25
652.03577	4.1983107e-25
654.04134	4.2064747e-25
656.05308	4.2146793e-25
658.07101	4.2229246e-25
660.09514	4.2312106e-25
662.1255	4.2395376e-25
664.1621	4.2479055e-25
666.20497	4.2563145e-25
668.25412	4.2647647e-25
670.30958	4.2732561e-25
672.37136	4.2817889e-25
674.43947	4.2903632e-25
676.51395	4.298979e-25
678.59481	4.3076364e-25
680.68208	4.3163356e-25
682.77576	4.3250766e-25
684.87588	4.3338596e-25
686.98246	4.3426846e-25
689.09552	4.3515518e-25
691.21508	4.3604611e-25
693.34116	4.3694128e-25
695.47378	4.3784069e-25
697.61296	4.3874435e-25
699.75872	4.3965228e-25
701.91107	4.4056447e-25
704.07005	4.4148095e-25
706.23567	4.4240172e-25
708.40795	4.4332679e-25
710.58691	4.4425618e-25
712.77258	4.4518988e-25
714.96497	4.4612791e-25
717.1641	4.4707029e-25
719.36999	4.4801702e-25
721.58267	4.4896811e-25
723.80216	4.4992357e-25
726.02847	4.5088341e-25
728.26163	4.5184764e-25
730.50166	4.5281628e-25
732.74858	4.5378933e-25
735.00241	4.547668e-25
737.26317	4.557487e-25
739.53089	4.5673505e-25
741.80558	4.5772585e-25
744.08727	4.5872112e-25
746.37598	4.5972086e-25
748.67172	4.6072508e-25
750.97453	4.617338e-25
753.28442	4.6274703e-25
755.60142	4.6376477e-25
757.92554	4.6478704e-25
760.25681	4.6581386e-25
762.59525	4.6684522e-25
764.94089	4.6788114e-25
767.29374	4.6892163e-25
769.65382	4.6996671e-25
772.02117	4.7101638e-25
774.3958	4.7207065e-25
776.77773	4.7312955e-25
779.16699	4.7419308e-25
781.56359	4.7526125e-25
783.96757	4.7633407e-25
786.37895	4.7741157e-25
788.79774	4.7849374e-25
791.22397	4.7958062e-25
793.65766	4.8067221e-25
796.09884	4.8176854e-25
798.54752	4.8286962e-25
801.00374	4.8397547e-25
803.46752	4.8508613e-25
805.93887	4.8620162e-25
808.41782	4.8732199e-25
810.9044	4.8844729e-25
813.39863	4.895776e-25
815.90052	4.9071304e-25
818.41012	4.9185377e-25
820.92743	4.9300009e-25
823.45249	4.9415249e-25
825.98531	4.9531196e-25
828.52592	4.9648057e-25
831.07435	4.9766362e-25
833.63062	4.9887783e-25
836.19475	5.0020307e-25
838.76676	5.0268931e-25
841.34669	5.0824041e-25
843.93456	5.0386977e-25
846.53038	5.0480974e-25
849.13419	5.0594498e-25
851.746	5.0712303e-25
854.36585	5.0831839e-25
856.99376	5.0952389e-25
859.62975	5.1073692e-25
862.27385	5.1195634e-25
864.92608	5.1318158e-25
867.58647	5.1441236e-25
870.25504	5.1564851e-25
872.93182	5.1688993e-25
875.61684	5.1813656e-25
878.31011	5.1938838e-25
881.01167	5.2064536e-25
883.72154	5.2190749e-25
886.43974	5.2317478e-25
889.1663	5.2444722e-25
891.90125	5.2572481e-25
894.64461	5.2700757e-25
897.39641	5.2829549e-25
900.15667	5.2958859e-25
902.92543	5.3088687e-25
905.7027	5.3219036e-25
908.48851	5.3349905e-25
911.28289	5.3481295e-25
914.08587	5.3613209e-25
916.89747	5.3745647e-25
919.71771	5.387861e-25
922.54664	5.4012099e-25
925.38426	5.4146116e-25
928.23061	5.4280662e-25
931.08571	5.4415738e-25
933.9496	5.4551345e-25
936.8223	5.4687485e-25
939.70383	5.4824159e-25
942.59423	5.4961368e-25
945.49351	5.5099114e-25
948.40172	5.5237397e-25
951.31886	5.5376219e-25
954.24499	5.5515581e-25
957.18011	5.5655485e-25
960.12426	5.5795932e-25
963.07746	5.5936923e-25
966.03975	5.607846e-25
969.01115	5.6220543e-25
971.99169	5.6363175e-25
974.9814	5.6506357e-25
977.98031	5.6650089e-25
980.98844	5.6794373e-25
984.00582	5.6939211e-25
987.03248	5.7084604e-25
990.06845	5.7230554e-25
993.11376	5.7377061e-25
996.16844	5.7524127e-25
999.23251	5.7671753e-25
1002.306	5.7819941e-25
1005.389	5.7968693e-25
1008.4814	5.8118009e-25
1011.5833	5.8267891e-25
1014.6948	5.8418341e-25
1017.8159	5.8569359e-25
1020.9465	5.8720948e-25
1024.0868	5.8873108e-25
1027.2368	5.9025841e-25
1030.3964	5.9179149e-25
1033.5658	5.9333033e-25
1036.7449	5.9487494e-25
1039.9337	5.9642534e-25
1043.1324	5.9798154e-25
1046.341	5.9954356e-25
1049.5594	6.0111141e-25
1052.7876	6.0268511e-25
1056.0259	6.0426467e-25
1059.2741	6.058501e-25
1062.5322	6.0744143e-25
1065.8004	6.0903866e-25
1069.0787	6.1064181e-25
1072.367	6.122509e-25
1075.6655	6.1386593e-25
1078.9741	6.1548693e-25
1082.2928	6.1711392e-25
1085.6218	6.187469e-25
1088.961	6.2038589e-25
1092.3105	6.220309e-25
1095.6703	6.2368196e-25
1099.0404	6.2533907e-25
1102.4209	6.2700226e-25
1105.8118	6.2867154e-25
1109.2131	6.3034691e-25
1112.6249	6.3202841e-25
1116.0472	6.3371604e-25
1119.48	6.3540982e-25
1122.9234	6.3710977e-25
1126.3773	6.388159e-25
1129.8419	6.4052823e-25
1133.3171	6.4224677e-25
1136.803	6.4397155e-25
1140.2997	6.4570257e-25
1143.8071	6.4743985e-25
1147.3253	6.491834e-25
1150.8543	6.5093326e-25
1154.3942	6.5268942e-25
1157.9449	6.5445191e-25
1161.5066	6.5622075e-25
1165.0792	6.5799594e-25
1168.6628	6.5977752e-25
1172.2575	6.6156548e-25
1175.8632	6.6335986e-25
1179.48	6.6516066e-25
1183.1079	6.6696791e-25
1186.7469	6.6878162e-25
1190.3972	6.7060181e-25
1194.0587	6.7242849e-25
1197.7314	6.7426169e-25
1201.4155	6.7610141e-25
1205.1109	6.7794769e-25
1208.8176	6.7980054e-25
1212.5358	6.8165997e-25
1216.2654	6.8352601e-25
1220.0064	6.8539869e-25
1223.759	6.8727801e-25
1227.5231	6.8916402e-25
1231.2988	6.9105675e-25
1235.0861	6.9295626e-25
1238.885	6.9486262e-25
1242.6957	6.96776e-25
1246.518	6.9869678e-25
1250.3521	7.0062613e-25
1254.1981	7.0256948e-25
1258.0558	7.0459503e-25
1261.9254	7.0692948e-25
1265.8069	7.0841896e-25
1269.7003	7.1036042e-25
1273.6058	7.1232294e-25
1277.5232	7.1429512e-25
1281.4527	7.1627509e-25
1285.3942	7.1826235e-25
1289.3479	7.2025673e-25
1293.3138	7.2225817e-25
1297.2918	7.2426663e-25
1301.2821	7.2628213e-25
1305.2847	7.2830466e-25
1309.2995	7.3033424e-25
1313.3268	7.3237088e-25
1317.3664	7.344146e-25
1321.4184	7.3646541e-25
1325.4829	7.3852332e-25
1329.5599	7.4058837e-25
1333.6494	7.4266056e-25
1337.7515	7.4473992e-25
1341.8663	7.4682646e-25
1345.9937	7.4892021e-25
1350.1337	7.5102118e-25
1354.2866	7.5312939e-25
1358.4522	7.5524486e-25
1362.6306	7.5736761e-25
1366.8218	7.5949766e-25
1371.026	7.6163503e-25
1375.2431	7.6377974e-25
1379.4731	7.6593181e-25
1383.7162	7.6809126e-25
1387.9723	7.7025811e-25
1392.2415	7.7243238e-25
1396.5238	7.7461409e-25
1400.8193	7.7680327e-25
1405.1281	7.7899992e-25
1409.45	7.8120407e-25
1413.7853	7.8341574e-25
1418.1339	7.8563496e-25
1422.4959	7.8786174e-25
1426.8713	7.900961e-25
1431.2601	7.9233807e-25
1435.6625	7.9458766e-25
1440.0784	7.968449e-25
1444.5079	7.9910981e-25
1448.951	8.0138241e-25
1453.4077	8.0366271e-25
1457.8782	8.0595074e-25
1462.3624	8.0824653e-25
1466.8604	8.1055022e-25
1471.3723	8.1286178e-25
1475.898	8.1518115e-25
1480.4377	8.1750837e-25
1484.9913	8.1984344e-25
1489.5589	8.2218639e-25
1494.1406	8.2453724e-25
1498.7364	8.2689602e-25
1503.3463	8.2926275e-25
1507.9703	8.3163744e-25
1512.6086	8.3402013e-25
1517.2612	8.3641083e-25
1521.9281	8.3880957e-25
1526.6093	8.4121636e-25
1531.305	8.4363123e-25
1536.015	8.4605421e-25
1540.7396	8.4848531e-25
1545.4787	8.5092456e-25
1550.2324	8.5337198e-25
1555.0007	8.5582779e-25
1559.7836	8.5829377e-25
1564.5813	8.6076799e-25
1569.3937	8.6325047e-25
1574.221	8.6574123e-25
1579.063	8.6824029e-25
1583.92	8.7074768e-25
1588.7919	8.7326342e-25
1593.6788	8.7578753e-25
1598.5807	8.7832005e-25
1603.4978	8.8086098e-25
1608.4299	8.8341036e-25
1613.3772	8.8596821e-25
1618.3397	8.8853456e-25
1623.3175	8.9110942e-25
1628.3106	8.9369283e-25
1633.319	8.962848e-25
1638.3429	8.9888537e-25
1643.3822	9.0149457e-25
1648.437	9.0411241e-25
1653.5074	9.0673895e-25
1658.5933	9.0937424e-25
1663.6949	9.1201837e-25
1668.8122	9.1467165e-25
1673.9452	9.1733571e-25
1679.0941	9.2005892e-25
1684.2587	9.2269854e-25
1689.4393	9.2537119e-25
1694.6357	9.2806618e-25
1699.8482	9.3077123e-25
1705.0767	9.3348548e-25
1710.3213	9.3620876e-25
1715.582	9.3894105e-25
1720.8588	9.4168235e-25
1726.152	9.4443268e-25
1731.4614	9.4719205e-25
1736.7871	9.499605e-25
1742.1292	9.5273804e-25
1747.4877	9.555247e-25
1752.8628	9.5832051e-25
1758.2543	9.6112549e-25
1763.6625	9.6393966e-25
1769.0872	9.6676306e-25
1774.5287	9.6959571e-25
1779.9869	9.7243763e-25
1785.4619	9.7528886e-25
1790.9537	9.7814942e-25
1796.4624	9.8101933e-25
1801.9881	9.8389863e-25
1807.5308	9.8678734e-25
1813.0905	9.8968548e-25
1818.6673	9.9259309e-25
1824.2612	9.955102e-25
1829.8724	9.9843682e-25
1835.5008	1.001373e-24
1841.1466	1.0043187e-24
1846.8097	1.0072741e-24
1852.4902	1.010239e-24
1858.1882	1.0132137e-24
1863.9037	1.016198e-24
1869.6368	1.019192e-24
1875.3876	1.0221958e-24
1881.156	1.0252093e-24
1886.9422	1.0282327e-24
1892.7461	1.0312659e-24
1898.5679	1.0343089e-24
1904.4077	1.0373618e-24
1910.2653	1.0404246e-24
1916.1411	1.0434974e-24
1922.0348	1.0465801e-24
1927.9467	1.0496728e-24
1933.8768	1.0527756e-24
1939.8252	1.0558884e-24
1945.7918	1.0590188e-24
1951.7768	1.0621626e-24
1957.7802	1.0653165e-24
1963.802	1.0684806e-24
1969.8424	1.0716548e-24
1975.9013	1.0748392e-24
1981.9789	1.0780339e-24
1988.0752	1.0812388e-24
1994.1903	1.0844541e-24
2000.3241	1.0876796e-24
2006.4768	1.0909155e-24
2012.6484	1.0941618e-24
2018.8391	1.0974186e-24
2025.0487	1.1006857e-24
2031.2775	1.1039634e-24
2037.5254	1.1072515e-24
2043.7926	1.1105502e-24
2050.079	1.1138595e-24
2056.3847	1.1171793e-24
2062.7099	1.1205099e-24
2069.0545	1.123851e-24
2075.4186	1.1272029e-24
2081.8023	1.1305656e-24
2088.2056	1.1339392e-24
2094.6286	1.1373246e-24
2101.0714	1.1457823e-24
2107.534	1.1441255e-24
2114.0165	1.1475408e-24
2120.5189	1.1509682e-24
2127.0413	1.1544067e-24
2133.5838	1.1578563e-24
2140.1464	1.1613168e-24
2146.7292	1.1647885e-24
2153.3322	1.1682712e-24
2159.9556	1.171765e-24
2166.5993	1.17527e-24
2173.2634	1.1787862e-24
2179.9481	1.1823135e-24
2186.6533	1.1858522e-24
2193.3791	1.1894021e-24
2200.1256	1.1929633e-24
2206.8929	1.1965359e-24
2213.681	1.2001199e-24
2220.49	1.2037153e-24
2227.3199	1.2073221e-24
2234.1708	1.2109404e-24
2241.0428	1.2145703e-24
2247.9359	1.2182117e-24
2254.8503	1.2218647e-24
2261.7859	1.2255293e-24
2268.7428	1.2292055e-24
2275.7211	1.2328935e-24
2282.7209	1.2365932e-24
2289.7422	1.2403047e-24
2296.7852	1.2440279e-24
2303.8497	1.247763e-24
2310.9361	1.25151e-24
2318.0442	1.2552688e-24
2325.1741	1.2590396e-24
2332.3261	1.2628224e-24
2339.5	1.2666172e-24
2346.6959	1.270424e-24
2353.914	1.274243e-24
2361.1543	1.278074e-24
2368.4169	1.2819172e-24
2375.7018	1.2857726e-24
2383.0091	1.2896402e-24
2390.3389	1.2935201e-24
2397.6913	1.2974123e-24
2405.0662	1.3013168e-24
2412.4639	1.3052338e-24
2419.8843	1.3091631e-24
2427.3275	1.3131049e-24
2434.7936	1.3170591e-24
2442.2827	1.3210259e-24
2449.7948	1.3250053e-24
2457.33	1.3289973e-24
2464.8884	1.3330019e-24
2472.4701	1.3370192e-24
2480.075	1.3410492e-24
2487.7034	1.345092e-24
2495.3552	1.3491475e-24
2503.0306	1.353216e-24
2510.7295	1.3572974e-24
2518.4522	1.3613949e-24
2526.1986	1.3654998e-24
2533.9688	1.3696187e-24
2541.763	1.3737517e-24
2549.5811	1.3778979e-24
2557.4232	1.3820572e-24
2565.2895	1.3862296e-24
2573.1799	1.3904152e-24
2581.0947	1.3946141e-24
2589.0338	1.3988262e-24
2596.9973	1.4030517e-24
2604.9852	1.4072905e-24
2612.9978	1.4115426e-24
2621.035	1.4158082e-24
2629.097	1.4200873e-24
2637.1837	1.4243799e-24
2645.2953	1.428686e-24
2653.4318	1.4330057e-24
2661.5934	1.437339e-24
2669.7801	1.4416861e-24
2677.992	1.4460468e-24
2686.2291	1.4504213e-24
2694.4915	1.4548096e-24
2702.7794	1.4592117e-24
2711.0928	1.4636277e-24
2719.4317	1.4680577e-24
2727.7963	1.4725016e-24
2736.1866	1.4769595e-24
2744.6027	1.4814315e-24
2753.0448	1.4859175e-24
2761.5127	1.4904177e-24
2770.0067	1.4949321e-24
2778.5269	1.4994607e-24
2787.0732	1.5040036e-24
2795.6459	1.5085608e-24
2804.2449	1.5131323e-24
2812.8704	1.5177183e-24
2821.5223	1.5223187e-24
2830.201	1.5269335e-24
2838.9062	1.5315629e-24
2847.6383	1.5362069e-24
2856.3972	1.5408655e-24
2865.1831	1.5455388e-24
2873.996	1.5502267e-24
2882.836	1.5549294e-24
2891.7032	1.559647e-24
2900.5977	1.5643793e-24
2909.5195	1.5691266e-24
2918.4688	1.5738888e-24
2927.4456	1.578666e-24
2936.45	1.5834587e-24
2945.4821	1.5882665e-24
2954.542	1.5930879e-24
2963.6297	1.5979254e-24
2972.7454	1.6027782e-24
2981.8892	1.6076462e-24
2991.061	1.6125295e-24
3000.2611	1.6174282e-24
3009.4895	1.6223423e-24
3018.7463	1.6272718e-24
3028.0315	1.6322168e-24
3037.3453	1.6371774e-24
3046.6877	1.6421536e-24
3056.0589	1.6471454e-24
3065.4589	1.6521528e-24
3074.8878	1.6571761e-24
3084.3457	1.6622151e-24
3093.8327	1.6672699e-24
3103.3489	1.6723406e-24
3112.8944	1.6774272e-24
3122.4692	1.6825298e-24
3132.0735	1.6876485e-24
3141.7073	1.6927832e-24
3151.3708	1.697934e-24
3161.0639	1.703101e-24
3170.7869	1.7082843e-24
3180.5398	1.7134838e-24
3190.3227	1.7186996e-24
3200.1357	1.7239318e-24
3209.9788	1.7291805e-24
3219.8523	1.7344456e-24
3229.7561	1.7397272e-24
3239.6903	1.7450254e-24
3249.6552	1.7503403e-24
3259.6506	1.7556718e-24
3269.6769	1.76102e-24
3279.7339	1.7663851e-24
3289.8219	1.771767e-24
3299.941	1.7771657e-24
3310.0911	1.7825814e-24
3320.2725	1.7880141e-24
3330.4852	1.7934639e-24
3340.7293	1.7989307e-24
3351.0049	1.8044148e-24
3361.3121	1.8099414e-24
3371.651	1.8154344e-24
3382.0217	1.8209701e-24
3392.4243	1.8265232e-24
3402.859	1.8320938e-24
3413.3257	1.8376818e-24
3423.8246	1.8432873e-24
3434.3558	1.8489105e-24
3444.9194	1.8545512e-24
3455.5154	1.8602097e-24
3466.1441	1.8658859e-24
3476.8055	1.8715798e-24
3487.4996	1.8772917e-24
3498.2267	1.8830214e-24
3508.9867	1.8887692e-24
3519.7799	1.8945349e-24
3530.6062	1.9003187e-24
3541.4659	1.9061207e-24
3552.3589	1.9119408e-24
3563.2855	1.9177792e-24
3574.2456	1.9236359e-24
3585.2395	1.929511e-24
3596.2672	1.9354045e-24
3607.3288	1.9413164e-24
3618.4244	1.9472469e-24
3629.5542	1.953196e-24
3640.7182	1.9591637e-24
3651.9165	1.9651501e-24
3663.1493	1.9711553e-24
3674.4166	1.9771793e-24
3685.7186	1.9832222e-24
3697.0553	1.9892841e-24
3708.427	1.9953649e-24
3719.8336	2.0014648e-24
3731.2752	2.0075839e-24
3742.7521	2.0137221e-24
3754.2643	2.0198795e-24
3765.8119	2.0260563e-24
3777.395	2.0322526e-24
3789.0137	2.038468e-24
3800.6682	2.0447029e-24
3812.3585	2.0509574e-24
3824.0848	2.0572316e-24
3835.8471	2.0635254e-24
3847.6456	2.0698389e-24
3859.4804	2.0761723e-24
3871.3516	2.0825254e-24
3883.2594	2.0888985e-24
3895.2037	2.0952916e-24
3907.1848	2.1017047e-24
3919.2028	2.1081379e-24
3931.2577	2.1145913e-24
3943.3497	2.1210649e-24
3955.4788	2.1275588e-24
3967.6453	2.134073e-24
3979.8493	2.1406077e-24
3992.0907	2.1471628e-24
4004.3698	2.1537385e-24
4016.6867	2.1603348e-24
4029.0414	2.1669518e-24
4041.4342	2.1735895e-24
4053.8651	2.180248e-24
4066.3342	2.1869274e-24
4078.8417	2.1936278e-24
4091.3876	2.2003491e-24
4103.9721	2.2070915e-24
4116.5954	2.2138551e-24
4129.2574	2.2206398e-24
4141.9584	2.2274458e-24
4154.6985	2.2342732e-24
4167.4778	2.241122e-24
4180.2963	2.2479922e-24
4193.1543	2.254884e-24
4206.0519	2.2617976e-24
4218.9891	2.2687324e-24
4231.9661	2.2756893e-24
4244.983	2.2826679e-24
4258.04	2.2896684e-24
4271.1371	2.2966908e-24
4284.2745	2.3037353e-24
4297.4524	2.3108019e-24
4310.6707	2.3178906e-24
4323.9297	2.3250016e-24
4337.2295	2.3321349e-24
4350.5702	2.3392905e-24
4363.9519	2.3464686e-24
4377.3748	2.3536692e-24
4390.839	2.3608924e-24
4404.3446	2.3681383e-24
4417.8918	2.3754069e-24
4431.4806	2.3826983e-24
4445.1112	2.3900125e-24
4458.7837	2.3973498e-24
4472.4983	2.40471e-24
4486.2551	2.4120933e-24
4500.0541	2.4194998e-24
4513.8957	2.4269296e-24
4527.7798	2.4343827e-24
4541.7066	2.4418591e-24
4555.6762	2.449359e-24
4569.6888	2.4568825e-24
4583.7446	2.4644296e-24
4597.8435	2.4720004e-24
4611.9858	2.4795949e-24
4626.1716	2.4872134e-24
4640.4011	2.4948556e-24
4654.6743	2.5025219e-24
4668.9914	2.5102122e-24
4683.3526	2.5179268e-24
4697.7579	2.5256655e-24
4712.2075	2.5334286e-24
4726.7016	2.541216e-24
4741.2403	2.5490279e-24
4755.8236	2.5568644e-24
4770.4519	2.5647254e-24
4785.1251	2.5726112e-24
4799.8435	2.5805217e-24
4814.6071	2.5884571e-24
4829.4162	2.5964174e-24
4844.2708	2.6044028e-24
4859.1711	2.6124132e-24
4874.1172	2.6204489e-24
4889.1093	2.6285097e-24
4904.1475	2.636596e-24
4919.2319	2.6447076e-24
4934.3628	2.6528448e-24
4949.5402	2.6610075e-24
4964.7643	2.6691959e-24
4980.0352	2.6774101e-24
4995.3531	2.6856501e-24
5010.7181	2.693916e-24
5026.1303	2.7022079e-24
5041.59	2.7105269e-24
5057.0972	2.7188701e-24
5072.6521	2.7272406e-24
5088.2549	2.7356373e-24
5103.9056	2.7440606e-24
5119.6045	2.7525103e-24
5135.3517	2.7609866e-24
5151.1473	2.7694896e-24
5166.9915	2.7780194e-24
5182.8844	2.7865761e-24
5198.8262	2.7951597e-24
5214.8171	2.8037703e-24
5230.8571	2.812408e-24
5246.9465	2.821073e-24
5263.0854	2.8297653e-24
5279.2739	2.8384849e-24
5295.5122	2.8472321e-24
5311.8004	2.8560068e-24
5328.1387	2.8648091e-24
5344.5273	2.8736393e-24
5360.9663	2.8824972e-24
5377.4559	2.8913831e-24
5393.9962	2.900297e-24
5410.5874	2.9092391e-24
5427.2296	2.9182093e-24
5443.923	2.9272078e-24
5460.6677	2.936235e-24
5477.4639	2.9452902e-24
5494.3118	2.9543742e-24
5511.2116	2.9634869e-24
5528.1633	2.9726283e-24
5545.1671	2.9817986e-24
5562.2233	2.9909979e-24
5579.3319	3.0002262e-24
5596.4931	3.0094837e-24
5613.7071	3.0187704e-24
5630.9741	3.0280865e-24
5648.2942	3.037432e-24
5665.6675	3.0468071e-24
5683.0943	3.0562118e-24
5700.5747	3.0656462e-24
5718.1088	3.0751104e-24
5735.6969	3.0846046e-24
5753.3391	3.0941289e-24
5771.0356	3.1036832e-24
5788.7865	3.1132678e-24
5806.5919	3.1228827e-24
5824.4522	3.1325281e-24
5842.3674	3.1422042e-24
5860.3377	3.1519109e-24
5878.3632	3.1616484e-24
5896.4443	3.1714167e-24
5914.5809	3.1812159e-24
5932.7733	3.1910462e-24
5951.0217	3.2009077e-24
5969.3262	3.2108004e-24
5987.687	3.2207245e-24
6006.1042	3.2306801e-24
6024.5781	3.2406672e-24
6043.1089	3.250686e-24
6061.6966	3.2607366e-24
6080.3416	3.2708191e-24
6099.0438	3.2809336e-24
6117.8036	3.2910803e-24
6136.6211	3.3012591e-24
6155.4965	3.3114703e-24
6174.4299	3.3217139e-24
6193.4216	3.3319901e-24
6212.4717	3.3422989e-24
6231.5804	3.3526406e-24
6250.7478	3.3630151e-24
6269.9742	3.3734226e-24
6289.2598	3.3838632e-24
6308.6046	3.394337e-24
6328.009	3.4048442e-24
6347.4731	3.4153848e-24
6366.997	3.425959e-24
6386.581	3.4365669e-24
6406.2252	3.4472085e-24
6425.9298	3.4578841e-24
6445.6951	3.4685937e-24
6465.5211	3.4793375e-24
6485.4081	3.4901155e-24
6505.3563	3.5009279e-24
6525.3659	3.5117749e-24
6545.437	3.5226564e-24
6565.5698	3.5335727e-24
6585.7646	3.5445239e-24
6606.0215	3.55551e-24
6626.3406	3.5665313e-24
6646.7223	3.5775877e-24
6667.1667	3.5886796e-24
6687.674	3.5998069e-24
6708.2443	3.6109698e-24
6728.8779	3.6221685e-24
6749.575	3.633403e-24
6770.3357	3.6446735e-24
6791.1603	3.65598e-24
6812.0489	3.6673229e-24
6833.0018	3.678702e-24
6854.0192	3.6901177e-24
6875.1012	3.70157e-24
6896.248	3.7130591e-24
6917.4599	3.724585e-24
6938.737	3.7361479e-24
6960.0796	3.747748e-24
6981.4878	3.7593854e-24
7002.9619	3.7710602e-24
7024.502	3.7827725e-24
7046.1083	3.7945225e-24
7067.7812	3.8063103e-24
7089.5207	3.8181361e-24
7111.327	3.83e-24
7133.2004	3.8419021e-24
7155.1412	3.8538426e-24
7177.1494	3.8658215e-24
7199.2252	3.8778392e-24
7221.369	3.8898956e-24
7243.5809	3.9019909e-24
7265.8612	3.9141254e-24
7288.2099	3.926299e-24
7310.6274	3.938512e-24
7333.1139	3.9507645e-24
7355.6695	3.9630567e-24
7378.2945	3.9753886e-24
7400.9891	3.9877606e-24
7423.7535	4.0001726e-24
7446.5879	4.0126248e-24
7469.4925	4.0251175e-24
7492.4676	4.0376507e-24
7515.5134	4.0502246e-24
7538.63	4.0628394e-24
7561.8178	4.0754952e-24
7585.0769	4.0881921e-24
7608.4075	4.1009304e-24
7631.8099	4.1137102e-24
7655.2842	4.1265316e-24
7678.8308	4.1393948e-24
7702.4498	4.1522999e-24
7726.1414	4.1652472e-24
7749.906	4.1782367e-24
7773.7436	4.1912688e-24
7797.6545	4.2043434e-24
7821.639	4.2174608e-24
7845.6972	4.2306211e-24
7869.8295	4.2438246e-24
7894.0359	4.2570713e-24
7918.3169	4.2703615e-24
7942.6725	4.2836954e-24
7967.103	4.297073e-24
7991.6087	4.3104946e-24
8016.1898	4.3239604e-24
8040.8464	4.3374705e-24
8065.5789	4.3510251e-24
8090.3875	4.3646244e-24
8115.2724	4.3782686e-24
8140.2338	4.3919579e-24
8165.272	4.4056923e-24
8190.3872	4.4194723e-24
8215.5797	4.4332978e-24
8240.8496	4.4471691e-24
8266.1973	4.4610864e-24
8291.623	4.4750499e-24
8317.1268	4.4890598e-24
8342.7091	4.5031163e-24
8368.3701	4.5172196e-24
8394.11	4.5313698e-24
8419.9291	4.5455672e-24
8445.8276	4.559812e-24
8471.8058	4.5741044e-24
8497.8639	4.5884446e-24
8524.0021	4.6028327e-24
8550.2207	4.6172691e-24
8576.52	4.6317539e-24
8602.9001	4.6462874e-24
8629.3614	4.6608697e-24
8655.9041	4.6755011e-24
8682.5285	4.6901818e-24
8709.2347	4.704912e-24
8736.0231	4.719692e-24
8762.8938	4.7345219e-24
8789.8472	4.7494021e-24
8816.8836	4.7643327e-24
8844.003	4.779314e-24
8871.2059	4.7943462e-24
8898.4925	4.8094296e-24
8925.863	4.8245644e-24
8953.3177	4.8397508e-24
8980.8568	4.8549892e-24
9008.4807	4.8702797e-24
9036.1895	4.8856226e-24
9063.9835	4.9010182e-24
9091.863	4.9164668e-24
9119.8283	4.9319685e-24
9147.8796	4.9475238e-24
9176.0172	4.9631328e-24
9204.2413	4.9787958e-24
9232.5522	4.9945132e-24
9260.9503	5.0102851e-24
9289.4356	5.0261119e-24
9318.0086	5.0419939e-24
9346.6695	5.0579314e-24
9375.4185	5.0739247e-24
9404.256	5.0899741e-24
9433.1821	5.1060799e-24
9462.1973	5.1222424e-24
9491.3016	5.1384619e-24
9520.4955	5.1547388e-24
9549.7792	5.1710734e-24
9579.153	5.187466e-24
9608.6171	5.2039171e-24
9638.1718	5.2204268e-24
9667.8175	5.2369957e-24
9697.5543	5.253624e-24
9727.3826	5.2703121e-24
9757.3027	5.2870604e-24
9787.3147	5.3038693e-24
9817.4191	5.3207391e-24
9847.6161	5.3376703e-24
9877.906	5.3546633e-24
9908.289	5.3717185e-24
9938.7655	5.3888363e-24
9969.3357	5.4060171e-24
10000	5.4232613e-24
