1 931158000 931158900 900
2 931158900 931159800 900
3 931159800 931160700 900
4 931160700 931161600 900
5 931161600 931162500 900
6 931162500 931163400 900
7 931163400 931164300 900
8 931164300 931165200 900
9 931165200 931166100 900
10 931166100 931167000 900
11 931167000 931167900 900
12 931167900 931168800 900
13 931168800 931169700 900
14 931169700 931170600 900
15 931170600 931171500 900
16 931171500 931172400 900
17 931172400 931173300 900
18 931173300 931174200 900
19 931174200 931175100 900
20 931175100 931176000 900
21 931176000 931176900 900
22 931176900 931177800 900
23 931177800 931178700 900
24 931178700 931179600 900
25 931179600 931180500 900
26 931180500 931181400 900
27 931181400 931182300 900
28 931182300 931183200 900
29 931183200 931184100 900
30 931184100 931185000 900
31 931185000 931185900 900
32 931185900 931186800 900
33 931186800 931187700 900
34 931187700 931188600 900
35 931188600 931189500 900
36 931189500 931190400 900
37 931190400 931191300 900
38 931191300 931192200 900
39 931192200 931193100 900
40 931193100 931194000 900
41 931194000 931194900 900
42 931194900 931195800 900
43 931195800 931196700 900
44 931196700 931197600 900
45 931197600 931198500 900
46 931198500 931199400 900
47 931199400 931200300 900
48 931200300 931201200 900
49 931201200 931202100 900
50 931202100 931203000 900
51 931203000 931203900 900
52 931203900 931204800 900
53 931204800 931205700 900
54 931205700 931206600 900
55 931206600 931207500 900
56 931207500 931208400 900
57 931208400 931209300 900
58 931209300 931210200 900
59 931210200 931211100 900
60 931211100 931212000 900
61 931212000 931212900 900
62 931212900 931213800 900
63 931213800 931214700 900
64 931214700 931215600 900
65 931215600 931216500 900
66 931216500 931217400 900
67 931217400 931218300 900
68 931218300 931219200 900
69 931219200 931220100 900
70 931220100 931221000 900
71 931221000 931221900 900
72 931221900 931222800 900
73 931222800 931223700 900
74 931223700 931224600 900
75 931224600 931225500 900
76 931225500 931226400 900
77 931226400 931227300 900
78 931227300 931228200 900
79 931228200 931229100 900
80 931229100 931230000 900
81 931230000 931230900 900
82 931230900 931231800 900
83 931231800 931232700 900
84 931232700 931233600 900
85 931233600 931234500 900
86 931234500 931235400 900
87 931235400 931236300 900
88 931236300 931237200 900
89 931237200 931238100 900
90 931238100 931239000 900
91 931239000 931239900 900
92 931239900 931240800 900
93 931240800 931241700 900
94 931241700 931242600 900
95 931242600 931243500 900
96 931243500 931244400 900
97 931244400 931245300 900
98 931245300 931246200 900
99 931246200 931247100 900
100 931247100 931248000 900
101 931248000 931248900 900
102 931248900 931249800 900
103 931249800 931250700 900
104 931250700 931251600 900
105 931251600 931252500 900
106 931252500 931253400 900
107 931253400 931254300 900
108 931254300 931255200 900
109 931255200 931256100 900
110 931256100 931257000 900
111 931257000 931257900 900
112 931257900 931258800 900
