1 931158000 931159000 1000
2 931159000 931160000 1000
3 931160000 931161000 1000
4 931161000 931162000 1000
5 931162000 931163000 1000
6 931163000 931164000 1000
7 931164000 931165000 1000
8 931165000 931166000 1000
9 931166000 931167000 1000
10 931167000 931168000 1000
11 931168000 931169000 1000
12 931169000 931170000 1000
13 931170000 931171000 1000
14 931171000 931172000 1000
15 931172000 931173000 1000
16 931173000 931174000 1000
17 931174000 931175000 1000
18 931175000 931176000 1000
19 931176000 931177000 1000
20 931177000 931178000 1000
21 931178000 931179000 1000
22 931179000 931180000 1000
23 931180000 931181000 1000
24 931181000 931182000 1000
25 931182000 931183000 1000
26 931183000 931184000 1000
27 931184000 931185000 1000
28 931185000 931186000 1000
29 931186000 931187000 1000
30 931187000 931188000 1000
31 931188000 931189000 1000
32 931189000 931190000 1000
33 931190000 931191000 1000
34 931191000 931192000 1000
35 931192000 931193000 1000
36 931193000 931194000 1000
37 931194000 931195000 1000
38 931195000 931196000 1000
39 931196000 931197000 1000
40 931197000 931198000 1000
41 931198000 931199000 1000
42 931199000 931200000 1000
43 931200000 931201000 1000
44 931201000 931202000 1000
45 931202000 931203000 1000
46 931203000 931204000 1000
47 931204000 931205000 1000
48 931205000 931206000 1000
49 931206000 931207000 1000
50 931207000 931208000 1000
51 931208000 931209000 1000
52 931209000 931210000 1000
53 931210000 931211000 1000
54 931211000 931212000 1000
55 931212000 931213000 1000
56 931213000 931214000 1000
57 931214000 931215000 1000
58 931215000 931216000 1000
59 931216000 931217000 1000
60 931217000 931218000 1000
61 931218000 931219000 1000
62 931219000 931220000 1000
63 931220000 931221000 1000
64 931221000 931222000 1000
65 931222000 931223000 1000
66 931223000 931224000 1000
67 931224000 931225000 1000
68 931225000 931226000 1000
69 931226000 931227000 1000
70 931227000 931228000 1000
71 931228000 931229000 1000
72 931229000 931230000 1000
73 931230000 931231000 1000
74 931231000 931232000 1000
75 931232000 931233000 1000
76 931233000 931234000 1000
77 931234000 931235000 1000
78 931235000 931236000 1000
79 931236000 931237000 1000
80 931237000 931238000 1000
81 931238000 931239000 1000
82 931239000 931240000 1000
83 931240000 931241000 1000
84 931241000 931242000 1000
85 931242000 931243000 1000
86 931243000 931244000 1000
87 931244000 931245000 1000
88 931245000 931246000 1000
89 931246000 931247000 1000
90 931247000 931248000 1000
91 931248000 931249000 1000
92 931249000 931250000 1000
93 931250000 931251000 1000
94 931251000 931252000 1000
95 931252000 931253000 1000
96 931253000 931254000 1000
97 931254000 931255000 1000
98 931255000 931256000 1000
99 931256000 931257000 1000
100 931257000 931258000 1000
101 931258000 931259000 1000
