931788907 931789033
932057090 932057144
932058584 932058632
932076905 932077032
932105704 932105831
932183000 932183079
932192106 932192232
932197506 932197576
932249706 932249833
932265946 932266002
932334541 932334587
932336110 932336234
932349766 932349817
932380175 932380218
932422503 932422630
932451304 932451430
932458334 932458412
932462032 932462077
932509496 932509540
932537704 932537828
932553259 932553328
932559368 932559415
932566503 932566629
932595303 932595431
932641048 932641103
932652904 932653030
932709378 932709421
932710506 932710629
932805196 932805271
932854506 932854633
932860322 932860401
932905562 932905641
932912106 932912233
932914163 932914218
932918010 932918058
932940906 932941033
932960578 932960649
932968002 932968057
932969467 932969523
932998507 932998633
933044779 933044833
933048483 933048530
933056107 933056233
933070755 933070833
933113705 933113832
933142504 933142632
933146778 933146832
933152251 933152304
933171308 933171432
933176850 933176904
933200106 933200232
933204586 933204664
933253596 933253648
933257708 933257832
933286508 933286633
933306558 933306609
933315306 933315432
933322676 933322720
933325101 933325144
933347893 933347946
933352011 933352064
933424749 933424803
933488102 933488230
933489878 933489958
933514374 933514430
933516902 933517029
933574502 933574629
933578261 933578318
933587157 933587206
933603301 933603429
933652742 933652798
933660901 933661030
933670894 933670974
933718501 933718630
933747301 933747430
933804903 933805032
933812207 933812288
933833703 933833832
933845007 933845056
933869575 933869656
933891303 933891432
933893047 933893104
933904928 933904976
933911415 933911496
934006503 934006632
934010567 934010624
934018608 934018656
934064103 934064232
934068143 934068216
934083647 934083704
934102568 934102640
934231254 934231311
934265703 934265831
934309966 934310039
934348151 934348207
934352103 934352230
934392606 934392655
934409702 934409831
934438502 934438631
934441182 934441239
934486174 934486247
934494662 934494711
934496102 934496231
934524902 934525031
934599942 934600023
934605119 934605166
934611302 934611431
934621806 934621855
934668902 934669031
934675062 934675143
934697702 934697831
934775230 934775279
934779870 934779927
934784102 934784231
934870502 934870631
934881159 934881207
934945862 934945943
934956902 934957031
934961990 934962039
935005726 935005783
935014502 935014631
935100902 935101031
935137742 935137823
935143334 935143391
