931039825 931039830
931039835 931039840
931039845 931039850
931040119 931040220
931052893 931052898
931052903 931052908
931052913 931052918
931063963 931064013
931068919 931069020
931079680 931079685
931079690 931079695
931079700 931079705
931089945 931089950
931089955 931089960
931089965 931089970
931097719 931097820
931126519 931126620
931130712 931130717
931130722 931130727
931130732 931130737
931133551 931133556
931133561 931133566
931133571 931133576
931144580 931144585
931144590 931144595
931144600 931144605
931155319 931155420
931184119 931184220
931212919 931213020
931232282 931232287
931232292 931232297
931232302 931232307
931237573 931237578
931237583 931237588
931237593 931237598
931241719 931241820
931268685 931268690
931268695 931268700
931268705 931268710
931270519 931270620
931293420 931293425
931293430 931293435
931293440 931293445
931299319 931299420
931299644 931299649
931299654 931299659
931299664 931299669
931328119 931328220
931356919 931357020
931363098 931363103
931363108 931363113
931363118 931363123
931385719 931385820
931394570 931394580
931394581 931394590
931394591 931394600
931394601 931394610
931394611 931394620
931409204 931409209
931409214 931409219
931409224 931409229
931413912 931413917
931413922 931413927
931413932 931413937
931414519 931414620
931431088 931431138
931443319 931443420
931444110 931444115
931444120 931444125
931444130 931444135
931457694 931457699
931457704 931457709
931457714 931457719
931460326 931460330
931460331 931460332
931460336 931460340
931460341 931460342
931460346 931460350
931460351 931460352
931464376 931464380
931464381 931464382
931464386 931464390
931464391 931464392
931464396 931464400
931464401 931464402
931472119 931472220
931482369 931482374
931482379 931482384
931482389 931482394
931490765 931490770
931490775 931490780
931490785 931490790
931494048 931494053
931494058 931494063
931494068 931494073
931500919 931501020
931529719 931529820
931536159 931536164
931536169 931536174
931536179 931536184
931558519 931558620
931575992 931575997
931576002 931576007
931576012 931576017
931587319 931587420
931616119 931616220
931636466 931636470
931636471 931636472
931636476 931636480
931636481 931636482
931636486 931636490
931636491 931636492
931644919 931645020
931667825 931667830
931667835 931667840
931667845 931667850
931673719 931673820
931687017 931687022
931687027 931687032
931687037 931687042
931689833 931689838
931689843 931689848
931689853 931689858
931702519 931702620
931728818 931728863
931731319 931731420
931760119 931760220
931788919 931789020
931803121 931803126
931803131 931803136
931803141 931803146
931817719 931817820
931846519 931846620
931875319 931875420
931885361 931885366
931885371 931885376
931885381 931885386
931902932 931902977
931904119 931904220
931922332 931922337
931922342 931922347
931922352 931922357
931932919 931933020
931961149 931961154
931961159 931961164
931961169 931961174
931961719 931961820
931970655 931970660
931970661 931970670
931970671 931970680
931970681 931970690
931970691 931970700
931990519 931990620
931999382 931999387
931999392 931999397
931999402 931999407
932019319 932019420
932021242 932021287
932031403 932031448
932034958 932035003
932040985 932040990
932040995 932041000
932041005 932041010
932048119 932048220
932050323 932050328
932050333 932050338
932050343 932050348
932057106 932057110
932057111 932057112
932057116 932057120
932057121 932057122
932057126 932057130
932057131 932057132
932058598 932058603
932058608 932058613
932058618 932058623
932076919 932077020
932105719 932105820
932134519 932134620
932159546 932159550
932159551 932159552
932159556 932159560
932159561 932159562
932159566 932159570
932159571 932159572
932163319 932163420
932183017 932183062
932192119 932192220
932197517 932197562
932220919 932221020
932228236 932228240
932228241 932228242
932228246 932228250
932228251 932228252
932228256 932228260
932228261 932228262
932249719 932249820
932265966 932265970
932265971 932265972
932265976 932265980
932265981 932265982
932265986 932265990
932265991 932265992
932278519 932278620
932307319 932307420
932316823 932316868
932334554 932334559
932334564 932334569
932334574 932334579
932336119 932336220
932349782 932349787
932349792 932349797
932349802 932349807
932364919 932365020
932380186 932380190
932380191 932380192
932380196 932380200
932380201 932380202
932380206 932380210
932380211 932380212
932386203 932386208
932386213 932386218
932386223 932386228
932390926 932390930
932390931 932390932
932390936 932390940
932390941 932390942
932390946 932390950
932390951 932390952
932393719 932393820
932402474 932402479
932402484 932402489
932402494 932402499
932422519 932422620
932428230 932428235
932428240 932428245
932428250 932428255
932451319 932451420
932458349 932458394
932462041 932462046
932462051 932462056
932462061 932462066
932466679 932466684
932466689 932466694
932466699 932466704
932479159 932479204
932480119 932480220
932508919 932509020
932509505 932509510
932509515 932509520
932509525 932509530
932524102 932524107
932524112 932524117
932524122 932524127
932528645 932528650
932528655 932528660
932528665 932528670
932537719 932537820
932553265 932553270
932553271 932553280
932553281 932553290
932553291 932553300
932553301 932553310
932559378 932559383
932559388 932559393
932559398 932559403
932566519 932566620
932595319 932595420
932624119 932624220
932641061 932641066
932641071 932641076
932641081 932641086
932652919 932653020
932667552 932667557
932667562 932667567
932667572 932667577
932681719 932681820
932709387 932709392
932709397 932709402
932709407 932709412
932710519 932710620
932739319 932739420
932768119 932768220
932796919 932797020
932805206 932805210
932805211 932805220
932805221 932805230
932805231 932805240
932805241 932805250
932805251 932805252
932825719 932825820
932836814 932836859
932854519 932854620
932860339 932860384
932870032 932870037
932870042 932870047
932870052 932870057
932877317 932877322
932877327 932877332
932877337 932877342
932883319 932883420
932905582 932905627
932912119 932912220
932914180 932914185
932914190 932914195
932914200 932914205
932918026 932918030
932918031 932918032
932918036 932918040
932918041 932918042
932918046 932918050
932918051 932918052
932940919 932941020
932960591 932960600
932960601 932960610
932960611 932960620
932960621 932960630
932960631 932960636
932968022 932968027
932968032 932968037
932968042 932968047
932969483 932969488
932969493 932969498
932969503 932969508
932969719 932969820
932998519 932998620
933010203 933010248
933023383 933023388
933023393 933023398
933023403 933023408
933027319 933027420
933044795 933044800
933044805 933044810
933044815 933044820
933048497 933048502
933048507 933048512
933048517 933048522
933056119 933056220
933070772 933070817
933082785 933082790
933082795 933082800
933082805 933082810
933084919 933085020
933113719 933113820
933142519 933142620
933146793 933146798
933146803 933146808
933146813 933146818
933152267 933152272
933152277 933152282
933152287 933152292
933157218 933157223
933157228 933157233
933157238 933157243
933171319 933171420
933176866 933176870
933176871 933176872
933176876 933176880
933176881 933176882
933176886 933176890
933176891 933176892
933181209 933181254
933189567 933189572
933189577 933189582
933189587 933189592
933200119 933200220
933204602 933204647
933228919 933229020
933233572 933233577
933233582 933233587
933233592 933233597
933248224 933248269
933253609 933253614
933253619 933253624
933253629 933253634
933257719 933257820
933286519 933286620
933306569 933306574
933306579 933306584
933306589 933306594
933315319 933315420
933322685 933322690
933322695 933322700
933322705 933322710
933325109 933325114
933325119 933325124
933325129 933325134
933344119 933344220
933347908 933347913
933347918 933347923
933347928 933347933
933352025 933352030
933352035 933352040
933352045 933352050
933372919 933373020
933374209 933374214
933374219 933374224
933374229 933374234
933379705 933379710
933379711 933379720
933379721 933379730
933379731 933379740
933379741 933379750
933386835 933386840
933386845 933386850
933386855 933386860
933401719 933401820
933424764 933424769
933424774 933424779
933424784 933424789
933430519 933430620
933456185 933456190
933456195 933456200
933456205 933456210
933459319 933459420
933475397 933475442
933488119 933488220
933489896 933489900
933489901 933489910
933489911 933489920
933489921 933489930
933489931 933489940
933489941 933489942
933514392 933514397
933514402 933514407
933514412 933514417
933516919 933517020
933545719 933545820
933556638 933556643
933556648 933556653
933556658 933556663
933567466 933567470
933567471 933567472
933567476 933567480
933567481 933567482
933567486 933567490
933567491 933567492
933574519 933574620
933578283 933578288
933578293 933578298
933578303 933578308
933587175 933587180
933587185 933587190
933587195 933587200
933603319 933603420
933623346 933623350
933623351 933623352
933623356 933623360
933623361 933623362
933623366 933623370
933623371 933623372
933632119 933632220
933652763 933652768
933652773 933652778
933652783 933652788
933660919 933661020
933670914 933670959
933689719 933689820
933694516 933694520
933694521 933694530
933694531 933694540
933694541 933694550
933694551 933694560
933718519 933718620
933747319 933747420
933776119 933776220
933804919 933805020
933833719 933833820
933862519 933862620
933891319 933891420
933904945 933904950
933904955 933904960
933904965 933904970
933911433 933911483
933920119 933920220
933930438 933930443
933930448 933930453
933930458 933930463
933948919 933949020
933970425 933970430
933970435 933970440
933970445 933970450
933977719 933977820
933986808 933986813
933986818 933986823
933986828 933986833
933998107 933998112
933998117 933998122
933998127 933998132
934006519 934006620
934010586 934010590
934010591 934010592
934010596 934010600
934010601 934010602
934010606 934010610
934010611 934010612
934018624 934018629
934018634 934018639
934018644 934018649
934034975 934034980
934034981 934034990
934034991 934035000
934035001 934035010
934035011 934035020
934035021 934035025
934035319 934035420
934045248 934045253
934045258 934045263
934045268 934045273
934051115 934051120
934051125 934051130
934051135 934051140
934064119 934064220
934068160 934068170
934068171 934068180
934068181 934068190
934068191 934068200
934068201 934068210
934083669 934083674
934083679 934083684
934083689 934083694
934092919 934093020
934102583 934102633
934121719 934121820
934140596 934140600
934140601 934140602
934140606 934140610
934140611 934140612
934140616 934140620
934140621 934140622
934150519 934150620
934151082 934151132
934171767 934171772
934171777 934171782
934171787 934171792
934176265 934176270
934176275 934176280
934176285 934176290
934179319 934179420
934206469 934206474
934206479 934206484
934206489 934206494
934208119 934208220
934213813 934213818
934213823 934213828
934213833 934213838
934231273 934231278
934231283 934231288
934231293 934231298
934236919 934237020
934250115 934250120
934250125 934250130
934250135 934250140
934265719 934265820
934294519 934294620
934309983 934310033
934323319 934323420
934331837 934331842
934331847 934331852
934331857 934331862
934348169 934348174
934348179 934348184
934348189 934348194
934352119 934352220
934369403 934369453
934380919 934381020
934392624 934392629
934392634 934392639
934392644 934392649
934409719 934409820
934418923 934418928
934418933 934418938
934418943 934418948
934438519 934438620
934441204 934441209
934441214 934441219
934441224 934441229
934455671 934455676
934455681 934455686
934455691 934455696
934467319 934467420
934470019 934470024
934470029 934470034
934470039 934470044
934486191 934486200
934486201 934486210
934486211 934486220
934486221 934486230
934486231 934486240
934486241 934486242
934494679 934494684
934494689 934494694
934494699 934494704
934496119 934496220
934524919 934525020
934553303 934553308
934553313 934553318
934553323 934553328
934553719 934553820
934560692 934560697
934560702 934560707
934560712 934560717
934582519 934582620
934599960 934599970
934599971 934599980
934599981 934599990
934599991 934600000
934600001 934600010
934611319 934611420
934621821 934621826
934621831 934621836
934621841 934621846
934640119 934640220
934649987 934649992
934649997 934650002
934650007 934650012
934657288 934657293
934657298 934657303
934657308 934657313
934668919 934669020
934675080 934675090
934675091 934675100
934675101 934675110
934675111 934675120
934675121 934675130
934697719 934697820
934726519 934726620
934731537 934731587
934752211 934752216
934752221 934752226
934752231 934752236
934755319 934755420
934761341 934761346
934761351 934761356
934761361 934761366
934775246 934775250
934775251 934775252
934775256 934775260
934775261 934775262
934775266 934775270
934775271 934775272
934779890 934779895
934779900 934779905
934779910 934779915
934784119 934784220
934799496 934799500
934799501 934799502
934799506 934799510
934799511 934799512
934799516 934799520
934799521 934799522
934812919 934813020
934834762 934834767
934834772 934834777
934834782 934834787
934841719 934841820
934861692 934861697
934861702 934861707
934861712 934861717
934870519 934870620
934881173 934881178
934881183 934881188
934881193 934881198
934899319 934899420
934913183 934913233
934923891 934923896
934923901 934923906
934923911 934923916
934928119 934928220
934945882 934945932
934956919 934957020
934962008 934962013
934962018 934962023
934962028 934962033
934981027 934981077
934985719 934985820
935005747 935005752
935005757 935005762
935005767 935005772
935014519 935014620
935015464 935015514
935041016 935041020
935041021 935041022
935041026 935041030
935041031 935041032
935041036 935041040
935041041 935041042
935043319 935043420
935059629 935059634
935059639 935059644
935059649 935059654
935072119 935072220
935079800 935079805
935079810 935079815
935079820 935079825
935090686 935090690
935090691 935090692
935090696 935090700
935090701 935090702
935090706 935090710
935090711 935090712
935100919 935101020
935129719 935129820
935137761 935137770
935137771 935137780
935137781 935137790
935137791 935137800
935137801 935137810
935137811 935137812
935143355 935143360
935143365 935143370
935143375 935143380
935151208 935151213
935151218 935151223
935151228 935151233
935158519 935158620
935169937 935169942
935169947 935169952
935169957 935169962
935187319 935187420
935205337 935205342
935205347 935205352
935205357 935205362
935216119 935216220
935219792 935219842
935234566 935234570
935234571 935234572
935234576 935234580
935234581 935234582
935234586 935234590
935234591 935234592
935239214 935239219
935239224 935239229
935239234 935239239
935244919 935245020
935262607 935262612
935262617 935262622
935262627 935262632
935266961 935266966
935266971 935266976
935266981 935266986
935271845 935271850
935271851 935271860
935271861 935271870
935271871 935271880
935271881 935271890
935271891 935271895
935273719 935273820
935302519 935302620
935310760 935310765
935310770 935310775
935310780 935310785
935331319 935331420
935340559 935340564
935340569 935340574
935340579 935340584
935360119 935360220
935368834 935368839
935368844 935368849
935368854 935368859
935388919 935389020
935415608 935415643
935417719 935417820
935504119 935504220
935531038 935531088
935532919 935533020
935534972 935534977
935534982 935534987
935534992 935534997
935546504 935546509
935546514 935546519
935546524 935546529
935552646 935552650
935552651 935552652
935552656 935552660
935552661 935552662
935552666 935552670
935552671 935552672
935561719 935561820
935576665 935576670
935576675 935576680
935576685 935576690
935590519 935590620
935601018 935601023
935601028 935601033
935601038 935601043
935617717 935617722
935617727 935617732
935617737 935617742
935619319 935619420
935634507 935634557
935648119 935648220
935670520 935670525
935670530 935670535
935670540 935670545
935676919 935677020
935705719 935705820
935715455 935715460
935715465 935715470
935715475 935715480
935730947 935730997
935734519 935734620
935763319 935763420
935781375 935781378
935781380 935781383
935781385 935781388
935781390 935781393
935781395 935781398
935781400 935781403
935781405 935781408
935781410 935781413
935781415 935781418
935781420 935781423
935792211 935792217
935792310 935792314
935792320 935792324
935792330 935792334
935797471 935797475
935797481 935797484
935797491 935797494
