3.00 3.795e-06
3.10 3.795e-06
3.20 3.795e-06
3.30 3.795e-06
3.40 3.795e-06
3.50 3.795e-06
3.60 3.795e-06
3.70 3.795e-06
3.80 3.795e-06
3.90 3.795e-06
4.00 3.795e-06
4.10 3.795e-06
4.20 3.795e-06
4.30 3.795e-06
4.40 3.795e-06
4.50 3.795e-06
4.60 3.795e-06
4.70 3.795e-06
4.80 3.795e-06
4.90 3.795e-06
5.00 3.795e-06
5.10 2.476e-06
5.20 1.596e-06
5.30 1.031e-06
5.40 6.615e-07
5.50 4.234e-07
5.60 2.706e-07
5.70 1.707e-07
5.80 1.081e-07
5.90 6.897e-08
6.00 4.330e-08
6.10 2.755e-08
6.20 1.786e-08
6.30 1.143e-08
6.40 7.754e-09
6.50 4.612e-09
6.60 2.967e-09
6.70 2.056e-09
6.80 1.498e-09
6.90 9.399e-10
7.00 6.462e-10
7.10 4.406e-10
7.20 3.525e-10
7.30 2.937e-10
7.40 2.350e-10
7.50 1.469e-10
7.60 1.175e-10
7.70 5.875e-11
7.80 5.875e-11
7.90 2.937e-11
8.00 2.937e-11
8.10 2.937e-11
8.20 2.937e-11
8.30 2.937e-11
8.40 2.937e-11
8.50 2.937e-11
8.60 0.000e+00
8.70 0.000e+00
8.80 0.000e+00
8.90 0.000e+00
