931052708 931055109
931076896 931078422
931078516 931079417
931080617 931083969
931084877 931085909
931087097 931090398
931091956 931094716
931125824 931126315
931127116 931131473
931131904 931132967
931134040 931134057
931134555 931139711
931150944 931153447
931155452 931155578
931157974 931158580
931160296 931168114
931172416 931173654
931174456 931177008
931178537 931191093
931212561 931215048
931218886 931220215
931242056 931242063
931242123 931245477
931250547 931252551
931257335 931260610
931261877 931268002
931270026 931271679
931275027 931275754
931283293 931285117
931290692 931291128
931292789 931292910
931317186 931319458
931321135 931330524
931331181 931338588
931340994 931351287
931351306 931354215
931357989 931358526
931365256 931377046
931386256 931404478
931413997 931415072
931418878 931424544
931426097 931431487
931431492 931432940
931434808 931435534
931436849 931436936
931439658 931439964
931443031 931443438
931446557 931457928
931461152 931467247
931468817 931470168
931471301 931472783
931479596 931480268
931483130 931483408
931484557 931488865
931491250 931493989
931499526 931500161
931532577 931540489
931572684 931575486
931576945 931577571
931582611 931586908
931587429 931592256
931600810 931615577
931617383 931619011
931657083 931657197
931658625 931659071
931660306 931663309
931664128 931666344
931667306 931673022
931673608 931674755
931685699 931686164
931699514 931699605
931704410 931706625
931712153 931712998
931722628 931725593
931729355 931732192
931735500 931748232
931755809 931757397
931757428 931761602
931765138 931775068
931775338 931776362
931776790 931777324
931778453 931785726
931788493 931789948
931793105 931795282
931806644 931807091
931811212 931811707
931814270 931816107
931817031 931819923
931819959 931822815
931826475 931832040
931836793 931842637
931842932 931843486
931845510 931846612
931851319 931856064
931857948 931859847
931862953 931873915
931876107 931878044
931881147 931881152
931882589 931882717
931883485 931885139
931886238 931888049
931906891 931913697
931914606 931941442
931949457 931953010
931954992 931956099
931972859 931979336
931983901 931985765
931988658 931991834
931998060 931998951
932001611 932003769
932010680 932011112
932014809 932015472
932017822 932025262
932033001 932038678
932041437 932047266
932049047 932055058
932058572 932060587
932062705 932074138
932081683 932090746
932094330 932106401
932107168 932108653
932108680 932109218
932109959 932112658
932115268 932122405
932123648 932130147
932132100 932133122
932144795 932146282
932148013 932149655
932160666 932161256
932163273 932164052
932172102 932178160
932187087 932191441
932196440 932202885
932205873 932214935
932269258 932269480
932270492 932284674
932288665 932289857
932293443 932308128
932311471 932312149
932316434 932317068
932318261 932318278
932319084 932319274
932320369 932320656
932322188 932322247
932323723 932324420
932345677 932345972
932348140 932356999
932359128 932361834
932362651 932365837
932370618 932373156
932379009 932382683
932388600 932389228
932392463 932396196
932399191 932399549
932408671 932411335
932417009 932417980
932418081 932418523
932419372 932419981
932420853 932421531
932422329 932422662
932425475 932428702
932434417 932435310
932435651 932435818
932441350 932463697
932465416 932466961
932470756 932486982
932492038 932494822
932495918 932496512
932498631 932504674
932505817 932521140
932521942 932522273
932524282 932525229
932526160 932529588
932530779 932537341
932540797 932547513
932550889 932559595
932562483 932566399
932587098 932592903
932594634 932601620
932603799 932611888
932616154 932619001
932619581 932623846
932627169 932627258
932628292 932635506
932637850 932641762
932648123 932658501
932662932 932664855
932666899 932673372
932675678 932680046
932682523 932709376
932711212 932713715
932717212 932723943
932724757 932726404
932729381 932730308
932736772 932738407
932758842 932759066
932760935 932761469
932763575 932765863
932771327 932771745
932791915 932799100
932803648 932807971
932810102 932828440
932935560 932936370
932939605 932948405
932958826 932959434
932960498 932964635
932965829 932968833
932969810 932976045
932976597 932978319
932979353 932989948
932991285 932996087
932997233 932997815
933010476 933012257
933012293 933012412
933014598 933014931
933015825 933018592
933048184 933050737
933061327 933061888
933063485 933067897
933076358 933077741
933078827 933085744
933089709 933090528
933091353 933093218
933095086 933096088
933102655 933102712
933104983 933105996
933106098 933109832
933142374 933147051
933149548 933150132
933154332 933155191
933166840 933167952
933180305 933228575
933234841 933236147
933237803 933250724
933252472 933264843
933268926 933268991
933269425 933276385
933278719 933289802
933292866 933308454
933316739 933346905
933352584 933352981
933354387 933357405
933369460 933373018
933373946 933376274
933379458 933380182
933390050 933392172
933401132 933405773
933411506 933416378
933419191 933419892
933425997 933428547
933431363 933433253
933467398 933467473
933481667 933483047
933498781 933499059
933504175 933507523
933512959 933530708
933533260 933533731
933535061 933538290
933538317 933538318
933539631 933540368
933540661 933543271
933545624 933547418
933554019 933559012
933560786 933578547
933582359 933614159
933623054 933623073
933626104 933631479
933658954 933661172
933679663 933681993
933685797 933695265
933697149 933697995
933701582 933704909
933705402 933707068
933710382 933713249
933720060 933724188
933726635 933732989
933738363 933753294
933755040 933758333
933763551 933776703
933777613 933796659
933798794 933810507
933816782 933820204
933822603 933827232
933829024 933844069
933844620 933851241
933860664 933868181
933871738 933876868
933880194 933882512
933883904 933895703
933897396 933907032
933909120 933913217
933919242 933927220
933928531 933934329
933942989 933948482
933951212 933960023
933965109 933970404
933984631 933988606
933990657 933996695
933999363 934001566
934004537 934011340
934012338 934012829
934015221 934030026
934033006 934034451
934035818 934039962
934065792 934066467
934079170 934081021
934083340 934090931
934093285 934099524
934103335 934122971
934126605 934153067
934162221 934179538
934180030 934191995
934194572 934199684
934199726 934207132
934212549 934224256
934230874 934243990
934248432 934250640
934257654 934261893
934265631 934267289
934268094 934268336
934278581 934291760
934294840 934299178
934302076 934307717
934309513 934312061
934315699 934319983
934321640 934332597
934333611 934337090
934341532 934348551
934349542 934350097
934351875 934374417
934380729 934409208
934413129 934444664
934457174 934480024
934488006 934503550
934505241 934516079
934518086 934531269
934534908 934539865
934543178 934555499
934558569 934561537
934566136 934566924
934570265 934575046
934579364 934588346
934593938 934594320
934603526 934607122
934608260 934617379
934618944 934623791
934626312 934638534
934642338 934643441
934678632 934681632
934683337 934687193
934688697 934698468
934700165 934724587
934729106 934729918
934734882 934740272
934749183 934759654
934761553 934764139
934764199 934766866
934769511 934781817
934782782 934785893
934787913 934792051
934799416 934805816
934810005 934814838
934816742 934822009
934825021 934835254
934837092 934861073
934861380 934869535
934883764 934887919
934891950 934892607
934895850 934904753
934945006 934945603
934948257 934955323
934957381 934977770
935129407 935139791
935141699 935156449
935158341 935167865
935167907 935168409
935170647 935177366
935179081 935187045
935188296 935188891
935193460 935194621
935195991 935210231
935212593 935214377
935215876 935221320
935223510 935227064
935229277 935238455
935239579 935240653
935241927 935244473
935246268 935248398
935264940 935265091
935266781 935267440
935268670 935269731
935272939 935289446
935294958 935296441
935297264 935300788
935302229 935307516
935307581 935325157
935327618 935329657
935331196 935342495
935344652 935347109
935349860 935355107
935358716 935363437
935364721 935379524
935380867 935394597
935394642 935413833
935416561 935419811
935422071 935424298
935426469 935427438
935432174 935440025
935441697 935443997
935453782 935456759
935456819 935460333
935464161 935475997
935478488 935491275
935494493 935494792
935495170 935497417
935500148 935500953
935502150 935517451
935557148 935558828
935560001 935561731
935564063 935570689
935572280 935573341
935574302 935575904
935578012 935586478
935589327 935596804
935598275 935601046
935604250 935608709
935609962 935621952
935622144 935637040
935639180 935652897
935657326 935679831
935689166 935690117
935690224 935692920
935694609 935700114
935702502 935714506
935718349 935722982
935726672 935732848
935734795 935746184
935751213 935758791
