931130690 931130747
931275335 931275464
931328104 931328232
931673704 931673833
931731301 931731429
931760100 931760229
931788900 931792363
932105704 932105833
932197496 932197577
932316806 932316886
932349765 932349814
932380166 932380222
932393701 932393830
932422502 932422630
932428214 932428262
932451301 932451430
932458333 932458406
932462021 932462078
932466662 932466710
932479141 932479221
932480101 932480229
932508900 932509029
932509484 932509541
932528629 932528677
932553244 932553325
932559356 932559413
932595301 932595429
932641045 932641093
932652900 932653029
932667532 932667589
932709372 932709421
932796900 932797029
932805188 932805269
932940900 932941029
932960572 932960653
932968005 932968053
933048477 933048533
933142502 933142630
933146774 933146830
933181190 933181270
933189550 933189599
933200102 933200230
933204582 933204662
933248206 933248286
933253590 933253646
933257702 933257830
933286502 933286630
933306550 933306606
933322670 933322718
933325093 933325142
933344101 933344230
933372901 933373030
933374190 933374246
933379685 933379766
933514374 933514423
933516902 933517031
933545701 933545830
933556622 933556670
933567445 933567502
933574501 933574630
933578262 933578318
933660899 933661027
933689698 933689827
933747298 933747427
933776100 933776229
933790325 933790382
933804902 933805030
933833701 933833830
933845005 933845062
933862502 933862630
933891301 933891430
933893045 933893102
933904925 933904982
933911413 933911494
933920101 933920230
933930421 933930470
933970405 933970462
933986790 933986846
934006501 934006629
934010564 934010621
934018605 934018661
934083652 934083701
934121700 934121829
934140580 934140629
934150501 934150629
934151061 934151141
934171750 934171798
934179301 934179430
934206453 934206502
934213798 934213846
934231254 934231310
934236901 934237030
934265701 934265830
934309966 934310046
934323301 934323430
934331821 934331870
934348150 934348206
934352102 934352230
934380902 934381030
934392606 934392662
934418901 934418958
934438502 934438630
934441189 934441238
934467300 934467429
934470004 934470053
934494661 934494710
934496101 934496230
934524901 934525030
934553285 934553334
934553701 934553830
934582502 934582630
934605117 934605166
934611301 934611430
934621805 934621854
934697701 934697830
934752189 934752246
934755301 934755430
934775229 934775278
934779870 934779926
934784102 934784230
934799477 934799534
934812901 934813030
934834742 934834798
934841701 934841830
934861677 934861726
934899301 934899430
934961989 934962046
935129700 935129829
935137740 935137821
935143341 935143389
935151188 935151245
935158500 935158629
935205316 935205373
935216101 935216229
935219772 935219853
935234549 935234597
935266940 935266997
935273700 935273829
935302501 935302629
935331301 935331430
935340541 935340590
935360101 935360230
935368813 935368870
935388902 935389030
935417701 935417830
935436429 935436486
935504101 935504230
935561702 935561830
935590501 935590630
935600997 935601054
935617702 935617750
935619301 935619430
935634486 935634566
935648101 935648230
935670501 935670558
935676902 935677030
935705701 935705830
935730926 935731006
