931058360 931059244
931059395 931059410
931060172 931060221
931061033 931061048
931062342 931062523
931065577 931065592
931070702 931070717
931073237 931073247
931073540 931073550
931074144 931074155
931074215 931074232
931074311 931074321
931074386 931074398
931074547 931074556
931074679 931074688
931074795 931074809
931074844 931074860
931075060 931075072
931075085 931075095
931075209 931075218
931075646 931075655
931075768 931075777
931075973 931075982
931075983 931075995
931075996 931076018
931076019 931076031
931076038 931076049
931076143 931076155
931076192 931076202
931076210 931076219
931076220 931076232
931076237 931076246
931076247 931076263
931076275 931076284
931076290 931076304
931076316 931076335
931076344 931076369
931076404 931076429
931076434 931076473
931076480 931076502
931076503 931076512
931076513 931076551
931076560 931076570
931076593 931076604
931076615 931076625
931076628 931076645
931076646 931076655
931076656 931076672
931076700 931076714
931076715 931076733
931076741 931076750
931076751 931076765
931076766 931076782
931076784 931076793
931076794 931076812
931076813 931076863
931076864 931076890
931076891 931076905
931076906 931076957
931076964 931076975
931076981 931077008
931077009 931077024
931077027 931077040
931077041 931077050
931077051 931077087
931077088 931077107
931077108 931077120
931077121 931077130
931077141 931077181
931077182 931077206
931077207 931077225
931077227 931077247
931077249 931077285
931077286 931077327
931077331 931077504
931077505 931077620
931077621 931077659
931077661 931077688
931077689 931077727
931077733 931077793
931077794 931077822
931077823 931077935
931077936 931077957
931077958 931078252
931078253 931078280
931078281 931078432
931078433 931078553
931078554 931078635
931078643 931078696
931078698 931078745
931078746 931078937
931078938 931079017
931079018 931079077
931079078 931079142
931079143 931079179
931079180 931079198
931079203 931079233
931079234 931079248
931082999 931083016
931104190 931104205
931104244 931104259
931105079 931105094
931105288 931105303
931106527 931106542
931109270 931109286
931112557 931112572
931118737 931118746
931128511 931128526
931129505 931129520
931131596 931131651
931134358 931134373
931136591 931136606
931164448 931164463
931165193 931165208
931165467 931165482
931168927 931168942
931170969 931170984
931172941 931172956
931177646 931177661
931180034 931180049
931183337 931183352
931184349 931184364
931194543 931194558
931196852 931196867
931200719 931200734
931202273 931202288
931205651 931205666
931215324 931215469
931215934 931215949
931216437 931217824
931218371 931218386
931218941 931219027
931219406 931219421
931222235 931222244
931222255 931222903
931222923 931222980
931222986 931223091
931223456 931223471
931223823 931223924
931223979 931224080
931224143 931224246
931224593 931224608
931225432 931225556
931226159 931226174
931226301 931226472
931226837 931226852
931226978 931227078
931227433 931227448
931233793 931236973
931237990 931238005
931238202 931238298
931238688 931238703
931240345 931240433
931241092 931241107
931242064 931242183
931242569 931242584
931258302 931258410
931258475 931259512
931259919 931260109
931261478 931261493
931262074 931262214
931262583 931262598
931274838 931275024
931275092 931275671
931275707 931275796
931275855 931275919
931275987 931276632
931276646 931276994
931277153 931277257
931277258 931277564
931278508 931278697
931278710 931278874
931278886 931278972
931279008 931279081
931279194 931279350
931279389 931279536
931279542 931279709
931279729 931279787
931280029 931280173
931280192 931280448
931280501 931280602
931280632 931280750
931282413 931282428
931284000 931284071
931284149 931284347
931284664 931284765
931285106 931285217
931286151 931286166
931303681 931304551
931304924 931304939
931313880 931314002
931314079 931314306
931314381 931314507
931315345 931315360
931341957 931342429
931344354 931344369
931346620 931350208
931351030 931351045
931359299 931359524
931359554 931359644
931360174 931360189
931360909 931360993
931361015 931361098
931361111 931361175
931361186 931361233
931362450 931363638
931363652 931364172
931366976 931369601
931370818 931370920
931371740 931371755
931372145 931372254
931372649 931373551
931374461 931374613
931375088 931375103
931375153 931375384
931376045 931376060
931388233 931389943
931390545 931390560
931403540 931404491
931405736 931405751
931408206 931408517
931409015 931409030
931409732 931409741
931409837 931410114
931410548 931410563
931411671 931411822
931412327 931412342
931414883 931415027
931415102 931416950
931416954 931417308
931418252 931418267
931429778 931430231
931430406 931430805
931430881 931431272
931431941 931431956
931435448 931435686
931436108 931436123
931454209 931454312
931454397 931454567
931454991 931455136
931455216 931455301
931456529 931456544
931470474 931470565
931470652 931470738
931471157 931471172
931484550 931484745
931486429 931486444
931487515 931487627
931489209 931489699
931490450 931490465
931490649 931492901
931493391 931493406
931493810 931493819
931513913 931515671
931516696 931518490
931520195 931520561
931521923 931522098
931522178 931522304
931523733 931523866
931523960 931524118
931526423 931526644
931527373 931527388
931528608 931528712
931528801 931528986
931529632 931529778
931530291 931530306
931531363 931531507
931531597 931531868
931532046 931532390
931532895 931532910
931534701 931534829
931534868 931535023
931535067 931535815
931536401 931537579
931537649 931537766
931537881 931537987
931538537 931538670
931539463 931539478
931542032 931542229
931543051 931543066
931544810 931544932
931545015 931545167
931545189 931554488
931554491 931555864
931557284 931557299
931557329 931557637
931557826 931559091
931559266 931559623
931561123 931561138
931567998 931568123
931568161 931568346
931569096 931569111
931575696 931576818
931576957 931577111
931578105 931578120
931579682 931579914
931581070 931581085
931584404 931585955
931586015 931586148
931586194 931586335
931586447 931586570
931586622 931586729
931586788 931586884
931586934 931587045
931587600 931587993
931588788 931588803
931604002 931606991
931607119 931609595
931610898 931610913
931611136 931611354
931611986 931612001
931613415 931629575
931629850 931630024
931631483 931631498
931631761 931631958
931631975 931632070
931632169 931632279
931632475 931632636
931632641 931632773
931633393 931633408
931633932 931634094
931634679 931634694
931635379 931635523
931635684 931635792
931636583 931636598
931636702 931637207
931637315 931637928
931638087 931638734
931640421 931640603
931640711 931641355
931642102 931642117
931686178 931704250
931704251 931704487
931704506 931704698
931704733 931704863
931705984 931706440
931708713 931708728
931709050 931709163
931709747 931709762
931710083 931710182
931711149 931711164
931712911 931713055
931713078 931713447
931713465 931713875
931714765 931714780
931717949 931719538
931719658 931723107
931725460 931725475
931726093 931727266
931727269 931730424
931730456 931731372
931732095 931732110
931732534 931732789
931732792 931732905
931733691 931733706
931734801 931734904
931734923 931735074
931735097 931735243
931735871 931735886
931742437 931745249
931745518 931745915
931746129 931746217
931746220 931746330
931747164 931747179
931748453 931748584
931750028 931751443
931751451 931751578
931751604 931753300
931753971 931753986
931756099 931756215
931756231 931756356
931756372 931756503
931756546 931756684
931758082 931758097
931758638 931758766
931763212 931763375
931763500 931764471
931764607 931764879
931765695 931765710
931777557 931777732
931778312 931778327
931778674 931778795
931779466 931779481
931779852 931780028
931780050 931780124
931780126 931780152
931780324 931780472
931781039 931781054
931781397 931781562
931781665 931781857
931782430 931782445
931782741 931783788
931784352 931784367
931795709 931795834
931795973 931796174
931796834 931796849
931797188 931797302
931798164 931798179
931799621 931799745
931799760 931799855
931799876 931799995
931800645 931800660
931804289 931806566
931806600 931807177
931807178 931807428
931808282 931808297
931808821 931809308
931810368 931810383
931811030 931820709
931822032 931822047
931822201 931822645
931822672 931823152
931823172 931823238
931823245 931823516
931823526 931823674
931824297 931824312
931825146 931825386
931825438 931825603
931825652 931826786
931826909 931827104
931827105 931827157
931827924 931827939
931829833 931829932
931829954 931830026
931830054 931830154
931831065 931831182
931831325 931831507
931832664 931832679
931836899 931837028
931837802 931837817
931840327 931840613
931840775 931840985
931841139 931841389
931841525 931841775
931841894 931842085
931842759 931842774
931850017 931850139
931850959 931850974
931858703 931858806
931858986 931859138
931859258 931859507
931859621 931860374
931860573 931860746
931860752 931860997
931861029 931861340
931861560 931861764
931861979 931862756
931862942 931863089
931863307 931863476
931863711 931863829
931865835 931866058
931866276 931866696
931868224 931868239
931883174 931883323
931883573 931883746
931883769 931884002
931884169 931884337
931884491 931884993
931885003 931885972
931886673 931886688
931904038 931909559
931909760 931909873
931910618 931910633
931912571 931912727
931912748 931913618
931913647 931913760
931913802 931914491
931915240 931915255
931921684 931921969
931921994 931922431
931922684 931923080
931923233 931923356
931924259 931924274
931930318 931930572
931931257 931931272
931955219 931956254
931958031 931958046
931964267 931964388
931964559 931964701
931964846 931970668
931972217 931972232
931975560 931975726
931975793 931975922
931976742 931976757
932001215 932007864
932009381 932009396
932025119 932025567
932025631 932025802
932025919 932025971
932025987 932026620
932026761 932027023
932027520 932027535
932029310 932030169
932030605 932030620
932031815 932032414
932032990 932033005
932038606 932038754
932038858 932038952
932039197 932039428
932039555 932040010
932040460 932040475
932060055 932062124
932062635 932062650
932068020 932068580
932068977 932068992
932124544 932126181
932126246 932126321
932127130 932127145
932127611 932128517
932128956 932128971
932129295 932129492
932129855 932129870
932130342 932130676
932131129 932131144
932144811 932144913
932144924 932145017
932146052 932146067
932146486 932146589
932147063 932147078
932210335 932212037
932212122 932212277
932212278 932212305
932212706 932212856
932213396 932213542
932213950 932214052
932214136 932214278
932214400 932214523
932215031 932215046
932216659 932216771
932217632 932217734
932217774 932217895
932219020 932219265
932220414 932220539
932220548 932239501
932239549 932239698
932239730 932239799
932239829 932241209
932241311 932241710
932241711 932241908
932242075 932242184
932242245 932242688
932244163 932244178
932256170 932256180
932256181 932256197
932256200 932256214
932256215 932256229
932256230 932256355
932256376 932256521
932256557 932256702
932256733 932256822
932256852 932256932
932256964 932257035
932257069 932257489
932258046 932258061
932297117 932297308
932297313 932297745
932297750 932297828
932297837 932297986
932297990 932298287
932298297 932298442
932298455 932298586
932298591 932298776
932298787 932300754
932300806 932300862
932300910 932300977
932301017 932301092
932301142 932301291
932301336 932301482
932301496 932301589
932301602 932302932
932302978 932303056
932303097 932303350
932303386 932303575
932303610 932303725
932303762 932303896
932303937 932304036
932304077 932304185
932304221 932304313
932304351 932304402
932304441 932304505
932304540 932304611
932304647 932304904
932304933 932305219
932305267 932305828
932306704 932306967
932308379 932308394
932321152 932321562
932322037 932322361
932323160 932323175
932382372 932386118
932386277 932386705
932388003 932388204
932388235 932388475
932388504 932388616
932388685 932388787
932388830 932389024
932389074 932389208
932389349 932389561
932389890 932390297
932390346 932394247
932394424 932394755
932394936 932395162
932396222 932396401
932396404 932396516
932396662 932396882
932397433 932397602
932398315 932398452
932399393 932399408
932404038 932404623
932405395 932405410
932424871 932425120
932426054 932426069
932444805 932447397
932448327 932448484
932448576 932448765
932448913 932449141
932449837 932449852
932464093 932464452
932465002 932465017
932469859 932469963
932470012 932470278
932470788 932470914
932471380 932471750
932472387 932472402
932477389 932477499
932477608 932477899
932478475 932478490
932485960 932486183
932486197 932486640
932487216 932487231
932505129 932505376
932505565 932507101
932507158 932507810
932508367 932508382
932522946 932528143
932529191 932529553
932529672 932529808
932531968 932531983
932560449 932561769
932561893 932563521
932565437 932565452
932576047 932577214
932577346 932577662
932578557 932578572
932578688 932578708
932612085 932613839
932614594 932614609
932626395 932626506
932626536 932626640
932627264 932627279
932645383 932645516
932645582 932645623
932646047 932646237
932646382 932646539
932646553 932646697
932646822 932646980
932647107 932647465
932649310 932649325
932662229 932662721
932663649 932663775
932663808 932663904
932663932 932664078
932664963 932664978
932665229 932665249
932666109 932666804
932668023 932668038
932679727 932680140
932680145 932680718
932680728 932680792
932680835 932681272
932681285 932681488
932681560 932683698
932684661 932685020
932686088 932686267
932686273 932686420
932686465 932687635
932687640 932689267
932689359 932689648
932689891 932690891
932694042 932694057
932722533 932722647
932723477 932723675
932724327 932724342
932729996 932730171
932730178 932730310
932730314 932730422
932731206 932731221
932731345 932731583
932734059 932734074
932734114 932734279
932738956 932741971
932741991 932742072
932742104 932742237
932742259 932742388
932744978 932744993
932747799 932748113
932748365 932748539
932748795 932749100
932749977 932749992
932756329 932756972
932757168 932757320
932757347 932757460
932758191 932758206
932813667 932813823
932813829 932813888
932813894 932813951
932814121 932814526
932814703 932815429
932816672 932816687
932820302 932820650
932822525 932822671
932822821 932822984
932823149 932823493
932823495 932823525
932823670 932823833
932823862 932824014
932824035 932824295
932824308 932824469
932824471 932824502
932825783 932828485
932830866 932830999
932831018 932837563
932839361 932839376
932839771 932839925
932839928 932840083
932840541 932840556
932844334 932844428
932844582 932844707
932844868 932844969
932845129 932845346
932845502 932845630
932845759 932845984
932846116 932846197
932846306 932846364
932846389 932846624
932847578 932847593
932861345 932862657
932862662 932862743
932862908 932863053
932863241 932863365
932863601 932863727
932863884 932864218
932864377 932864523
932864804 932865095
932865396 932865500
932865674 932866064
932866254 932866751
932866765 932866907
932867639 932867940
932871059 932871154
932871226 932871501
932871671 932871764
932871930 932873125
932873289 932873772
932874010 932874109
932874183 932874732
932875414 932875429
932875525 932875535
932876319 932876434
932876497 932876908
932877573 932877588
932879036 932879184
932879239 932879285
932879341 932879434
932879491 932879798
932880659 932880674
932882234 932882304
932882310 932882366
932882371 932882674
932883265 932883280
932894539 932894654
932894667 932894733
932895309 932895324
932901014 932901088
932901280 932901328
932901983 932902561
932903055 932903070
932909880 932909977
932910747 932910821
932911585 932911600
932921004 932921105
932921108 932921173
932921245 932921369
932921443 932921522
932921534 932921591
932921665 932921759
932921764 932923551
932924861 932924876
932944528 932944654
932945654 932945669
932971033 932971274
932971721 932971736
932980359 932980431
932980432 932980512
932980513 932980548
932980974 932980989
932984181 932984267
932984269 932984359
932984844 932984859
932990054 932990145
932991417 932991504
932991585 932991684
932992349 932992364
932998713 932998823
932998825 932998940
932998944 932999021
932999099 932999204
932999705 932999720
933005785 933005948
933005972 933006141
933006621 933006636
933009321 933009457
933009530 933009746
933009768 933011007
933011009 933011086
933011976 933011991
933018160 933018279
933020285 933024975
933024987 933025920
933025998 933026181
933026267 933026597
933026680 933026865
933026918 933026985
933028255 933028270
933065098 933066387
933066915 933066930
933078025 933078168
933078217 933078471
933078951 933078966
933078973 933079191
933079287 933079788
933080376 933080474
933080558 933080668
933080821 933080916
933082176 933082306
933082937 933082952
933084428 933084539
933084628 933084771
933085248 933085263
933085804 933085924
933085940 933086017
933086521 933086536
933089884 933090144
933090147 933090223
933090989 933091004
933096995 933097070
933097081 933097177
933097208 933097282
933097318 933097382
933097416 933097495
933097529 933097862
933098386 933098401
933099952 933100042
933100230 933100342
933100834 933100849
933100874 933101572
933102110 933102125
933102137 933102227
933104049 933104064
933156947 933157425
933157916 933157931
933161655 933162178
933162186 933162440
933162536 933162639
933163005 933163141
933163733 933163748
933177165 933177664
933177755 933177869
933178393 933178408
933178904 933179009
933179099 933179221
933179694 933179802
933179897 933179999
933180107 933180198
933181418 933181433
933187775 933188515
933188606 933188719
933189341 933189356
933218687 933219051
933219572 933219587
933242501 933244090
933244107 933244176
933244179 933244543
933244829 933244931
933245630 933245645
933247714 933247818
933247941 933248399
933248508 933248604
933249350 933249365
933249711 933249894
933250896 933250911
933272856 933273183
933273277 933273468
933273570 933273664
933273702 933273820
933274357 933274487
933274586 933274743
933275375 933275390
933280715 933280852
933280866 933280976
933280984 933281115
933281118 933281206
933281871 933281886
933308818 933309972
933310568 933310583
933318559 933318721
933319377 933319392
933333159 933333256
933333277 933333809
933334191 933334371
933334387 933334519
933335124 933335139
933344433 933344534
933344541 933345128
933345266 933345495
933346607 933346622
933355002 933355480
933356765 933356780
933357420 933378222
933378901 933379280
933379287 933379420
933379431 933380127
933380880 933380895
933381038 933381064
933382761 933383291
933384111 933384126
933385444 933385569
933386345 933386360
933386999 933387141
933387804 933387819
933387965 933388103
933388707 933388722
933389809 933389943
933390068 933393062
933393707 933393722
933394116 933394237
933394266 933394424
933394986 933395001
933395377 933395638
933396229 933396244
933396257 933396409
933397121 933397136
933401656 933401788
933402448 933402463
933416197 933419204
933419328 933420154
933420952 933421827
933423457 933423472
933426364 933444494
933444523 933444574
933445241 933445256
933450000 933454141
933454500 933454515
933461138 933461594
933462865 933462880
933463250 933464444
933465776 933466219
933466564 933466579
933470457 933472850
933472852 933473535
933473538 933473619
933473664 933473787
933473847 933473879
933473976 933474031
933474080 933474143
933474182 933474207
933474215 933474295
933474314 933474394
933474425 933474455
933474466 933474556
933475094 933475111
933475620 933475641
933475963 933476027
933476528 933476556
933477611 933477696
933478225 933478375
933479310 933479325
933499081 933506851
933507604 933507619
933510198 933510315
933510588 933510603
933510792 933511687
933512050 933512065
933512788 933512876
933513195 933513210
933522341 933522497
933523486 933523575
933524298 933524313
933528139 933528271
933528546 933528693
933530127 933530142
933530689 933530771
933531294 933531309
933535099 933535233
933535444 933535557
933535921 933535936
933536495 933536567
933537134 933537238
933538783 933539127
933543575 933545183
933548731 933548849
933549647 933549662
933549904 933550013
933550270 933550285
933557784 933558786
933559301 933559316
933559542 933561760
933562119 933562134
933562184 933562219
933562341 933562354
933564108 933564396
933564922 933564937
933566126 933566220
933566379 933566528
933566532 933566838
933567006 933567307
933567612 933567627
933569057 933569194
933569484 933569499
933570835 933571933
933571980 933572707
933573047 933573062
933573141 933573163
933593125 933593421
933593703 933593718
933594339 933594675
933594719 933594794
933594838 933594962
933595009 933595140
933595307 933595394
933595447 933595565
933595612 933595733
933595780 933597072
933597488 933597503
933598140 933598316
933598597 933598612
933599608 933599701
933599747 933599877
933600148 933600163
933600467 933600571
933600619 933600678
933600948 933600963
933602336 933602515
933602798 933602813
933604263 933604334
933604631 933604646
933606305 933606432
933606487 933606598
933606911 933606926
933607907 933608007
933608335 933608350
933609338 933609462
933609713 933609728
933612473 933612556
933612590 933612629
933612873 933612888
933616747 933616888
933616932 933617120
933617385 933617400
933617683 933619284
933619483 933619710
933619978 933620221
933620631 933620646
933621200 933621690
933622058 933622073
933622715 933624317
933624826 933624841
933626528 933626661
933626979 933626994
933627656 933627962
933629473 933629551
933629979 933630052
933630195 933630389
933630425 933630469
933630471 933630583
933630811 933630981
933631508 933631601
933632334 933632443
933635137 933635370
933635400 933635501
933635669 933635824
933636125 933636447
933636483 933636691
933636724 933636797
933636799 933636842
933637040 933637162
933637347 933637515
933637551 933637754
933637755 933637990
933638097 933638211
933638218 933638358
933638382 933638474
933638799 933639099
933639135 933639378
933639402 933639953
933640569 933640584
933645436 933650570
933664699 933664786
933665069 933665084
933675758 933675846
933676140 933676155
933678423 933678869
933678877 933678991
933680432 933680634
933681072 933681829
933682711 933682816
933683594 933683609
933683820 933683994
933683998 933684073
933684271 933684370
933684631 933684646
933685533 933685787
933686054 933686069
933686531 933686621
933686869 933686884
933687171 933687267
933687530 933687545
933688194 933688313
933688592 933688607
933688848 933688921
933689121 933689205
933689465 933689480
933689591 933689779
933690048 933690063
933690472 933690544
933690796 933690811
933691774 933691903
933692151 933692166
933692684 933692788
933693065 933693080
933694191 933694267
933694522 933694537
933695566 933695669
933695777 933695881
933696137 933696152
933697010 933697102
933697291 933697391
933697396 933697947
933697950 933698585
933698882 933698897
933701646 933701740
933702599 933702693
933702976 933702991
933703043 933703149
933703391 933703521
933703967 933703982
933705133 933705320
933705789 933705866
933706164 933706179
933707280 933707381
933707640 933707655
933707890 933708090
933708095 933708267
933708271 933708444
933708446 933708492
933708495 933708528
933708918 933708933
933709892 933710494
933711216 933711231
933712462 933713881
933714369 933714384
933727522 933727612
933727944 933727959
933728296 933728371
933728683 933728698
933729057 933729120
933729275 933729366
933729749 933729764
933763521 933763604
933763758 933765464
933766430 933766447
933766744 933766894
933767285 933767300
933767642 933767808
933768198 933768213
933768541 933768784
933769217 933769232
933769564 933769703
933770154 933770402
933770681 933770823
933771024 933771224
933771611 933771867
933772265 933772280
933773007 933773156
933773526 933773541
933775998 933776077
933776119 933776247
933777113 933778191
933778614 933778629
933780683 933780892
933781428 933781443
933783396 933784246
933784606 933784621
933794464 933794553
933795117 933795132
933815140 933815869
933816212 933816227
933825395 933825465
933825783 933825798
933842740 933842818
933843290 933843305
933851831 933861562
933861764 933861914
933865276 933865291
933867900 933868171
933868507 933868522
933869771 933869866
933870686 933871090
933871395 933871410
933873003 933873135
933873415 933873430
933884023 933884098
933884410 933884425
933884900 933885063
933885460 933885475
933914488 933922497
933923352 933924068
933924773 933924788
933924914 933924929
933939255 933940600
933941336 933941351
933942984 933945480
933945836 933945851
933947629 933948521
933949644 933949659
933952208 933952539
933953016 933953031
933954034 933954109
933954150 933954237
933954538 933954790
933955099 933955406
933955440 933955629
933956040 933956055
933957482 933957741
933957990 933958087
933958463 933958478
933961416 933961979
933963317 933963332
933969634 933985070
933986505 933995806
933997197 933997212
934012417 934012494
934012507 934013222
934013552 934013567
934023821 934023907
934024286 934024301
934025076 934025224
934025267 934025414
934025459 934025981
934026303 934026497
934026805 934026820
934026937 934027027
934027072 934027141
934027415 934027430
934027814 934027907
934028132 934028238
934028439 934028528
934028805 934028820
934029559 934029681
934029873 934030182
934030220 934030371
934030648 934048921
934048964 934049073
934049115 934049211
934049251 934049369
934049463 934049542
934049633 934054711
934055039 934055236
934056091 934056106
934056505 934056641
934056920 934056935
934057370 934057526
934057791 934057873
934058125 934058140
934058919 934059079
934059334 934059349
934061670 934061791
934062058 934062073
934072376 934072536
934073349 934073364
934074544 934074673
934075498 934075513
934084202 934085128
934085439 934085454
934111851 934111934
934112183 934112346
934112725 934112740
934113861 934116546
934116896 934117380
934117822 934118312
934118780 934118889
934119456 934119554
934119656 934120033
934120071 934120239
934121118 934121754
934122544 934123291
934123820 934124145
934124589 934124604
934124763 934124987
934125011 934125115
934125639 934125654
934126786 934126886
934126920 934126962
934127005 934127088
934127432 934127447
934127915 934128083
934128126 934128330
934128772 934128955
934129256 934129271
934129424 934129708
934130040 934130055
934130270 934130338
934130358 934130418
934130708 934130723
934131234 934131314
934131335 934131479
934131676 934131861
934131970 934132066
934132375 934132390
934133007 934133090
934133091 934133145
934133188 934133337
934134104 934134119
934134233 934134504
934134782 934134797
934135206 934135276
934135319 934135409
934135673 934135688
934136913 934136998
934137244 934137259
934137451 934137538
934137784 934137799
934138026 934138148
934138400 934138415
934138549 934138718
934138721 934138753
934138793 934138935
934139445 934139460
934140255 934140340
934140586 934140601
934145420 934145763
934146099 934146114
934150182 934150390
934150662 934150677
934150935 934151104
934151431 934151446
934152135 934152465
934152827 934152842
934153472 934160900
934160903 934160935
934160959 934162244
934162258 934162289
934163846 934163861
934167312 934167388
934167405 934167563
934167595 934167680
934167837 934167945
934168261 934168344
934168687 934168702
934169801 934169931
934171227 934171889
934172198 934172213
934191766 934192005
934192022 934193697
934193707 934194115
934194605 934194620
934198321 934198400
934198441 934199325
934199547 934199683
934200023 934200038
934203039 934203402
934203683 934203698
934204151 934204235
934204242 934204342
934204370 934204685
934204882 934205033
934205035 934205122
934205124 934205176
934205519 934205534
934205711 934205835
934205844 934205894
934205924 934206006
934206007 934206293
934206294 934206463
934206466 934206588
934206593 934206727
934206740 934206783
934206785 934206961
934206985 934207153
934207168 934207378
934207792 934207807
934207982 934208362
934208833 934208848
934209708 934209902
934209912 934210031
934210045 934210240
934210616 934210631
934210802 934211116
934211140 934211773
934212962 934213395
934213738 934213753
934213976 934214093
934214121 934214396
934214770 934214785
934215573 934215660
934215858 934215968
934215971 934216200
934216213 934216343
934216649 934216664
934217680 934217779
934218024 934218039
934218744 934219089
934219291 934219853
934220143 934220158
934221192 934221712
934221752 934222966
934223345 934223360
934223679 934223793
934223832 934223964
934224576 934224591
934225575 934225770
934226021 934226036
934228601 934228685
934228930 934228945
934231230 934231301
934231550 934231565
934236262 934236553
934236989 934237004
934237307 934238367
934240381 934240396
934254057 934254276
934254546 934254561
934258828 934259753
934260069 934260084
934281795 934281882
934282284 934282299
934282576 934282694
934283022 934283037
934283466 934283535
934283841 934283856
934287292 934288392
934288845 934288860
934289003 934289075
934289117 934289218
934289260 934289363
934289390 934289617
934289642 934289714
934289715 934289842
934289875 934289951
934290430 934290682
934291585 934291826
934292065 934292352
934292994 934293099
934293512 934293736
934293737 934294043
934294057 934294211
934294621 934294636
934294872 934295497
934295526 934295703
934295708 934295979
934296312 934296327
934296353 934296661
934297478 934297701
934298130 934298145
934298927 934299440
934299441 934299768
934299775 934299954
934300593 934300608
934300761 934301756
934302161 934302176
934303833 934304971
934305370 934305806
934306133 934306148
934306497 934306565
934307198 934307213
934307634 934307853
934308168 934308183
934308849 934309091
934309417 934309432
934316518 934318094
934318803 934318818
934322585 934322956
934323044 934323142
934323237 934323330
934323435 934323538
934323793 934323949
934324405 934324420
934329883 934329976
934330133 934330229
934330565 934330580
934331401 934331476
934331811 934331826
934332019 934332096
934332209 934332429
934332525 934332619
934332680 934332797
934332989 934333233
934333306 934333466
934334025 934334040
934366549 934366625
934366648 934366728
934366759 934366865
934367268 934367283
934371262 934371549
934371867 934371987
934372030 934372160
934372202 934372347
934372523 934372680
934374785 934374800
934377983 934378113
934378165 934378255
934378257 934378415
934378430 934379016
934379030 934379356
934379377 934379561
934379580 934379641
934379661 934381524
934382091 934382179
934383431 934383562
934383596 934383654
934384066 934384081
934384266 934384333
934384385 934384480
934384903 934384918
934387155 934387318
934389869 934389884
934394316 934394402
934395119 934395134
934395252 934395414
934395801 934395816
934397119 934397289
934397647 934397662
934398820 934398896
934399246 934399261
934401735 934402215
934402221 934402316
934403131 934403146
934416079 934416149
934416182 934416284
934416446 934416573
934416711 934416785
934417185 934417200
934417984 934418061
934418095 934418229
934418261 934418321
934418455 934418549
934418679 934418758
934418903 934418970
934419296 934419311
934428164 934428298
934428331 934428403
934428434 934428491
934428961 934429049
934430569 934430584
934432503 934432575
934432602 934432664
934432691 934432749
934432778 934432896
934432930 934433006
934433327 934433342
934433787 934433874
934433908 934433955
934434312 934434327
934438469 934438534
934438585 934438677
934438730 934438832
934439139 934439154
934444700 934457016
934457037 934457276
934457297 934457355
934457897 934457912
934458352 934458694
934458985 934459000
934463345 934463607
934463764 934470159
934470666 934470681
934471319 934471621
934471766 934472080
934472289 934472386
934472696 934481217
934481393 934481468
934481594 934481680
934482297 934482312
934483495 934483576
934483611 934483947
934484070 934484177
934484303 934484396
934484697 934484712
934497175 934497288
934497591 934497738
934498030 934498045
934504562 934511076
934511096 934512266
934512392 934512624
934512752 934512840
934512969 934513095
934513219 934513363
934513489 934513605
934513731 934513857
934513981 934514056
934514177 934514293
934514417 934514521
934514789 934514868
934515588 934515603
934542888 934552995
934553843 934553925
934554163 934554531
934555837 934555989
934555991 934556036
934556037 934556339
934556340 934556513
934556514 934556562
934556572 934556626
934556627 934556725
934556726 934556882
934556883 934556933
934556945 934557018
934557023 934557397
934557524 934557606
934557742 934557828
934557851 934557958
934558119 934558340
934558502 934558605
934558625 934558715
934558717 934558990
934558991 934559324
934559362 934559438
934559462 934559580
934559585 934559657
934559796 934560061
934560187 934560478
934560493 934560567
934560700 934560843
934560987 934561182
934561197 934561747
934561875 934562314
934562440 934562538
934562570 934563366
934564578 934566802
934567765 934567915
934568022 934568505
934568828 934569155
934569187 934569255
934569694 934569928
934569929 934570018
934570423 934570576
934571062 934571139
934571264 934571441
934571642 934571734
934572343 934572358
934572502 934572700
934572702 934572818
934572819 934572921
934573080 934573199
934573201 934573262
934573266 934573370
934573859 934574041
934574069 934574137
934574224 934574324
934574415 934574592
934574601 934574719
934574744 934574851
934574856 934575166
934575368 934575547
934575948 934576132
934576133 934576176
934576473 934576828
934577656 934577851
934578342 934578537
934578774 934578905
934579470 934579485
934579494 934579564
934579766 934579865
934580488 934580588
934581342 934581447
934581729 934581858
934582020 934582235
934584302 934584317
934584883 934584949
934585106 934585220
934585521 934585536
934594919 934594995
934595302 934595317
934595863 934595989
934596244 934596319
934596699 934596714
934597300 934597513
934598177 934598192
934617804 934617890
934617892 934618779
934619078 934619309
934619960 934619975
934629656 934629727
934629740 934630316
934630826 934631090
934631312 934662427
934662428 934662558
934663197 934663366
934663644 934663770
934664250 934664265
934667036 934667133
934667459 934667474
934698283 934698350
934698364 934698421
934698432 934699104
934699467 934699482
934705767 934707255
934707586 934707601
934707678 934707695
934713854 934714058
934714348 934714363
934714715 934714943
934715222 934715237
934715631 934715812
934715832 934716002
934716276 934716291
934716565 934716815
934717014 934717104
934717130 934717183
934717408 934717498
934717751 934717918
934717961 934717991
934718257 934720141
934720628 934720740
934721428 934721552
934721571 934723498
934723912 934724040
934724144 934724265
934724366 934724422
934724453 934724498
934724622 934724663
934724835 934724884
934725059 934725099
934725145 934725252
934725478 934725810
934726796 934726880
934726910 934727201
934727202 934727311
934727792 934727913
934728311 934728431
934728470 934728580
934728607 934728667
934728668 934728720
934729045 934729205
934729410 934729513
934729552 934729639
934729881 934729980
934730012 934730205
934730246 934730418
934730936 934731254
934731277 934731368
934731401 934731450
934731490 934731591
934731616 934731753
934732862 934732950
934732952 934733003
934733004 934733067
934733073 934733127
934733607 934733741
934733766 934733816
934733820 934734066
934734278 934734472
934734845 934734954
934735230 934735324
934736011 934736082
934736452 934736709
934736912 934737005
934737418 934737507
934738102 934738178
934738383 934739593
934740177 934740318
934740347 934740458
934740492 934754251
934754252 934755992
934756000 934765698
934766473 934767331
934767788 934767803
934786694 934790160
934790400 934790851
934791305 934791320
934791513 934791647
934791916 934791931
934797342 934797416
934797427 934798132
934798162 934798346
934798373 934798407
934798409 934798444
934798500 934799034
934799084 934799615
934799973 934799988
934800036 934800045
934800048 934800068
934800069 934800078
934800435 934801191
934801512 934801527
934802283 934802405
934802756 934802771
934803747 934803841
934804098 934805298
934805317 934805363
934805368 934805529
934805797 934805812
934806748 934806896
934807091 934807284
934807287 934808436
934808438 934808466
934808482 934808564
934808766 934810831
934811209 934811224
934811291 934812126
934812215 934812463
934812774 934812937
934813382 934814008
934814031 934814111
934814604 934815253
934815344 934817206
934817207 934817408
934817700 934819045
934819434 934819669
934819694 934861391
934861503 934861675
934861785 934862494
934862782 934862894
934864172 934864270
934864970 934864985
934886485 934886692
934887011 934887026
934887383 934887465
934887724 934887739
934888301 934888945
934889224 934889239
934889605 934889710
934889912 934890009
934890463 934890478
934890733 934892816
934893112 934926954
934927405 934927420
934927563 934927581
934928244 934932066
934932504 934932519
934933160 934933351
934933597 934933759
934934125 934934140
934934668 934934680
934934714 934934827
934935119 934935134
934972186 934972299
934972341 934973131
934973452 934973467
934974956 934975120
934975388 934975403
934975849 934976144
934976148 934976335
934976366 934976970
934976978 934977070
934977073 934977710
934977925 934994253
934995206 934995221
934995304 934998864
934999993 935000008
935015672 935016876
935017390 935017405
935018299 935018579
935018860 935018875
935029700 935029998
935030001 935030066
935030071 935030116
935030435 935030450
935039298 935039442
935039954 935039969
935040880 935041056
935041170 935041242
935041644 935041659
935042103 935042250
935042265 935042370
935043299 935043427
935043735 935043750
935047279 935047458
935047463 935047507
935047831 935047846
935048015 935048177
935048187 935048242
935048252 935048355
935048934 935048949
935051756 935051992
935051993 935052086
935052516 935052531
935053152 935053490
935053491 935053546
935054028 935054043
935056285 935056702
935057078 935057093
935057518 935057646
935057651 935057840
935058122 935058137
935059053 935059292
935059581 935059596
935062799 935063076
935063083 935063161
935063472 935063487
935063628 935063798
935063801 935063868
935064231 935064246
935064455 935064698
935064979 935065145
935065360 935065466
935065919 935065934
935066844 935067115
935067949 935067964
935068365 935069345
935069678 935069693
935070171 935071399
935071717 935071732
935075742 935075909
935076192 935076207
935079582 935079770
935079801 935079833
935080150 935080165
935081443 935081631
935082731 935082924
935083523 935083538
935084009 935084086
935084428 935084443
935089656 935089944
935090672 935090811
935090814 935090916
935091338 935091353
935098434 935099701
935100139 935100154
935112860 935112953
935113294 935113309
935113929 935114007
935114032 935114085
935114117 935114249
935114449 935114545
935114636 935114792
935115167 935115182
935126559 935126699
935126721 935126876
935126904 935127105
935127446 935127461
935129138 935129216
935129260 935130049
935130374 935130389
935133686 935133764
935133810 935133902
935134205 935134220
935136889 935137079
935137386 935137401
935145832 935146002
935146447 935146462
935147785 935148023
935148375 935148390
935148514 935148680
935149124 935149496
935149894 935150174
935150444 935189683
935189712 935190170
935191114 935191197
935194943 935194958
935198973 935199196
935207299 935207628
935208853 935208868
935234648 935271826
935272355 935272370
935273864 935273944
935275296 935275311
935280772 935280962
935281757 935281772
935290892 935291182
935291452 935291467
935305683 935307705
935311386 935311718
935318762 935319549
935320489 935377991
935377996 935380020
935380024 935447240
935447262 935448409
935448447 935448892
935448937 935449010
935449114 935449265
935449312 935449373
935449418 935449501
935449546 935449787
935449833 935450449
935450583 935450690
935450751 935450839
935451261 935451470
935451478 935451602
935451671 935451801
935451846 935451918
935451964 935452159
935452243 935452353
935452401 935452457
935452696 935453135
935453206 935453290
935453364 935453488
935453659 935454363
935454403 935454498
935454668 935454746
935455353 935455438
935455442 935455493
935455494 935455546
935455589 935455681
935456477 935456492
935457201 935471024
935473612 935473627
935474483 935474546
935474589 935474793
935474798 935474870
935474872 935474960
935475160 935475242
935475243 935475350
935475354 935475415
935475421 935475538
935475539 935475872
935476144 935476159
935477470 935477622
935477635 935477730
935477736 935477779
935477796 935477922
935477932 935477984
935477991 935478048
935478373 935478388
935490330 935490590
935490604 935490672
935490677 935490777
935490778 935490840
935493497 935493679
935493687 935493742
935494202 935494522
935494526 935494577
935494582 935494687
935494692 935494776
935495385 935495526
935495529 935496020
935496435 935497529
935497532 935499599
935499600 935500016
935500042 935500885
935500889 935500962
935500963 935501072
935501108 935501277
935501287 935501699
935501729 935501765
935501797 935501944
935501963 935502027
935502044 935502138
935502139 935502183
935502185 935502644
935502666 935502711
935502713 935502793
935502798 935503437
935503440 935503542
935503553 935503814
935503820 935504071
935504081 935504162
935504170 935504348
935504358 935504677
935504686 935504805
935504838 935504879
935504882 935505220
935505247 935505663
935505698 935505877
935505881 935507044
935507051 935507124
935507132 935507185
935507307 935507757
935507777 935508046
935508063 935508444
935508481 935508907
935508917 935509039
935509059 935510138
935510156 935510534
935511366 935512062
935512567 935512921
935512955 935513326
935513329 935513454
935513888 935514177
935514202 935514303
935514856 935515084
935515917 935516089
935516498 935516573
935516581 935516761
935516851 935517020
935517046 935517132
935517136 935517188
935517191 935517337
935517891 935518094
935518604 935518785
935519135 935519859
935519860 935519919
935520347 935520636
935521336 935521548
935522232 935522322
935522852 935523010
935523013 935523046
935523659 935523835
935524560 935524694
935525160 935525405
935526226 935526384
935527954 935527969
935528019 935528113
935528452 935528540
935528999 935529014
935531177 935531506
935532564 935628164
935629774 935629789
935630316 935630523
935630833 935630949
935631058 935631210
935631318 935631444
935631547 935631620
935631725 935631789
935631896 935631998
935632103 935632211
935635867 935636055
935636131 935637003
935638398 935639369
935640608 935640623
935644281 935645453
935647778 935647793
935654606 935655154
935656916 935656931
935659402 935662148
935662194 935662403
935662446 935667270
935667341 935667438
935667492 935667708
935667779 935668154
935668222 935670834
935670875 935671054
935671098 935671327
935671330 935671412
935671448 935671571
935671612 935671741
935671747 935671974
935672011 935672328
935672366 935672454
935672458 935672493
935672531 935672659
935672696 935672790
935672826 935672916
935672950 935673064
935673099 935723119
935723944 935724021
935725346 935725431
935726851 935726866
935730866 935798415
