931035615 931035673
931035828 931035986
931036026 931036189
931036377 931036523
931037245 931037385
931037424 931037815
931038295 931038657
931038934 931043278
931043312 931043582
931044082 931045072
931047926 931050923
931051067 931051344
931051922 931051937
931055096 931055360
931055785 931055800
931057258 931057530
931057661 931057924
931058373 931058388
931058405 931058564
931058608 931058803
931059492 931059507
931059526 931060462
931060953 931060968
931063215 931063665
931064333 931064348
931064390 931064593
931064951 931065069
931065817 931065832
931066000 931066345
931066741 931066756
931066826 931067160
931067558 931067573
931068343 931068480
931068932 931068947
931070431 931070595
931070990 931071005
931073198 931073288
931073469 931073643
931074080 931074095
931074618 931074730
931075099 931075943
931076075 931076144
931076574 931076589
931079404 931079598
931080294 931080309
931083956 931084074
931084113 931084176
931084557 931084572
931085895 931086007
931086402 931086417
931090385 931091123
931091677 931091692
931094704 931094883
931095342 931095357
931095515 931095789
931095816 931095970
931096849 931096864
931096955 931097127
931097263 931097658
931098058 931098073
931098200 931098274
931098456 931099223
931099630 931099645
931099759 931099868
931100265 931100280
931100448 931100562
931100742 931101052
931101874 931101947
931102238 931102444
931103235 931103250
931103496 931103623
931103737 931103807
931104799 931104814
931105163 931107429
931107911 931108162
931108573 931108588
931108911 931108926
931108934 931109425
931109485 931109780
931110186 931110201
931110550 931111067
931111329 931112046
931112585 931112600
931112810 931113389
931113767 931113782
931114212 931114564
931115789 931116197
931116364 931116443
931116843 931116858
931116991 931117176
931117218 931117306
931117675 931117690
931119043 931119177
931119348 931119496
931119658 931119743
931119869 931119956
931120421 931120436
931120636 931120718
931120764 931121016
931121414 931121643
931121758 931121882
931123443 931123458
931123773 931124251
931124701 931124767
931124804 931124893
931125337 931125352
931126303 931126443
931126825 931126840
931132955 931133105
931133497 931133512
931139698 931139980
931140393 931140408
931142028 931142234
931142642 931142657
931143102 931143437
931143847 931143862
931144870 931145059
931145287 931145431
931145629 931145701
931146168 931146183
931147946 931148042
931148416 931148431
931153434 931153520
931153932 931153947
931154218 931154463
931154740 931154845
931155314 931155329
931155536 931155545
931155565 931156516
931156707 931157017
931157770 931157785
931158567 931158735
931159217 931159232
931168101 931168514
931168682 931168800
931169376 931169391
931169571 931169883
931170352 931170367
931173641 931173751
931174145 931174160
931176995 931177075
931177260 931177357
931177779 931177794
931191081 931191696
931193539 931194190
931194274 931194507
931194611 931194892
931195119 931199272
931200108 931200123
931200796 931202520
931202521 931204942
931205225 931205309
931205407 931205490
931205675 931205733
931206520 931206652
931207226 931207483
931208012 931208090
931208373 931208511
931208631 931208976
931209992 931210007
931210663 931210814
931211366 931211381
931215036 931215266
931215486 931215601
931215758 931215865
931215907 931216043
931216479 931216494
931216581 931216684
931216869 931216996
931217193 931217327
931217354 931217607
931217668 931217897
931218504 931218519
931220644 931222520
931222780 931222988
931223118 931223359
931223797 931223812
931225326 931225601
931226130 931226145
931228648 931229892
931230272 931230373
931230866 931230881
931233297 931233402
931233779 931233794
931234787 931234864
931235267 931235282
931236962 931237092
931237673 931237688
931237722 931237995
931238845 931238860
931241044 931241353
931241841 931241856
931245464 931245656
931246216 931246231
931246413 931246492
931246540 931246609
931246744 931246849
931247033 931247131
931247579 931247717
931247990 931248641
931249998 931250013
931252538 931252744
931252889 931253248
931254029 931254044
931254155 931254753
931254889 931254989
931255393 931255551
931255595 931255767
931255896 931256435
931256951 931256966
931260598 931260753
931260932 931261147
931261689 931261704
931267989 931268237
931268694 931268839
931268879 931269356
931269385 931269444
931269870 931269885
931271665 931273146
931274406 931274421
931275741 931275909
931276454 931276727
931276733 931277573
931278015 931278030
931278901 931278994
931280411 931280426
931280466 931280621
931281002 931281087
931281494 931281723
931282883 931282898
931285104 931285274
931285953 931285968
931286606 931286812
931287386 931287401
931287550 931287760
931288303 931288426
931288493 931288915
931290379 931290394
931291115 931291235
931291817 931291832
931292897 931293023
931293237 931293385
931293522 931293718
931293865 931293977
931294761 931294776
931297724 931297841
931298168 931298488
931300374 931300389
931300906 931300996
931301048 931301327
931301677 931302074
931302265 931302368
931303685 931303700
931303814 931304037
931304466 931304481
931305626 931305722
931305772 931305978
931306113 931306235
931306678 931306693
931308406 931308653
931309377 931309392
931310234 931310600
931311076 931311091
931312598 931312826
931313216 931313231
931313862 931313993
931314618 931314633
931314888 931315103
931315147 931315278
931316343 931316358
931316467 931316590
931317007 931317022
931319660 931319741
931321016 931321031
931338575 931338879
931339417 931339432
931339694 931340089
931340123 931340265
931340852 931340867
931354202 931354414
931354477 931354556
931354745 931354819
931355806 931355821
931356114 931356534
931357240 931357255
931357339 931357426
931357851 931357866
931358513 931358836
931361531 931361696
931361820 931362110
931363230 931363245
931363283 931363365
931363541 931363616
931363860 931364046
931364556 931364571
931377033 931377113
931378202 931378217
931378353 931378461
931379187 931379665
931379696 931379768
931379794 931379859
931379903 931380098
931380354 931380528
931380788 931380904
931381110 931381233
931381360 931381462
931382356 931382371
931382383 931382562
931382693 931382966
931383123 931384888
931384925 931385093
931385909 931385924
931404464 931404707
931404899 931405290
931406314 931406329
931406477 931406613
931406653 931406869
931408533 931408548
931408687 931408846
931409283 931409298
931409525 931410217
931410788 931411023
931411134 931411556
931411684 931411884
931411995 931412122
931412850 931412865
931415060 931415479
931415650 931415982
931416481 931416496
931416568 931416903
931417892 931417907
931424531 931424770
931425222 931425237
931432926 931433033
931433068 931433181
931433758 931433773
931435521 931435777
931436738 931436753
931436961 931437660
931438415 931438430
931439952 931441024
931441052 931441292
931441320 931441380
931441419 931441564
931442297 931442312
931443426 931443675
931444382 931444397
931445273 931445412
931445905 931445920
931457915 931458131
931458258 931458509
931459550 931459565
931460031 931460136
931460719 931460734
931467234 931467723
931468446 931468461
931470156 931470259
931470315 931470423
931470875 931470890
931472769 931472986
931473120 931473341
931473644 931473742
931474809 931475145
931477839 931477854
931478398 931478507
931478916 931478931
931480256 931480362
931480780 931480795
931481010 931481961
931482096 931482236
931482638 931482653
931483395 931483469
931483993 931484008
931488853 931489276
931489688 931489703
931489887 931490177
931490587 931490602
931493975 931494478
931494880 931494895
931495759 931495877
931496348 931496363
931496576 931496682
931497449 931497464
931498629 931498739
931499211 931499226
931500148 931500163
931500164 931500354
931523879 931523894
931531366 931531402
931540477 931554037
931554238 931554561
931555144 931555319
931555520 931556021
931556245 931556392
931556394 931557803
931558335 931558499
931559793 931559808
931561123 931561321
931561429 931561713
931562130 931562145
931562359 931562684
931562724 931563799
931563910 931563992
931564125 931565011
931565451 931565466
931565470 931565749
931566433 931566448
931569339 931569465
931570052 931570067
931570906 931571090
931571221 931571370
931571783 931571798
931575473 931575791
931576210 931576225
931577558 931578671
931579003 931579366
931579793 931579808
931580679 931581170
931581299 931581405
931581528 931581834
931582245 931582260
931592243 931592559
931592971 931592986
931615564 931615656
931616075 931616090
931616402 931616732
931617114 931617129
931619822 931620262
931620593 931629926
931630099 931630487
931631248 931636800
931637613 931637628
931638260 931638477
931638606 931638941
931639710 931639725
931641404 931641861
931642282 931642297
931645340 931645446
931645987 931646453
931647066 931648301
931648452 931648690
931650691 931650832
931651164 931652715
931654307 931654322
931655538 931655643
931656461 931656476
931657183 931657447
931658188 931658203
931663295 931663369
931663787 931663802
931666331 931666442
931667072 931667087
931674741 931675130
931675260 931675471
931675647 931675752
931676170 931676185
931676399 931676645
931676663 931677660
931677800 931678140
931679049 931679064
931686150 931686392
931686629 931695652
931695843 931695907
931698684 931698699
931699591 931700148
931700618 931700633
931700847 931701000
931701042 931701239
931702327 931702342
931706612 931706896
931707251 931708877
931708885 931708935
931709315 931709580
931710215 931710322
931710816 931710831
931712985 931713166
931713675 931713690
931713905 931714149
931714621 931714636
931717004 931717161
931718008 931718023
931718328 931718592
931718997 931719012
931719225 931719528
931719656 931720765
931721123 931721578
931721987 931722002
931725579 931726154
931726677 931726692
931727117 931727250
931727653 931727668
931727870 931727993
931728397 931728412
931732178 931732434
931732476 931732625
931733790 931733990
931734121 931734204
931734606 931734621
931750340 931750438
931750477 931750780
931755039 931755054
931761589 931761784
931762283 931762471
931763545 931763655
931763779 931763898
931764572 931764587
931777311 931777548
931778055 931778070
931785714 931785791
931785829 931786122
931787063 931787193
931788023 931788038
931791452 931791726
931792898 931792913
931795269 931795339
931799574 931799744
931800072 931800144
931803685 931803954
931804075 931804183
931804818 931804833
931807077 931807261
931807673 931807688
931807760 931807862
931808865 931808880
931809280 931809486
931809625 931809949
931810070 931810309
931810730 931810745
931811695 931812094
931812230 931813183
931813927 931813942
931816095 931816299
931816787 931816802
931832026 931832098
931832178 931832715
931833644 931833659
931833893 931834639
931835063 931835158
931835277 931835423
931836392 931836407
931843473 931843671
931843833 931843913
931844024 931844209
931844698 931844713
931846600 931847438
931847583 931847931
931848048 931848139
931848673 931848688
931856052 931856157
931856884 931856899
931859834 931860137
931860272 931860430
931860657 931861052
931861504 931861519
931861738 931862054
931862468 931862483
931873902 931874077
931874487 931874502
931878032 931878213
931878775 931878790
931879746 931880098
931880523 931880538
931881140 931881468
931881996 931882011
931882704 931882840
931883244 931883259
931885126 931885361
931885772 931885787
931888036 931888119
931888160 931888351
931888764 931888779
931893126 931893300
931893649 931893876
931894382 931894397
931894964 931895178
931895580 931895595
931903685 931903796
931904418 931904433
931904646 931905338
931905472 931905623
931906087 931906102
931944254 931944359
931944415 931944576
931944745 931945065
931945583 931945598
931952997 931953171
931953792 931953807
931954021 931954167
931954593 931954608
931956086 931956174
931956359 931956447
931956607 931956725
931957141 931957156
931957396 931957765
931958333 931958348
931958563 931958736
931958919 931959268
931959426 931960159
931960742 931960757
931962890 931963895
931964992 931965007
931967328 931969552
931970143 931970158
931970993 931971102
931971510 931971525
931979323 931982196
931982493 931982680
931983520 931983535
931985752 931985921
931986326 931986341
931986556 931986898
931987314 931987329
931987543 931987658
931988085 931988100
931991822 931992151
931992567 931992582
931994716 931995649
931996174 931996189
931998938 931999660
932000150 932000165
932003757 932004137
932004262 932005114
932005229 932008264
932008304 932009801
932010343 932010358
932011099 932011359
932011847 932011862
932013119 932014116
932014530 932014545
932015459 932017121
932017540 932017555
932025512 932026037
932026448 932026463
932026675 932026792
932027198 932027213
932027822 932027954
932028359 932029131
932029406 932029656
932029773 932030002
932030636 932030651
932038665 932038836
932038876 932039167
932039683 932039698
932047254 932047362
932047780 932047795
932055046 932055214
932055635 932055650
932055879 932056199
932056326 932056548
932057275 932057290
932060575 932060696
932061122 932061359
932061862 932061877
932074125 932074278
932076007 932076508
932076571 932076714
932076892 932077278
932077960 932078308
932078434 932078600
932079269 932079284
932079675 932079804
932080225 932080240
932090733 932090882
932091216 932091428
932092110 932092125
932092355 932092516
932092557 932092749
932093610 932093625
932112644 932112821
932112864 932113054
932113180 932113259
932113687 932113702
932122392 932122728
932123165 932123180
932130134 932130208
932130637 932130652
932133109 932133362
932133496 932133767
932134206 932134221
932134761 932134969
932135104 932136340
932136457 932136566
932137008 932137023
932138080 932138155
932138918 932138933
932139153 932139230
932139287 932139659
932139702 932139987
932140778 932140793
932142077 932142911
932142915 932143133
932143493 932143580
932144215 932144230
932146269 932146396
932146440 932146701
932146743 932147181
932147625 932147640
932149642 932151106
932151223 932151640
932152070 932152159
932152720 932152735
932152773 932152878
932153254 932153486
932153997 932154115
932154364 932154460
932154584 932154697
932155207 932155222
932156956 932158097
932160270 932160285
932161243 932161557
932161680 932161795
932161837 932162024
932162533 932162548
932164038 932164363
932166596 932166611
932169291 932170380
932170876 932170891
932178146 932178270
932183507 932183670
932183790 932183914
932184560 932184575
932191429 932191543
932191737 932191808
932192240 932192255
932202872 932202954
932203440 932203455
932204053 932204187
932204688 932204703
932214921 932215029
932217314 932217455
932217592 932217694
932219980 932220076
932220121 932220369
932221083 932221214
932224289 932237507
932237514 932237531
932237535 932237553
932237569 932237596
932237600 932237609
932237610 932237623
932237633 932238305
932238314 932238329
932238335 932238369
932238379 932238390
932238394 932238428
932238429 932238445
932238446 932238465
932238466 932238478
932238479 932238492
932238493 932238511
932238512 932238529
932238532 932238563
932238564 932238583
932238584 932238600
932238602 932238613
932238614 932238653
932238666 932238682
932238683 932238701
932238715 932238777
932238778 932238810
932238811 932238894
932238899 932238918
932238924 932238972
932238984 932239018
932239019 932239069
932239079 932239094
932239095 932239111
932239118 932239127
932239138 932239161
932239175 932239185
932239186 932239216
932239217 932239226
932239244 932239266
932239267 932239294
932239297 932239312
932239316 932239339
932239340 932239349
932239356 932239393
932239394 932239444
932239445 932239464
932239465 932239494
932239495 932239519
932239520 932239561
932239568 932239579
932239588 932239606
932239625 932239636
932239637 932239653
932239654 932239675
932239678 932239691
932239693 932239744
932239745 932239940
932239983 932240093
932240340 932240676
932241806 932241891
932241977 932242348
932243413 932244127
932246446 932246752
932246796 932247042
932248267 932248549
932248589 932248703
932248900 932248998
932249045 932249152
932249726 932249820
932249965 932250162
932251300 932251318
932251540 932251814
932251856 932252079
932252330 932252695
932254115 932258334
932259380 932259407
932262575 932263141
932263927 932264050
932264439 932264691
932264882 932265186
932265343 932265506
932265997 932266012
932267419 932267535
932268124 932268139
932269467 932269579
932270015 932270030
932284947 932285071
932285253 932285393
932285817 932285832
932286059 932286249
932286397 932286644
932287075 932287090
932289844 932290137
932290567 932290582
932308115 932309339
932309471 932309587
932310041 932310056
932310221 932310412
932310843 932310858
932312136 932313313
932313352 932314017
932314463 932315312
932315970 932315985
932317056 932317328
932317386 932317501
932317927 932317942
932318265 932318367
932318794 932318809
932319261 932319610
932320033 932320048
932320643 932320769
932320814 932321030
932321071 932321220
932321340 932321497
932321903 932321918
932322235 932322682
932323403 932323418
932324407 932324628
932325055 932325070
932325203 932325557
932325844 932325965
932327256 932327367
932327400 932327944
932328062 932328447
932329018 932330145
932330760 932331054
932331064 932331508
932331715 932331916
932333238 932333281
932337707 932337867
932339293 932339419
932341816 932341991
932342908 932342923
932344461 932344552
932344982 932344997
932345958 932346706
932347205 932347220
932356986 932357170
932357608 932357623
932361822 932361877
932362305 932362320
932365825 932365941
932365982 932366069
932367182 932367197
932369207 932369573
932370006 932370021
932373144 932373290
932373574 932373762
932374053 932374263
932374517 932374697
932374942 932375051
932375081 932375206
932375247 932375344
932375441 932375601
932375645 932376266
932376340 932376456
932376670 932376779
932377147 932377235
932377934 932377949
932382670 932384530
932384993 932385070
932385588 932385603
932385814 932386005
932386852 932386867
932387075 932387507
932388143 932388158
932389215 932389572
932390516 932390531
932396184 932396467
932396510 932396874
932397287 932397422
932397465 932398035
932398920 932398935
932399537 932399637
932399776 932400192
932400627 932400642
932400708 932401124
932401552 932402162
932402295 932402718
932402757 932402917
932403087 932403384
932403775 932403866
932404346 932404537
932404948 932405132
932405255 932405387
932405428 932405946
932406352 932406841
932407031 932407149
932408329 932408344
932411323 932411752
932412160 932414591
932415103 932415118
932415233 932415404
932415543 932416100
932416123 932416274
932416709 932416724
932418511 932418645
932419076 932419091
932419968 932420100
932420531 932420546
932421518 932421633
932422056 932422071
932422650 932422836
932423257 932423272
932423363 932423703
932423744 932424355
932424410 932424650
932425073 932425088
932428689 932428911
932429047 932429572
932430000 932430015
932435804 932436908
932436938 932437160
932437183 932438409
932438958 932439346
932440089 932440794
932441243 932441258
932463684 932464429
932464874 932464889
932466948 932467067
932467256 932467861
932468300 932468315
932469569 932469642
932470074 932470089
932486969 932487081
932487122 932487214
932487519 932487839
932487962 932488061
932488596 932488611
932488880 932489166
932489429 932489553
932489595 932489903
932490162 932490256
932490321 932490384
932490414 932490544
932490664 932490922
932490962 932491205
932491654 932491669
932494808 932494931
932495362 932495377
932496499 932496761
932496939 932497198
932497386 932497474
932497915 932497930
932504662 932504813
932504960 932505058
932505490 932505505
932522260 932522641
932522784 932523027
932523469 932523484
932525215 932525313
932525748 932525763
932529575 932529805
932530341 932530356
932537327 932537440
932539756 932539771
932547500 932547670
932548105 932548120
932549809 932549983
932550414 932550429
932559582 932559689
932560124 932560139
932560379 932560538
932560963 932560978
932566386 932566485
932566523 932566698
932567125 932567140
932568104 932568422
932568850 932568865
932569531 932569701
932570826 932570932
932571064 932571135
932572319 932572528
932575696 932582686
932583550 932583726
932583853 932584071
932584558 932584679
932584721 932584840
932585231 932585475
932586061 932586076
932592890 932593303
932593746 932593761
932601608 932602100
932602132 932602231
932602688 932602703
932611875 932612036
932612472 932612487
932612721 932613069
932613208 932613548
932613671 932614360
932615498 932615513
932623834 932623963
932624050 932624185
932624310 932624895
932625628 932625643
932625906 932626109
932626531 932626546
932627245 932627380
932627802 932627817
932635493 932635583
932635732 932636153
932636277 932636485
932637054 932637069
932641748 932641950
932642385 932642400
932643166 932643458
932643589 932643896
932644020 932644205
932644658 932644673
932646039 932646498
932646937 932646952
932658488 932658595
932658791 932659100
932659556 932659571
932660651 932661559
932662076 932662091
932664842 932665040
932665096 932665197
932665240 932665600
932666324 932666339
932673359 932673450
932673492 932674074
932674196 932674262
932674707 932674722
932680034 932680473
932680593 932680948
932681702 932681717
932709364 932709474
932710267 932710282
932713702 932714142
932714273 932714376
932714420 932715361
932715401 932715802
932716272 932716287
932726391 932726483
932726527 932727065
932727586 932727601
932730295 932731096
932731587 932731602
932731880 932731970
932732014 932732430
932732870 932732885
932734183 932734300
932734492 932734712
932735235 932735250
932738394 932738889
932738919 932738970
932739003 932739070
932739662 932739677
932742694 932743033
932743993 932744008
932744160 932744248
932744709 932744724
932745414 932745643
932745686 932745819
932745859 932745917
932746339 932746354
932746493 932746629
932747065 932747080
932749302 932750041
932750643 932750658
932751089 932751480
932751605 932751823
932751865 932752430
932752685 932753087
932753518 932753686
932755391 932755406
932759054 932759228
932759259 932759528
932759558 932759729
932760574 932760589
932761457 932761607
932761618 932761700
932761846 932761937
932762062 932762143
932762585 932762600
932771732 932771804
932771854 932772112
932772442 932772534
932772768 932772943
932772987 932779041
932779470 932779632
932779673 932779881
932779956 932780105
932780191 932780292
932780567 932780814
932780962 932781412
932782529 932782544
932784430 932784630
932785070 932785421
932785569 932785743
932786248 932786263
932799643 932799909
932800490 932800505
932800584 932801568
932801985 932802000
932807958 932808106
932808545 932808560
932808865 932809101
932809529 932809544
932828428 932828606
932829030 932829045
932829409 932841912
932841951 932844262
932844457 932844614
932844622 932845292
932845322 932845455
932845485 932845650
932845852 932846523
932846526 932846843
932847071 932847136
932847167 932847324
932847350 932847475
932847490 932848525
932848662 932848860
932848977 932849054
932849355 932849459
932849630 932850884
932850888 932850924
932850978 932851530
932851653 932852820
932852877 932853029
932853519 932853805
932853850 932854403
932855232 932855476
932855517 932860587
932860630 932860930
932861484 932861628
932861669 932861960
932862936 932863218
932863222 932863560
932863561 932863647
932864212 932864227
932867057 932877717
932877848 932878307
932878482 932878619
932878692 932878779
932879413 932879428
932879766 932879883
932880090 932880194
932880996 932881252
932882708 932882888
932883263 932883678
932884107 932884306
932884854 932884946
932885067 932885168
932885658 932885770
932885889 932886116
932886838 932887118
932887313 932887591
932889121 932889218
932889526 932889816
932890001 932900070
932900736 932900803
932902152 932902480
932904909 932905021
932905062 932905229
932905592 932906152
932906754 932906847
932907110 932908419
932909236 932909251
932911613 932911726
932911824 932912012
932912300 932912792
932913108 932913212
932913604 932913816
932914899 932914971
932914975 932928555
932928588 932929382
932929532 932929670
932931437 932931452
932933262 932933735
932934514 932934529
932936554 932936732
932937108 932937385
932937425 932937539
932938194 932938209
932953984 932954078
932954496 932954511
932955118 932955347
932955387 932955634
932955696 932955775
932955913 932956276
932956846 932956861
932957776 932957923
932958325 932958340
932959421 932959656
932960085 932960100
932964622 932964770
932965398 932965413
932968819 932968924
932969354 932969369
932978305 932978473
932978906 932978921
932989935 932990067
932990501 932990516
932996073 932996236
932996279 932996372
932996781 932996796
932997803 932997896
932998032 932998162
932998594 932998609
932999790 932999877
932999914 933000404
933001251 933001266
933002230 933002386
933008131 933008723
933009009 933009347
933009963 933009978
933012400 933012630
933012668 933012920
933012949 933013520
933013692 933013886
933014325 933014340
933014918 933015022
933015484 933015499
933018580 933018819
933018844 933018886
933019014 933019139
933019275 933019517
933019560 933019709
933019752 933019894
933020329 933020495
933021483 933021498
933022389 933022501
933022542 933022919
933023042 933023123
933023162 933023233
933023274 933023631
933023751 933023832
933024272 933024287
933024309 933024483
933024620 933024818
933024861 933025622
933025661 933025804
933026398 933026742
933026867 933026991
933027427 933027563
933027704 933029264
933030091 933030106
933031286 933032299
933032733 933032748
933033851 933033995
933034405 933035071
933035185 933035420
933035849 933035864
933036804 933036943
933037567 933037991
933038110 933038342
933039227 933039364
933039406 933045200
933045320 933046091
933046750 933046964
933047428 933047443
933050723 933051068
933051200 933051262
933051302 933052463
933052898 933052913
933053148 933053795
933054220 933054235
933054820 933055093
933055522 933055537
933067884 933067984
933068388 933068403
933069105 933069287
933069506 933069712
933069811 933070227
933070318 933070509
933070635 933072289
933072994 933073009
933073931 933074033
933074219 933074335
933074841 933074856
933077727 933078043
933078530 933078545
933085732 933086123
933086157 933086230
933086387 933086601
933087084 933087307
933088731 933088746
933090515 933090618
933091038 933091053
933093206 933093408
933093446 933093530
933093918 933094102
933094747 933094762
933096075 933096176
933096215 933096331
933096734 933096749
933098106 933098243
933098674 933098689
933098915 933099022
933099451 933099466
933099553 933099726
933099766 933099853
933099893 933099996
933100373 933100457
933100498 933100642
933100764 933101187
933101957 933101972
933102700 933103162
933103203 933103306
933103428 933103658
933104087 933104102
933109819 933109918
933109957 933110194
933110624 933110639
933113629 933114058
933114483 933114498
933115584 933115702
933116103 933116118
933116720 933117110
933117542 933117557
933119331 933119449
933119489 933119642
933119766 933119927
933119968 933120175
933120216 933120338
933120380 933121556
933122126 933122141
933123188 933123468
933123738 933123853
933124286 933124301
933124671 933124707
933132510 933132923
933133315 933133330
933134661 933134772
933134905 933135050
933135473 933135488
933135926 933136073
933136207 933136278
933136315 933136493
933136605 933136741
933137166 933137181
933138323 933138423
933138611 933138764
933139193 933139208
933139444 933139538
933139929 933139944
933147038 933147451
933147577 933147668
933148099 933148114
933150119 933150216
933150256 933150581
933150610 933150822
933150944 933151130
933151565 933151580
933152730 933153178
933153582 933153597
933155178 933155366
933155695 933155942
933156046 933156156
933156275 933156331
933156668 933156767
933156875 933158042
933159224 933159356
933159482 933159595
933160045 933164240
933165113 933165138
933165186 933165316
933165454 933165585
933165703 933165799
933166335 933166356
933167939 933168200
933168243 933168701
933169147 933169179
933169674 933169833
933169974 933170183
933170588 933170960
933171093 933171203
933171325 933171426
933172602 933172798
933172922 933173280
933174151 933174377
933174498 933174567
933175254 933175269
933178143 933179276
933179316 933179486
933179993 933180008
933228561 933228858
933228902 933229060
933229113 933229208
933229941 933229956
933236134 933236314
933236351 933236574
933236762 933236885
933237747 933237762
933250710 933251404
933251546 933251735
933252204 933252219
933264830 933265285
933265323 933265696
933266157 933267034
933267158 933267711
933267792 933267862
933267988 933268044
933268647 933268662
933276373 933276466
933276660 933276926
933277369 933277384
933289789 933290902
933291335 933291350
933308445 933308863
933309052 933309118
933309379 933309515
933309707 933309836
933309958 933310026
933310123 933310187
933310314 933310622
933310743 933311016
933311463 933311627
933311886 933311973
933312180 933312558
933312752 933313223
933313312 933313399
933313415 933313981
933314007 933314251
933314267 933314328
933315494 933315509
933346893 933347098
933348050 933349411
933349556 933349751
933349981 933350120
933350338 933351382
933352086 933352101
933352969 933353274
933353679 933353694
933357393 933364332
933364477 933364881
933364909 933365000
933365127 933365885
933366011 933366324
933366423 933366541
933366664 933366961
933367069 933367374
933367455 933368209
933368845 933368860
933373006 933373126
933373550 933373565
933376261 933376561
933376753 933377163
933377245 933377448
933378130 933378145
933380643 933380766
933380954 933381237
933381277 933385697
933386568 933386583
933392159 933392361
933392798 933392813
933405760 933405944
933406227 933406585
933407098 933407270
933407726 933407741
933408012 933408182
933408587 933408602
933419878 933420430
933420678 933420981
933421103 933421219
933421908 933421923
933422073 933422210
933422242 933422349
933422813 933422828
933423260 933423772
933424201 933424216
933428534 933428773
933428974 933429099
933429141 933429223
933429777 933429792
933430427 933430731
933431268 933431283
933434487 933435121
933435790 933436228
933436522 933436836
933437423 933438422
933438543 933439082
933439498 933439836
933439840 933457598
933457609 933457660
933457747 933458049
933458235 933458505
933458636 933458889
933459550 933459565
933460157 933460439
933461529 933461544
933461724 933463259
933463781 933463796
933467476 933467884
933468325 933468340
933477630 933479492
933479966 933479981
933487724 933488369
933488808 933488823
933499045 933502355
933503078 933503093
933509168 933511568
933512027 933512042
933530696 933530986
933532360 933532375
933543259 933543809
933544016 933544381
933544834 933544849
933547405 933548123
933548161 933550858
933551148 933551313
933551585 933552402
933553162 933553177
933558999 933559227
933559362 933559434
933559867 933559882
933578535 933580808
933580818 933581131
933581940 933581955
933614147 933617777
933618722 933618899
933619353 933619368
933619476 933621716
933622153 933622168
933623060 933625323
933625761 933625776
933631466 933631627
933631672 933646087
933646595 933646689
933648240 933648255
933651312 933651487
933651529 933651746
933652250 933652359
933652935 933652950
933656483 933656995
933657002 933657321
933657348 933657383
933657841 933657856
933661159 933661333
933661786 933661801
933662217 933662313
933662356 933662541
933662592 933662762
933663510 933663525
933664002 933664122
933665360 933669907
933669987 933670131
933670137 933670199
933670205 933670326
933670333 933670844
933670850 933671029
933671039 933673491
933673517 933673994
933674002 933675731
933675983 933676062
933676625 933676640
933677497 933678098
933678532 933678547
933681980 933682122
933682396 933682623
933683061 933683076
933683282 933683385
933683424 933683820
933684270 933684285
933684521 933684629
933684673 933684818
933684858 933684957
933685390 933685405
933695252 933695742
933696309 933696324
933697983 933698374
933698605 933699221
933699226 933699356
933699361 933699491
933700081 933700096
933707055 933707146
933707187 933707376
933707806 933707821
933713236 933713440
933713620 933713763
933713795 933714141
933714582 933714597
933715874 933716420
933717338 933717353
933724174 933724919
933724968 933725088
933725538 933725553
933732975 933733313
933733527 933733700
933734136 933734151
933735942 933737168
933737623 933737638
933753281 933753410
933753858 933753873
933759203 933759758
933759778 933759791
933759798 933759813
933760116 933760131
933761028 933761044
933761680 933762099
933762835 933762850
933796646 933796762
933797399 933797414
933810495 933810695
933811120 933811135
933811590 933811733
933811918 933812220
933812658 933812673
933812910 933813050
933813737 933813752
933815597 933815769
933816199 933816214
933820191 933820710
933820712 933820929
933820968 933821601
933822040 933822055
933827231 933827746
933828693 933828708
933851228 933852703
933852709 933853109
933853110 933853372
933853459 933853575
933853627 933853752
933854083 933854924
933854945 933855664
933855865 933856168
933856361 933856489
933857052 933857067
933857331 933857458
933857642 933858201
933858509 933858639
933858790 933858861
933859676 933859691
933876856 933876970
933877011 933877276
933877398 933879103
933879660 933879675
933882499 933882785
933883202 933883217
933895690 933896151
933896587 933896602
933907018 933908167
933908612 933908627
933913203 933917431
933919007 933919022
933934316 933934686
933934972 933935956
933936487 933936502
933937661 933937819
933937860 933937971
933938131 933938478
933938911 933938926
933939751 933940112
933940240 933940307
933940743 933940758
933941001 933941114
933941549 933941564
933948468 933948660
933949126 933949236
933949367 933949723
933950419 933950434
933960011 933960285
933960306 933960863
933961153 933961457
933961495 933962506
933962509 933962727
933962755 933963346
933963369 933963594
933963672 933963749
933963918 933964004
933964623 933964638
933970391 933978178
933978832 933978884
933978912 933979195
933980909 933981183
933981381 933981473
933982367 933982382
933989353 933989388
933996682 933996879
933997288 933997303
934001553 934001960
934002534 934002549
934003208 934003346
934003541 934003617
934004062 934004077
934013569 934013742
934014370 934014385
934030014 934030080
934030137 934030192
934030244 934030674
934030714 934031043
934031089 934031277
934031703 934031916
934032353 934032368
934034439 934034969
934035461 934035476
934041876 934042659
934042928 934043443
934043975 934044054
934044057 934044101
934044409 934045022
934045445 934054923
934055072 934058702
934058746 934059657
934060300 934061169
934061598 934061613
934061851 934062457
934063321 934063801
934063925 934064310
934065007 934065022
934066607 934066873
934066915 934067138
934067257 934069925
934070504 934070519
934081008 934081290
934081724 934081739
934090918 934091061
934091777 934091792
934092272 934092448
934092890 934092905
934099511 934099773
934100205 934100220
934100465 934100558
934100718 934101481
934102096 934102111
934122958 934123065
934123989 934124199
934124740 934125065
934125793 934125808
934153224 934154000
934155871 934156308
934156644 934156932
934158044 934158059
934159103 934159310
934159352 934159532
934159651 934159909
934159948 934160027
934160317 934160622
934161142 934161157
934191983 934192287
934192329 934192486
934192513 934192622
934193281 934193296
934207119 934207389
934207428 934207684
934207807 934207935
934208004 934208364
934208405 934209054
934210896 934210911
934224243 934224391
934224430 934224575
934225104 934225202
934225827 934226243
934229581 934229724
934230301 934230316
934245370 934245483
934245525 934245787
934245828 934246115
934246156 934246598
934246641 934246977
934247070 934247339
934247384 934247462
934248152 934248167
934250627 934250950
934251424 934251564
934251602 934251867
934252357 934252372
934254348 934254438
934254917 934254932
934255577 934255912
934255952 934256079
934256601 934256686
934257182 934257197
934261881 934262750
934262768 934262873
934262902 934263254
934263586 934263755
934263796 934264056
934264098 934264199
934264253 934264388
934265152 934265167
934268324 934268590
934268721 934268889
934269007 934269494
934269521 934271343
934271386 934271703
934272353 934272368
934276169 934276270
934276312 934276950
934277502 934277517
934291747 934292380
934292409 934292840
934292870 934293051
934293766 934293781
934299165 934299363
934299405 934299647
934299768 934299937
934299979 934300644
934301523 934301538
934307703 934308403
934308434 934308685
934309212 934309227
934312049 934312180
934312352 934313853
934314440 934314455
934314503 934314714
934315439 934315454
934319970 934320522
934320563 934320835
934321306 934321321
934337077 934338007
934338341 934340066
934340185 934340468
934341220 934341235
934350084 934350231
934351198 934351213
934378192 934378320
934378921 934378936
934409195 934409301
934409937 934409952
934410243 934410357
934410388 934410774
934411369 934411384
934444651 934446706
934446896 934449514
934450435 934450450
934451588 934451980
934452113 934452663
934452860 934454063
934454101 934454267
934454384 934454656
934455566 934455581
934503537 934503925
934504689 934504704
934516067 934516192
934516675 934516690
934516964 934517057
934517536 934517551
934531255 934532207
934532694 934532709
934533186 934533276
934533797 934533812
934539852 934540463
934541319 934541491
934541971 934541986
934555486 934555656
934555699 934555975
934556522 934556537
934561524 934561819
934562238 934562253
934563032 934563130
934563599 934563614
934564407 934564763
934564800 934565047
934565545 934565560
934567613 934567843
934567879 934568128
934568265 934569114
934569159 934569465
934569927 934569942
934575034 934575975
934576015 934576268
934576308 934576440
934576482 934576674
934577679 934577786
934578924 934578939
934588333 934588802
934588844 934589055
934589792 934589807
934590426 934590547
934590563 934590780
934591265 934591280
934594307 934594645
934594785 934594839
934594884 934594989
934595168 934595350
934595438 934595628
934595755 934595854
934596356 934596371
934596613 934596720
934596918 934597036
934597082 934597367
934597405 934598162
934598206 934598277
934598317 934598722
934598764 934599119
934599164 934599531
934599578 934599628
934599882 934600073
934600217 934600404
934601279 934602009
934602701 934602716
934607108 934607577
934608057 934608072
934623778 934624901
934625427 934625442
934638521 934638783
934638823 934639035
934639138 934639282
934639327 934640088
934640855 934640870
934645672 934646187
934647877 934648123
934648369 934648511
934648552 934648870
934648913 934649609
934649613 934649886
934649986 934651048
934651089 934651638
934651671 934657486
934657495 934659438
934661043 934661251
934661289 934661957
934662081 934662286
934662327 934662810
934662931 934663115
934663157 934663241
934665962 934666070
934666076 934666121
934666855 934666908
934666914 934666983
934668430 934668483
934668505 934668555
934668558 934668599
934669715 934672781
934676315 934676330
934681619 934681712
934681757 934681910
934682529 934682544
934687180 934687537
934687577 934687939
934688385 934688400
934725965 934727216
934727762 934727836
934728593 934728608
934731072 934731172
934731695 934731792
934732472 934732676
934732818 934732928
934732977 934733094
934733138 934733267
934734426 934734441
934740259 934740360
934740412 934740523
934741488 934741935
934742690 934743086
934743119 934744543
934744662 934745060
934745109 934745784
934746001 934747437
934748147 934748162
934759641 934760127
934761160 934761175
934766853 934767049
934767627 934767733
934767779 934768151
934768284 934768408
934769189 934769204
934785880 934786078
934786751 934786766
934792804 934792981
934793026 934793127
934794695 934796824
934797362 934797377
934807288 934807930
934807991 934808094
934808136 934808205
934808678 934808693
934815005 934815159
934815971 934815986
934821997 934822391
934823462 934823625
934823658 934823813
934823830 934823856
934824304 934824319
934835240 934835354
934835495 934835693
934835726 934836330
934836784 934836799
934869522 934869713
934869768 934869965
934870108 934870358
934882498 934882513
934887906 934887921
934889426 934889441
934889729 934889744
934890909 934890924
934892595 934893023
934893064 934893132
934893254 934894803
934895257 934895272
934904740 934910510
934910522 934912390
934912400 934914899
934915288 934915510
934915618 934915819
934916801 934917454
934917510 934917737
934918470 934918540
934918955 934919048
934919145 934919354
934919453 934919565
934919927 934920033
934920208 934920281
934920391 934920530
934920714 934920881
934920928 934921314
934921427 934923880
934923967 934924020
934924055 934925091
934925333 934925391
934925508 934926313
934926560 934927028
934927375 934927653
934927758 934928357
934928439 934928964
934929804 934929993
934930699 934930976
934931064 934931894
934931986 934932048
934932075 934932116
934932258 934932628
934933035 934933093
934933302 934934244
934934474 934934688
934935336 934936950
934937640 934937655
934938102 934938409
934938515 934938647
934938677 934938956
934939787 934939802
934941245 934941340
934941391 934942040
934942378 934942706
934942758 934943273
934943324 934943935
934944519 934944534
934945591 934945923
934946084 934946554
934946607 934946918
934946975 934947397
934947928 934947943
934955310 934955864
934955915 934956126
934956705 934956720
934977757 935039294
935039395 935053419
935055246 935055261
935057399 935112819
935112866 935113178
935113213 935113320
935113352 935113446
935113599 935113724
935113773 935113943
935114769 935114816
935115796 935116168
935116294 935116497
935117524 935117757
935118013 935120382
935123827 935123842
935125243 935125567
935125572 935125671
935125737 935126861
935127415 935127430
935140812 935140847
935156436 935157421
935157997 935158012
935168396 935168577
935169995 935170010
935177354 935177740
935177779 935177916
935178536 935178551
935187033 935187456
935187887 935187902
935188879 935188991
935189030 935189175
935191732 935191747
935194608 935194811
935195331 935195346
935214364 935214563
935215227 935215242
935221308 935222009
935222448 935222463
935227051 935227401
935227879 935227894
935238442 935238714
935239137 935239152
935240641 935240752
935241185 935241200
935244461 935244565
935244614 935244993
935245229 935245322
935245735 935245750
935250152 935250680
935250802 935250879
935251614 935253250
935253281 935253605
935253784 935254471
935254624 935255079
935255097 935255286
935255320 935258065
935258136 935258360
935258386 935258518
935258549 935259547
935260344 935260508
935260536 935260630
935261327 935262102
935262178 935262580
935264260 935264275
935265079 935265721
935265753 935265822
935266292 935266307
935267428 935267555
935267739 935268023
935268452 935268467
935269718 935269808
935269855 935269994
935269995 935270081
935270204 935271022
935271222 935271310
935271341 935271486
935271604 935272115
935272565 935272580
935289433 935289527
935290401 935290416
935293204 935293328
935293781 935294010
935294670 935294685
935296428 935296607
935297028 935297043
935325144 935325485
935326007 935326124
935326146 935326481
935326955 935326970
935329644 935329906
935330921 935330936
935342482 935342765
935343438 935343453
935347096 935347335
935347472 935348145
935348187 935348289
935348331 935348659
935348689 935348850
935349539 935349554
935355094 935355330
935355563 935355700
935355729 935355965
935356472 935356487
935363425 935363515
935364240 935364255
935413821 935413992
935414178 935414954
935415250 935415647
935416209 935416224
935419799 935421229
935421675 935421690
935424285 935424546
935424586 935424733
935424855 935425102
935425749 935425764
935427426 935427702
935427732 935427856
935427884 935427987
935428016 935428286
935428328 935429110
935429138 935429643
935429763 935429873
935430322 935430337
935430764 935430899
935431041 935431271
935431304 935431478
935431910 935431925
935440013 935440291
935440331 935440486
935440526 935440701
935440922 935440985
935441428 935441443
935444003 935444212
935444652 935445316
935445346 935445564
935445982 935448310
935448355 935451128
935451158 935451232
935452210 935452225
935460320 935461385
935463219 935463234
935491262 935492823
935493757 935493772
935497404 935497801
935497946 935498083
935498245 935498337
935498406 935498756
935498808 935498922
935499064 935499165
935499627 935499642
935500940 935501331
935501379 935501545
935501984 935501999
935517438 935544456
935545760 935545775
935546945 935547090
935547640 935547655
935547713 935547919
935547964 935548063
935548563 935548578
935548891 935551787
935551972 935552180
935552943 935552958
935558815 935558907
935559342 935559357
935561718 935561855
935561898 935562094
935562924 935562939
935570677 935570750
935570755 935570830
935570900 935570966
935571606 935571621
935573327 935573440
935573964 935573979
935575891 935576470
935576796 935576896
935577026 935577185
935577672 935577687
935586466 935586666
935587335 935587652
935588516 935588531
935596791 935596983
935597461 935597476
935601033 935601345
935601671 935601910
935602073 935602153
935602539 935602809
935603657 935603672
935608696 935608876
935609551 935609566
935652884 935653012
935653204 935653703
935654532 935654547
935679818 935680307
935680460 935680850
935681271 935681415
935681714 935685042
935685855 935685870
935686602 935687940
935688452 935688467
935692907 935693484
935693917 935693932
935700101 935700614
935700619 935701550
935702024 935702039
935714632 935714844
935717807 935717822
935723710 935723803
935724222 935724237
935732835 935733023
935733066 935733257
935733690 935733705
935746172 935746442
935747039 935747054
935747259 935747363
935747548 935748398
935749164 935749179
935749730 935749975
935750605 935750620
935761374 935762325
935764372 935764777
935767379 935767490
935767841 935767899
935767930 935768018
935770393 935798415
